INFO: hari: Starting controller: python.exe -u hari.py
[-0.0, -0.0, 0.0, 0.0, -0.0, 0.0] 52.953
[-0.0, 0.051, -0.051, 0.0, -0.0, 0.0] 60.174
[-0.0, 0.102, -0.102, 0.0, -0.0, -0.0] 78.123
[-0.0, 0.154, -0.154, 0.0, -0.0, 0.0] 62.719
[-0.0, 0.205, -0.205, 0.0, -0.0, -0.0] 76.805
[-0.0, 0.256, -0.256, 0.0, -0.0, -0.0] 62.523
[-0.0, 0.307, -0.307, 0.0, -0.0, -0.0] 61.54
[-0.0, 0.358, -0.358, 0.0, -0.0, -0.0] 61.982
[-0.0, 0.41, -0.409, 0.0, -0.0, -0.0] 53.841
[-0.0, 0.456, -0.461, 0.0, 0.0, -0.0] 64.349
[-0.0, 0.48, -0.512, -0.0, 0.0, -0.0] 62.367
[-0.0, 0.491, -0.563, -0.0, 0.0, -0.0] 61.624
[-0.0, 0.496, -0.614, -0.0, 0.0, -0.0] 85.317
[-0.0, 0.498, -0.665, -0.0, 0.0, -0.0] 60.915
[-0.0, 0.499, -0.717, -0.0, 0.0, 0.0] 61.668
[-0.0, 0.5, -0.768, -0.0, 0.0, 0.0] 61.932
[-0.0, 0.5, -0.819, -0.0, 0.0, 0.0] 94.037
[-0.0, 0.5, -0.87, -0.0, 0.0, 0.0] 62.008
[-0.0, 0.5, -0.921, -0.0, 0.0, 0.0] 61.961
[-0.0, 0.5, -0.973, -0.0, 0.0, 0.0] 64.12
[-0.0, 0.5, -1.024, -0.0, 0.0, 0.0] 62.468
[-0.0, 0.5, -1.075, -0.0, 0.0, 0.0] 76.809
[-0.0, 0.5, -1.126, -0.0, 0.0, 0.0] 62.814
[-0.0, 0.5, -1.177, -0.0, 0.0, 0.0] 61.921
[-0.0, 0.5, -1.216, -0.0, 0.0, 0.0] 62.966
[-0.0, 0.5, -1.234, -0.0, 0.0, 0.0] 93.399
[-0.0, 0.5, -1.243, -0.0, 0.0, 0.0] 61.992
[-0.0, 0.449, -1.192, -0.0, 0.0, 0.0] 60.84
[-0.0, 0.398, -1.14, 0.0, 0.0, 0.0] 63.862
[-0.0, 0.346, -1.089, -0.0, 0.0, -0.0] 62.823
[-0.0, 0.295, -1.038, 0.0, 0.0, -0.0] 77.151
[-0.0, 0.244, -0.987, -0.0, 0.0, 0.0] 62.269
[-0.0, 0.193, -0.936, -0.0, 0.0, -0.0] 64.168
[-0.0, 0.142, -0.885, -0.0, 0.0, 0.0] 61.644
[0.0, 0.09, -0.833, -0.0, 0.0, -0.0] 69.584
[-0.0, 0.044, -0.782, -0.0, -0.0, -0.0] 71.863
[-0.0, 0.02, -0.731, -0.0, -0.0, -0.0] 60.474
[-0.0, 0.009, -0.68, -0.0, -0.0, -0.0] 62.17
[-0.0, 0.004, -0.629, -0.0, -0.0, -0.0] 63.779
[-0.0, 0.002, -0.577, -0.0, -0.0, -0.0] 77.131
[-0.0, 0.001, -0.526, -0.0, -0.0, -0.0] 60.861
[-0.0, 0.0, -0.475, -0.0, -0.0, -0.0] 68.336
[-0.0, 0.0, -0.424, -0.0, -0.0, -0.0] 56.573
[-0.0, 0.0, -0.373, -0.0, -0.0, -0.0] 77.741
[-0.0, 0.0, -0.321, -0.0, -0.0, -0.0] 62.642
[-0.0, 0.0, -0.27, -0.0, -0.0, -0.0] 62.86
[-0.0, 0.0, -0.219, -0.0, -0.0, -0.0] 62.261
[-0.0, 0.0, -0.168, -0.0, -0.0, -0.0] 79.357
[-0.0, 0.0, -0.117, -0.0, -0.0, -0.0] 76.251
[-0.0, 0.0, -0.065, -0.0, -0.0, -0.0] 64.178
[-0.0, -0.0, -0.03, -0.0, -0.0, -0.0] 62.211
[-0.0, -0.0, -0.014, -0.0, -0.0, -0.0] 62.89
[-0.0, -0.0, -0.006, -0.0, -0.0, -0.0] 77.223
[-0.051, -0.051, -0.045, -0.029, -0.051, 0.002] 60.906
[-0.102, -0.102, -0.063, -0.042, -0.102, 0.002] 62.173
[-0.154, -0.154, -0.072, -0.049, -0.154, 0.003] 62.55
[-0.205, -0.205, -0.076, -0.052, -0.205, 0.003] 77.247
[-0.256, -0.256, -0.077, -0.053, -0.256, 0.003] 61.804
[-0.307, -0.307, -0.078, -0.053, -0.307, 0.003] 61.957
[-0.358, -0.358, -0.079, -0.054, -0.358, 0.003] 63.309
[-0.41, -0.41, -0.079, -0.054, -0.409, 0.003] 76.555
[-0.461, -0.461, -0.079, -0.054, -0.461, 0.003] 62.272
[-0.512, -0.512, -0.079, -0.054, -0.512, 0.003] 63.201
[-0.563, -0.555, -0.079, -0.054, -0.563, 0.003] 61.701
[-0.614, -0.575, -0.079, -0.054, -0.614, 0.003] 78.279
[-0.666, -0.584, -0.079, -0.054, -0.665, 0.003] 61.4
[-0.717, -0.588, -0.079, -0.054, -0.71, 0.003] 62.473
[-0.768, -0.59, -0.079, -0.054, -0.731, 0.003] 93.682
[-0.819, -0.591, -0.079, -0.054, -0.741, 0.003] 62.136
[-0.87, -0.592, -0.079, -0.054, -0.746, 0.003] 61.699
[-0.922, -0.592, -0.079, -0.054, -0.748, 0.003] 62.358
[-0.973, -0.592, -0.079, -0.054, -0.749, 0.003] 64.165
[-1.024, -0.592, -0.079, -0.054, -0.75, 0.003] 60.844
[-1.075, -0.592, -0.079, -0.054, -0.75, 0.003] 78.369
[-1.126, -0.592, -0.079, -0.054, -0.75, 0.003] 63.347
[-1.178, -0.592, -0.079, -0.054, -0.75, 0.003] 60.291
[-1.218, -0.592, -0.079, -0.054, -0.75, 0.003] 50.533
[-1.237, -0.592, -0.079, -0.054, -0.75, 0.003] 90.244
[-1.246, -0.592, -0.079, -0.054, -0.75, 0.003] 62.196
[-1.194, -0.592, -0.028, -0.105, -0.801, 0.003] 61.952
[-1.143, -0.592, 0.023, -0.156, -0.852, 0.003] 61.85
[-1.092, -0.592, 0.075, -0.208, -0.903, 0.003] 77.248
[-1.041, -0.592, 0.126, -0.259, -0.955, 0.003] 62.277
[-0.99, -0.592, 0.177, -0.31, -1.006, 0.003] 62.734
[-0.938, -0.592, 0.228, -0.361, -1.057, 0.003] 62.826
[-0.887, -0.592, 0.279, -0.412, -1.108, 0.003] 75.746
[-0.836, -0.592, 0.331, -0.463, -1.159, 0.003] 62.262
[-0.785, -0.592, 0.382, -0.515, -1.211, 0.003] 62.305
[-0.734, -0.592, 0.433, -0.566, -1.262, 0.003] 62.702
[-0.682, -0.592, 0.484, -0.617, -1.313, 0.003] 78.024
[-0.631, -0.592, 0.535, -0.668, -1.364, 0.003] 78.277
[-0.58, -0.592, 0.587, -0.719, -1.415, 0.003] 63.09
[-0.529, -0.592, 0.632, -0.771, -1.46, 0.003] 64.071
[-0.478, -0.592, 0.654, -0.822, -1.481, 0.003] 60.08
[-0.426, -0.592, 0.664, -0.873, -1.491, 0.003] 62.689
[-0.375, -0.592, 0.669, -0.924, -1.495, 0.003] 95.082
[-0.324, -0.592, 0.671, -0.975, -1.497, 0.003] 61.291
[-0.273, -0.592, 0.672, -1.026, -1.498, 0.003] 63.55
[-0.222, -0.592, 0.673, -1.078, -1.499, 0.003] 61.037
[-0.17, -0.592, 0.673, -1.129, -1.499, 0.003] 81.751
[-0.119, -0.592, 0.673, -1.18, -1.499, 0.003] 61.361
[-0.068, -0.592, 0.673, -1.231, -1.499, 0.003] 61.24
[-0.017, -0.592, 0.673, -1.282, -1.499, 0.003] 63.07
[0.034, -0.592, 0.673, -1.334, -1.499, 0.003] 75.84
[0.068, -0.592, 0.673, -1.369, -1.499, 0.003] 60.922
[0.083, -0.592, 0.673, -1.386, -1.499, 0.003] 62.957
[0.09, -0.592, 0.673, -1.393, -1.499, 0.003] 61.88
[0.039, -0.545, 0.622, -1.445, -1.448, 0.001] 78.312
[-0.012, -0.521, 0.571, -1.496, -1.397, 0.001] 76.004
[-0.064, -0.51, 0.533, -1.53, -1.345, 0.0] 62.854
[-0.115, -0.504, 0.515, -1.546, -1.294, 0.0] 61.263
[-0.166, -0.502, 0.507, -1.554, -1.243, 0.0] 62.73
[-0.217, -0.501, 0.503, -1.557, -1.192, 0.0] 79.767
[-0.268, -0.5, 0.501, -1.559, -1.141, 0.0] 62.012
[-0.32, -0.5, 0.501, -1.559, -1.089, 0.0] 61.921
[-0.371, -0.5, 0.5, -1.56, -1.038, 0.0] 60.823
[-0.422, -0.5, 0.5, -1.56, -0.987, 0.0] 76.558
[-0.473, -0.5, 0.5, -1.56, -0.936, 0.0] 63.058
[-0.524, -0.5, 0.5, -1.56, -0.885, 0.0] 61.995
[-0.576, -0.5, 0.5, -1.56, -0.833, -0.0] 62.719
[-0.627, -0.5, 0.5, -1.56, -0.782, -0.0] 75.885
[-0.678, -0.5, 0.5, -1.56, -0.731, 0.0] 62.343
[-0.729, -0.5, 0.5, -1.56, -0.68, -0.0] 62.552
[-0.78, -0.5, 0.5, -1.56, -0.629, -0.0] 79.112
[-0.832, -0.5, 0.5, -1.56, -0.577, -0.0] 76.866
[-0.868, -0.5, 0.5, -1.56, -0.526, 0.0] 48.135
[-0.885, -0.5, 0.5, -1.56, -0.475, 0.0] 76.987
[-0.893, -0.5, 0.5, -1.56, -0.424, 0.0] 76.86
[-0.897, -0.5, 0.5, -1.56, -0.373, -0.0] 61.11
[-0.899, -0.5, 0.5, -1.56, -0.321, 0.0] 61.036
[-0.899, -0.5, 0.5, -1.56, -0.27, 0.0] 61.495
[-0.9, -0.5, 0.5, -1.56, -0.219, 0.0] 77.544
[-0.9, -0.5, 0.5, -1.56, -0.168, 0.0] 61.845
[-0.9, -0.5, 0.5, -1.56, -0.117, 0.0] 62.041
[-0.9, -0.5, 0.5, -1.56, -0.065, -0.0] 60.689
[-0.9, -0.5, 0.5, -1.56, -0.03, -0.0] 79.743
[-0.9, -0.5, 0.5, -1.56, -0.014, -0.0] 62.446
[-0.9, -0.5, 0.5, -1.56, -0.006, -0.0] 61.263
[-0.849, -0.449, 0.449, -1.509, -0.005, 0.002] 61.964
[-0.798, -0.398, 0.398, -1.458, -0.004, 0.002] 77.938
[-0.746, -0.346, 0.346, -1.406, -0.003, 0.003] 62.703
[-0.695, -0.295, 0.295, -1.355, -0.003, 0.003] 60.255
[-0.644, -0.244, 0.244, -1.304, -0.003, 0.003] 62.853
[-0.593, -0.193, 0.193, -1.253, -0.003, 0.003] 75.157
[-0.542, -0.142, 0.142, -1.202, -0.003, 0.003] 91.551
[-0.49, -0.09, 0.091, -1.151, -0.003, 0.003] 60.586
[-0.439, -0.039, 0.039, -1.099, -0.003, 0.003] 61.795
[-0.388, 0.012, -0.012, -1.048, -0.003, 0.003] 60.469
[-0.337, 0.063, -0.063, -0.997, -0.003, 0.003] 63.563
[-0.286, 0.114, -0.114, -0.946, -0.003, 0.003] 77.317
[-0.234, 0.166, -0.165, -0.895, -0.003, 0.003] 61.193
[-0.183, 0.217, -0.217, -0.843, -0.003, 0.003] 59.473
[-0.132, 0.268, -0.268, -0.792, -0.003, 0.003] 63.96
[-0.081, 0.319, -0.319, -0.741, -0.003, 0.003] 76.963
[-0.038, 0.37, -0.37, -0.69, -0.003, 0.003] 63.007
[-0.017, 0.422, -0.421, -0.639, -0.003, 0.003] 59.957
[-0.008, 0.464, -0.472, -0.587, -0.003, 0.003] 62.14
[-0.004, 0.483, -0.524, -0.536, -0.003, 0.003] 76.958
[-0.002, 0.492, -0.575, -0.485, -0.003, 0.003] 63.112
[-0.001, 0.496, -0.626, -0.434, -0.003, 0.003] 62.202
[-0.0, 0.498, -0.677, -0.383, -0.003, 0.003] 62.673
[-0.0, 0.499, -0.728, -0.331, -0.003, 0.003] 77.993
[-0.0, 0.5, -0.78, -0.28, -0.003, 0.003] 63.054
[-0.0, 0.5, -0.831, -0.229, -0.003, 0.003] 61.973
[-0.0, 0.5, -0.882, -0.178, -0.003, 0.003] 62.895
[-0.0, 0.5, -0.933, -0.127, -0.003, 0.003] 76.17
[-0.0, 0.5, -0.984, -0.075, -0.003, 0.003] 62.882
[-0.0, 0.5, -1.036, -0.035, -0.003, 0.003] 61.995
[-0.0, 0.5, -1.087, -0.016, -0.003, 0.003] 62.209
[-0.0, 0.5, -1.138, -0.007, -0.003, 0.003] 78.832
[-0.0, 0.5, -1.189, -0.003, -0.003, 0.003] 61.377
[-0.0, 0.5, -1.222, -0.002, -0.003, 0.003] 61.631
[-0.0, 0.5, -1.237, -0.001, -0.003, 0.003] 78.411
[-0.0, 0.5, -1.244, -0.0, -0.003, 0.003] 61.587
[-0.0, 0.5, -1.247, -0.0, -0.001, 0.001] 62.313
[-0.0, 0.5, -1.249, -0.0, -0.001, 0.001] 77.403
[-0.0, 0.449, -1.198, 0.0, -0.0, 0.0] 59.715
[-0.0, 0.398, -1.146, 0.0, -0.0, 0.0] 63.427
[-0.0, 0.346, -1.095, 0.0, -0.0, 0.0] 61.811
[-0.0, 0.295, -1.044, 0.0, -0.0, 0.0] 63.744
[-0.0, 0.244, -0.993, 0.0, -0.0, 0.0] 61.857
[-0.0, 0.193, -0.942, 0.0, -0.0, 0.0] 62.744
[0.0, 0.142, -0.89, 0.0, -0.0, 0.0] 78.633
[-0.0, 0.09, -0.839, 0.0, -0.0, 0.0] 60.351
[0.0, 0.044, -0.788, -0.0, -0.0, 0.0] 63.511
[-0.0, 0.02, -0.737, -0.0, -0.0, 0.0] 74.755
[-0.0, 0.009, -0.686, 0.0, -0.0, -0.0] 62.759
[-0.0, 0.004, -0.635, -0.0, -0.0, -0.0] 61.159
[-0.0, 0.002, -0.583, -0.0, -0.0, 0.0] 61.091
[-0.0, 0.001, -0.532, -0.0, -0.0, 0.0] 78.732
[-0.0, 0.0, -0.481, -0.0, -0.0, -0.0] 62.696
[-0.0, 0.0, -0.43, -0.0, -0.0, -0.0] 61.041
[-0.0, 0.0, -0.379, -0.0, -0.0, 0.0] 64.902
[-0.0, 0.0, -0.327, -0.0, -0.0, 0.0] 75.685
[-0.0, 0.0, -0.276, -0.0, -0.0, -0.0] 77.117
[-0.0, 0.0, -0.225, -0.0, -0.0, 0.0] 61.38
[-0.0, 0.0, -0.174, -0.0, -0.0, 0.0] 62.814
[-0.0, 0.0, -0.123, -0.0, -0.0, 0.0] 62.826
[-0.0, 0.0, -0.071, -0.0, -0.0, 0.0] 76.721
[-0.0, -0.0, -0.033, -0.0, -0.0, 0.0] 62.928
[-0.0, -0.0, -0.015, -0.0, -0.0, 0.0] 61.124
[-0.0, -0.0, -0.007, -0.0, -0.0, 0.0] 62.106
[-0.051, -0.051, -0.046, -0.029, -0.051, 0.002] 78.086
[-0.102, -0.102, -0.064, -0.042, -0.102, 0.002] 61.585
[-0.154, -0.154, -0.072, -0.049, -0.154, 0.003] 62.395
[-0.205, -0.205, -0.076, -0.052, -0.205, 0.003] 63.189
[-0.256, -0.256, -0.077, -0.053, -0.256, 0.003] 76.76
[-0.307, -0.307, -0.078, -0.053, -0.307, 0.003] 63.02
[-0.358, -0.358, -0.079, -0.054, -0.358, 0.003] 77.087
[-0.41, -0.41, -0.079, -0.054, -0.409, 0.003] 76.989
[-0.461, -0.461, -0.079, -0.054, -0.461, 0.003] 63.557
[-0.512, -0.512, -0.079, -0.054, -0.512, 0.003] 51.145
[-0.563, -0.555, -0.079, -0.054, -0.563, 0.003] 57.821
[-0.614, -0.575, -0.079, -0.054, -0.614, 0.003] 79.04
[-0.666, -0.584, -0.079, -0.054, -0.665, 0.003] 77.255
[-0.717, -0.588, -0.079, -0.054, -0.71, 0.003] 61.24
[-0.768, -0.59, -0.079, -0.054, -0.731, 0.003] 62.081
[-0.819, -0.591, -0.079, -0.054, -0.741, 0.003] 60.564
[-0.87, -0.592, -0.079, -0.054, -0.746, 0.003] 60.797
[-0.922, -0.592, -0.079, -0.054, -0.748, 0.003] 61.273
[-0.973, -0.592, -0.079, -0.054, -0.749, 0.003] 62.794
[-1.024, -0.592, -0.079, -0.054, -0.75, 0.003] 77.574
[-1.075, -0.592, -0.079, -0.054, -0.75, 0.003] 62.521
[-1.126, -0.592, -0.079, -0.054, -0.75, 0.003] 60.927
[-1.178, -0.592, -0.079, -0.054, -0.75, 0.003] 62.157
[-1.218, -0.592, -0.079, -0.054, -0.75, 0.003] 78.316
[-1.237, -0.592, -0.079, -0.054, -0.75, 0.003] 62.829
[-1.246, -0.592, -0.079, -0.054, -0.75, 0.003] 62.389
[-1.194, -0.592, -0.028, -0.105, -0.801, 0.003] 62.469
[-1.143, -0.592, 0.023, -0.156, -0.852, 0.003] 77.888
[-1.092, -0.592, 0.075, -0.208, -0.903, 0.003] 63.011
[-1.041, -0.592, 0.126, -0.259, -0.955, 0.003] 62.562
[-0.99, -0.592, 0.177, -0.31, -1.006, 0.003] 60.417
[-0.938, -0.592, 0.228, -0.361, -1.057, 0.003] 62.514
[-0.887, -0.592, 0.279, -0.412, -1.108, 0.003] 91.967
[-0.836, -0.592, 0.331, -0.463, -1.159, 0.003] 62.951
[-0.785, -0.592, 0.382, -0.515, -1.211, 0.003] 61.541
[-0.734, -0.592, 0.433, -0.566, -1.262, 0.003] 62.084
[-0.682, -0.592, 0.484, -0.617, -1.313, 0.003] 90.195
[-0.631, -0.592, 0.535, -0.668, -1.364, 0.003] 62.108
[-0.58, -0.592, 0.587, -0.719, -1.415, 0.003] 61.398
[-0.529, -0.592, 0.632, -0.771, -1.46, 0.003] 61.609
[-0.478, -0.592, 0.654, -0.822, -1.481, 0.003] 76.699
[-0.426, -0.592, 0.664, -0.873, -1.491, 0.003] 62.983
[-0.375, -0.592, 0.669, -0.924, -1.495, 0.003] 61.067
[-0.324, -0.592, 0.671, -0.975, -1.497, 0.003] 61.934
[-0.273, -0.592, 0.672, -1.026, -1.498, 0.003] 61.369
[-0.222, -0.592, 0.673, -1.078, -1.499, 0.003] 92.879
[-0.17, -0.592, 0.673, -1.129, -1.499, 0.003] 63.322
[-0.119, -0.592, 0.673, -1.18, -1.499, 0.003] 60.319
[-0.068, -0.592, 0.673, -1.231, -1.499, 0.003] 61.528
[-0.017, -0.592, 0.673, -1.282, -1.499, 0.003] 76.097
[0.034, -0.592, 0.673, -1.334, -1.499, 0.003] 62.828
[0.068, -0.592, 0.673, -1.369, -1.499, 0.003] 61.72
[0.083, -0.592, 0.673, -1.386, -1.499, 0.003] 61.287
[0.09, -0.592, 0.673, -1.393, -1.499, 0.003] 90.887
[0.039, -0.545, 0.622, -1.445, -1.448, 0.001] 61.553
[-0.012, -0.521, 0.571, -1.496, -1.397, 0.001] 61.567
[-0.064, -0.51, 0.533, -1.53, -1.345, 0.0] 65.167
[-0.115, -0.504, 0.515, -1.546, -1.294, 0.0] 61.368
[-0.166, -0.502, 0.507, -1.554, -1.243, 0.0] 90.488
[-0.217, -0.501, 0.503, -1.557, -1.192, 0.0] 61.64
[-0.268, -0.5, 0.501, -1.559, -1.141, 0.0] 61.561
[-0.32, -0.5, 0.501, -1.559, -1.089, 0.0] 62.286
[-0.371, -0.5, 0.5, -1.56, -1.038, 0.0] 76.018
[-0.422, -0.5, 0.5, -1.56, -0.987, 0.0] 63.117
[-0.473, -0.5, 0.5, -1.56, -0.936, 0.0] 61.928
[-0.524, -0.5, 0.5, -1.56, -0.885, 0.0] 61.238
[-0.576, -0.5, 0.5, -1.56, -0.833, -0.0] 76.841
[-0.627, -0.5, 0.5, -1.56, -0.782, -0.0] 61.775
[-0.678, -0.5, 0.5, -1.56, -0.731, 0.0] 61.808
[-0.729, -0.5, 0.5, -1.56, -0.68, -0.0] 62.843
[-0.78, -0.5, 0.5, -1.56, -0.629, -0.0] 61.687
[-0.832, -0.5, 0.5, -1.56, -0.577, -0.0] 92.813
[-0.868, -0.5, 0.5, -1.56, -0.526, 0.0] 63.537
[-0.885, -0.5, 0.5, -1.56, -0.475, 0.0] 75.35
[-0.893, -0.5, 0.5, -1.56, -0.424, 0.0] 48.169
[-0.897, -0.5, 0.5, -1.56, -0.373, -0.0] 76.293
[-0.899, -0.5, 0.5, -1.56, -0.321, 0.0] 62.946
[-0.899, -0.5, 0.5, -1.56, -0.27, 0.0] 59.969
[-0.9, -0.5, 0.5, -1.56, -0.219, 0.0] 78.904
[-0.9, -0.5, 0.5, -1.56, -0.168, 0.0] 62.552
[-0.9, -0.5, 0.5, -1.56, -0.117, 0.0] 63.233
[-0.9, -0.5, 0.5, -1.56, -0.065, -0.0] 60.44
[-0.9, -0.5, 0.5, -1.56, -0.03, -0.0] 62.127
[-0.9, -0.5, 0.5, -1.56, -0.014, -0.0] 92.145
[-0.9, -0.5, 0.5, -1.56, -0.006, -0.0] 61.768
[-0.849, -0.449, 0.449, -1.509, -0.005, 0.002] 60.576
[-0.798, -0.398, 0.398, -1.458, -0.004, 0.002] 63.231
[-0.746, -0.346, 0.346, -1.406, -0.003, 0.003] 75.896
[-0.695, -0.295, 0.295, -1.355, -0.003, 0.003] 61.027
[-0.644, -0.244, 0.244, -1.304, -0.003, 0.003] 61.904
[-0.593, -0.193, 0.193, -1.253, -0.003, 0.003] 63.839
[-0.542, -0.142, 0.142, -1.202, -0.003, 0.003] 75.213
[-0.49, -0.09, 0.091, -1.151, -0.003, 0.003] 62.912
[-0.439, -0.039, 0.039, -1.099, -0.003, 0.003] 63.116
[-0.388, 0.012, -0.012, -1.048, -0.003, 0.003] 62.08
[-0.337, 0.063, -0.063, -0.997, -0.003, 0.003] 78.99
[-0.286, 0.114, -0.114, -0.946, -0.003, 0.003] 60.767
[-0.234, 0.166, -0.165, -0.895, -0.003, 0.003] 62.462
[-0.183, 0.217, -0.217, -0.843, -0.003, 0.003] 63.989
[-0.132, 0.268, -0.268, -0.792, -0.003, 0.003] 77.572
[-0.081, 0.319, -0.319, -0.741, -0.003, 0.003] 75.313
[-0.038, 0.37, -0.37, -0.69, -0.003, 0.003] 64.032
[-0.017, 0.422, -0.421, -0.639, -0.003, 0.003] 74.686
[-0.008, 0.464, -0.472, -0.587, -0.003, 0.003] 60.386
[-0.004, 0.483, -0.524, -0.536, -0.003, 0.003] 62.041
[-0.002, 0.492, -0.575, -0.485, -0.003, 0.003] 62.683
[-0.001, 0.496, -0.626, -0.434, -0.003, 0.003] 61.644
[-0.0, 0.498, -0.677, -0.383, -0.003, 0.003] 61.535
[-0.0, 0.499, -0.728, -0.331, -0.003, 0.003] 78.748
[-0.0, 0.5, -0.78, -0.28, -0.003, 0.003] 76.985
[-0.0, 0.5, -0.831, -0.229, -0.003, 0.003] 62.958
[-0.0, 0.5, -0.882, -0.178, -0.003, 0.003] 62.509
[-0.0, 0.5, -0.933, -0.127, -0.003, 0.003] 60.455
[-0.0, 0.5, -0.984, -0.075, -0.003, 0.003] 61.756
[-0.0, 0.5, -1.036, -0.035, -0.003, 0.003] 93.435
[-0.0, 0.5, -1.087, -0.016, -0.003, 0.003] 64.071
[-0.0, 0.5, -1.138, -0.007, -0.003, 0.003] 62.268
[-0.0, 0.5, -1.189, -0.003, -0.003, 0.003] 62.465
[-0.0, 0.5, -1.222, -0.002, -0.003, 0.003] 77.042
[-0.0, 0.5, -1.237, -0.001, -0.003, 0.003] 63.114
[-0.0, 0.5, -1.244, -0.0, -0.003, 0.003] 63.042
[-0.0, 0.5, -1.247, -0.0, -0.001, 0.001] 61.06
[-0.0, 0.5, -1.249, -0.0, -0.001, 0.001] 76.135
[-0.0, 0.449, -1.198, 0.0, -0.0, 0.0] 60.113
[-0.0, 0.398, -1.146, 0.0, -0.0, 0.0] 62.311
[-0.0, 0.346, -1.095, 0.0, -0.0, 0.0] 63.427
[-0.0, 0.295, -1.044, 0.0, -0.0, 0.0] 77.029
[-0.0, 0.244, -0.993, 0.0, -0.0, 0.0] 62.117
[-0.0, 0.193, -0.942, 0.0, -0.0, 0.0] 76.663
[0.0, 0.142, -0.89, 0.0, -0.0, 0.0] 77.116
[-0.0, 0.09, -0.839, 0.0, -0.0, 0.0] 48.298
[0.0, 0.044, -0.788, -0.0, -0.0, 0.0] 62.492
[-0.0, 0.02, -0.737, -0.0, -0.0, 0.0] 62.226
[-0.0, 0.009, -0.686, 0.0, -0.0, -0.0] 77.007
[-0.0, 0.004, -0.635, -0.0, -0.0, -0.0] 62.86
[-0.0, 0.002, -0.583, -0.0, -0.0, 0.0] 62.459
[-0.0, 0.001, -0.532, -0.0, -0.0, 0.0] 77.789
[-0.0, 0.0, -0.481, -0.0, -0.0, -0.0] 61.728
[-0.0, 0.0, -0.43, -0.0, -0.0, -0.0] 62.063
[-0.0, 0.0, -0.379, -0.0, -0.0, 0.0] 62.142
[-0.0, 0.0, -0.327, -0.0, -0.0, 0.0] 60.982
[-0.0, 0.0, -0.276, -0.0, -0.0, -0.0] 62.19
[-0.0, 0.0, -0.225, -0.0, -0.0, 0.0] 75.753
[-0.0, 0.0, -0.174, -0.0, -0.0, 0.0] 62.561
[-0.0, 0.0, -0.123, -0.0, -0.0, 0.0] 63.396
[-0.0, 0.0, -0.071, -0.0, -0.0, 0.0] 62.251
[-0.0, -0.0, -0.033, -0.0, -0.0, 0.0] 77.935
[-0.0, -0.0, -0.015, -0.0, -0.0, 0.0] 61.192
[-0.0, -0.0, -0.007, -0.0, -0.0, 0.0] 62.197
[-0.051, -0.051, -0.046, -0.029, -0.051, 0.002] 62.456
[-0.102, -0.102, -0.064, -0.042, -0.102, 0.002] 79.233
[-0.154, -0.154, -0.072, -0.049, -0.154, 0.003] 61.802
[-0.205, -0.205, -0.076, -0.052, -0.205, 0.003] 62.541
[-0.256, -0.256, -0.077, -0.053, -0.256, 0.003] 61.237
[-0.307, -0.307, -0.078, -0.053, -0.307, 0.003] 76.571
[-0.358, -0.358, -0.079, -0.054, -0.358, 0.003] 61.899
[-0.41, -0.41, -0.079, -0.054, -0.409, 0.003] 61.867
[-0.461, -0.461, -0.079, -0.054, -0.461, 0.003] 62.289
[-0.512, -0.512, -0.079, -0.054, -0.512, 0.003] 74.718
[-0.563, -0.555, -0.079, -0.054, -0.563, 0.003] 62.1
[-0.614, -0.575, -0.079, -0.054, -0.614, 0.003] 75.888
[-0.666, -0.584, -0.079, -0.054, -0.665, 0.003] 63.536
[-0.717, -0.588, -0.079, -0.054, -0.71, 0.003] 61.831
[-0.768, -0.59, -0.079, -0.054, -0.731, 0.003] 64.752
[-0.819, -0.591, -0.079, -0.054, -0.741, 0.003] 62.025
[-0.87, -0.592, -0.079, -0.054, -0.746, 0.003] 62.039
[-0.922, -0.592, -0.079, -0.054, -0.748, 0.003] 91.728
[-0.973, -0.592, -0.079, -0.054, -0.749, 0.003] 62.997
[-1.024, -0.592, -0.079, -0.054, -0.75, 0.003] 62.073
[-1.075, -0.592, -0.079, -0.054, -0.75, 0.003] 62.527
[-1.126, -0.592, -0.079, -0.054, -0.75, 0.003] 78.491
[-1.178, -0.592, -0.079, -0.054, -0.75, 0.003] 60.987
[-1.218, -0.592, -0.079, -0.054, -0.75, 0.003] 62.625
[-1.237, -0.592, -0.079, -0.054, -0.75, 0.003] 61.25
[-1.246, -0.592, -0.079, -0.054, -0.75, 0.003] 60.18
[-1.194, -0.592, -0.028, -0.105, -0.801, 0.003] 92.673
[-1.143, -0.592, 0.023, -0.156, -0.852, 0.003] 60.331
[-1.092, -0.592, 0.075, -0.208, -0.903, 0.003] 59.987
[-1.041, -0.592, 0.126, -0.259, -0.955, 0.003] 62.029
[-0.99, -0.592, 0.177, -0.31, -1.006, 0.003] 77.889
[-0.938, -0.592, 0.228, -0.361, -1.057, 0.003] 61.092
[-0.887, -0.592, 0.279, -0.412, -1.108, 0.003] 63.451
[-0.836, -0.592, 0.331, -0.463, -1.159, 0.003] 60.549
[-0.785, -0.592, 0.382, -0.515, -1.211, 0.003] 79.153
[-0.734, -0.592, 0.433, -0.566, -1.262, 0.003] 60.71
[-0.682, -0.592, 0.484, -0.617, -1.313, 0.003] 76.41
[-0.631, -0.592, 0.535, -0.668, -1.364, 0.003] 61.777
[-0.58, -0.592, 0.587, -0.719, -1.415, 0.003] 60.864
[-0.529, -0.592, 0.632, -0.771, -1.46, 0.003] 61.497
[-0.478, -0.592, 0.654, -0.822, -1.481, 0.003] 59.398
[-0.426, -0.592, 0.664, -0.873, -1.491, 0.003] 61.541
[-0.375, -0.592, 0.669, -0.924, -1.495, 0.003] 62.662
[-0.324, -0.592, 0.671, -0.975, -1.497, 0.003] 79.584
[-0.273, -0.592, 0.672, -1.026, -1.498, 0.003] 76.234
[-0.222, -0.592, 0.673, -1.078, -1.499, 0.003] 62.172
[-0.17, -0.592, 0.673, -1.129, -1.499, 0.003] 62.005
[-0.119, -0.592, 0.673, -1.18, -1.499, 0.003] 63.346
[-0.068, -0.592, 0.673, -1.231, -1.499, 0.003] 78.208
[-0.017, -0.592, 0.673, -1.282, -1.499, 0.003] 60.846
[0.034, -0.592, 0.673, -1.334, -1.499, 0.003] 61.592
[0.068, -0.592, 0.673, -1.369, -1.499, 0.003] 63.07
[0.083, -0.592, 0.673, -1.386, -1.499, 0.003] 78.076
[0.09, -0.592, 0.673, -1.393, -1.499, 0.003] 63.707
[0.039, -0.545, 0.622, -1.445, -1.448, 0.001] 60.22
[-0.012, -0.521, 0.571, -1.496, -1.397, 0.001] 62.438
[-0.064, -0.51, 0.533, -1.53, -1.345, 0.0] 77.665
[-0.115, -0.504, 0.515, -1.546, -1.294, 0.0] 60.735
[-0.166, -0.502, 0.507, -1.554, -1.243, 0.0] 62.975
[-0.217, -0.501, 0.503, -1.557, -1.192, 0.0] 62.346
[-0.268, -0.5, 0.501, -1.559, -1.141, 0.0] 78.802
[-0.32, -0.5, 0.501, -1.559, -1.089, 0.0] 60.862
[-0.371, -0.5, 0.5, -1.56, -1.038, 0.0] 63.001
[-0.422, -0.5, 0.5, -1.56, -0.987, 0.0] 61.992
[-0.473, -0.5, 0.5, -1.56, -0.936, 0.0] 92.508
[-0.524, -0.5, 0.5, -1.56, -0.885, 0.0] 61.818
[-0.576, -0.5, 0.5, -1.56, -0.833, -0.0] 77.951
[-0.627, -0.5, 0.5, -1.56, -0.782, -0.0] 47.068
[-0.678, -0.5, 0.5, -1.56, -0.731, 0.0] 77.9
[-0.729, -0.5, 0.5, -1.56, -0.68, -0.0] 61.601
[-0.78, -0.5, 0.5, -1.56, -0.629, -0.0] 60.737
[-0.832, -0.5, 0.5, -1.56, -0.577, -0.0] 62.314
[-0.868, -0.5, 0.5, -1.56, -0.526, 0.0] 61.037
[-0.885, -0.5, 0.5, -1.56, -0.475, 0.0] 76.182
[-0.893, -0.5, 0.5, -1.56, -0.424, 0.0] 61.258
[-0.897, -0.5, 0.5, -1.56, -0.373, -0.0] 64.676
[-0.899, -0.5, 0.5, -1.56, -0.321, 0.0] 62.762
[-0.899, -0.5, 0.5, -1.56, -0.27, 0.0] 61.831
[-0.9, -0.5, 0.5, -1.56, -0.219, 0.0] 92.662
[-0.9, -0.5, 0.5, -1.56, -0.168, 0.0] 61.258
[-0.9, -0.5, 0.5, -1.56, -0.117, 0.0] 60.976
[-0.9, -0.5, 0.5, -1.56, -0.065, -0.0] 63.767
[-0.9, -0.5, 0.5, -1.56, -0.03, -0.0] 76.297
[-0.9, -0.5, 0.5, -1.56, -0.014, -0.0] 60.616
[-0.9, -0.5, 0.5, -1.56, -0.006, -0.0] 62.096
[-0.849, -0.449, 0.449, -1.509, -0.005, 0.002] 60.964
[-0.798, -0.398, 0.398, -1.458, -0.004, 0.002] 76.867
[-0.746, -0.346, 0.346, -1.406, -0.003, 0.003] 77.289
[-0.695, -0.295, 0.295, -1.355, -0.003, 0.003] 60.865
[-0.644, -0.244, 0.244, -1.304, -0.003, 0.003] 61.668
[-0.593, -0.193, 0.193, -1.253, -0.003, 0.003] 61.276
[-0.542, -0.142, 0.142, -1.202, -0.003, 0.003] 61.813
[-0.49, -0.09, 0.091, -1.151, -0.003, 0.003] 77.286
[-0.439, -0.039, 0.039, -1.099, -0.003, 0.003] 61.844
[-0.388, 0.012, -0.012, -1.048, -0.003, 0.003] 62.092
[-0.337, 0.063, -0.063, -0.997, -0.003, 0.003] 62.69
[-0.286, 0.114, -0.114, -0.946, -0.003, 0.003] 76.669
[-0.234, 0.166, -0.165, -0.895, -0.003, 0.003] 61.123
[-0.183, 0.217, -0.217, -0.843, -0.003, 0.003] 61.434
[-0.132, 0.268, -0.268, -0.792, -0.003, 0.003] 63.938
[-0.081, 0.319, -0.319, -0.741, -0.003, 0.003] 78.576
[-0.038, 0.37, -0.37, -0.69, -0.003, 0.003] 77.818
[-0.017, 0.422, -0.421, -0.639, -0.003, 0.003] 61.857
[-0.008, 0.464, -0.472, -0.587, -0.003, 0.003] 61.701
[-0.004, 0.483, -0.524, -0.536, -0.003, 0.003] 63.421
[-0.002, 0.492, -0.575, -0.485, -0.003, 0.003] 61.54
[-0.001, 0.496, -0.626, -0.434, -0.003, 0.003] 91.036
[-0.0, 0.498, -0.677, -0.383, -0.003, 0.003] 63.651
[-0.0, 0.499, -0.728, -0.331, -0.003, 0.003] 60.648
[-0.0, 0.5, -0.78, -0.28, -0.003, 0.003] 60.615
[-0.0, 0.5, -0.831, -0.229, -0.003, 0.003] 92.683
[-0.0, 0.5, -0.882, -0.178, -0.003, 0.003] 60.261
[-0.0, 0.5, -0.933, -0.127, -0.003, 0.003] 62.149
[-0.0, 0.5, -0.984, -0.075, -0.003, 0.003] 60.394
[-0.0, 0.5, -1.036, -0.035, -0.003, 0.003] 78.252
[-0.0, 0.5, -1.087, -0.016, -0.003, 0.003] 61.872
[-0.0, 0.5, -1.138, -0.007, -0.003, 0.003] 60.449
[-0.0, 0.5, -1.189, -0.003, -0.003, 0.003] 63.2
[-0.0, 0.5, -1.222, -0.002, -0.003, 0.003] 63.056
[-0.0, 0.5, -1.237, -0.001, -0.003, 0.003] 93.024
[-0.0, 0.5, -1.244, -0.0, -0.003, 0.003] 62.019
[-0.0, 0.5, -1.247, -0.0, -0.001, 0.001] 63.892
[-0.0, 0.5, -1.249, -0.0, -0.001, 0.001] 61.368
[-0.0, 0.449, -1.198, 0.0, -0.0, 0.0] 75.985
[-0.0, 0.398, -1.146, 0.0, -0.0, 0.0] 62.469
[-0.0, 0.346, -1.095, 0.0, -0.0, 0.0] 61.698
[-0.0, 0.295, -1.044, 0.0, -0.0, 0.0] 61.292
[-0.0, 0.244, -0.993, 0.0, -0.0, 0.0] 76.278
[-0.0, 0.193, -0.942, 0.0, -0.0, 0.0] 75.991
[0.0, 0.142, -0.89, 0.0, -0.0, 0.0] 61.232
[-0.0, 0.09, -0.839, 0.0, -0.0, 0.0] 77.902
[0.0, 0.044, -0.788, -0.0, -0.0, 0.0] 79.613
[-0.0, 0.02, -0.737, -0.0, -0.0, 0.0] 62.293
[-0.0, 0.009, -0.686, 0.0, -0.0, -0.0] 76.378
[-0.0, 0.004, -0.635, -0.0, -0.0, -0.0] 50.642
[-0.0, 0.002, -0.583, -0.0, -0.0, 0.0] 71.646
[-0.0, 0.001, -0.532, -0.0, -0.0, 0.0] 61.493
[-0.0, 0.0, -0.481, -0.0, -0.0, -0.0] 63.6
[-0.0, 0.0, -0.43, -0.0, -0.0, -0.0] 62.066
[-0.0, 0.0, -0.379, -0.0, -0.0, 0.0] 61.896
[-0.0, 0.0, -0.327, -0.0, -0.0, 0.0] 62.554
[-0.0, 0.0, -0.276, -0.0, -0.0, -0.0] 61.035
[-0.0, 0.0, -0.225, -0.0, -0.0, 0.0] 77.714
[-0.0, 0.0, -0.174, -0.0, -0.0, 0.0] 78.978
[-0.0, 0.0, -0.123, -0.0, -0.0, 0.0] 61.456
[-0.0, 0.0, -0.071, -0.0, -0.0, 0.0] 57.346
[-0.0, -0.0, -0.033, -0.0, -0.0, 0.0] 68.543
[-0.0, -0.0, -0.015, -0.0, -0.0, 0.0] 78.392
[-0.0, -0.0, -0.007, -0.0, -0.0, 0.0] 63.017
[-0.051, -0.051, -0.046, -0.029, -0.051, 0.002] 61.027
[-0.102, -0.102, -0.064, -0.042, -0.102, 0.002] 63.645
[-0.154, -0.154, -0.072, -0.049, -0.154, 0.003] 78.405
[-0.205, -0.205, -0.076, -0.052, -0.205, 0.003] 61.536
[-0.256, -0.256, -0.077, -0.053, -0.256, 0.003] 62.242
[-0.307, -0.307, -0.078, -0.053, -0.307, 0.003] 60.989
[-0.358, -0.358, -0.079, -0.054, -0.358, 0.003] 76.426
[-0.41, -0.41, -0.079, -0.054, -0.409, 0.003] 64.017
[-0.461, -0.461, -0.079, -0.054, -0.461, 0.003] 62.088
[-0.512, -0.512, -0.079, -0.054, -0.512, 0.003] 60.816
[-0.563, -0.555, -0.079, -0.054, -0.563, 0.003] 63.855
[-0.614, -0.575, -0.079, -0.054, -0.614, 0.003] 90.941
[-0.666, -0.584, -0.079, -0.054, -0.665, 0.003] 62.328
[-0.717, -0.588, -0.079, -0.054, -0.71, 0.003] 63.181
[-0.768, -0.59, -0.079, -0.054, -0.731, 0.003] 61.437
[-0.819, -0.591, -0.079, -0.054, -0.741, 0.003] 78.281
[-0.87, -0.592, -0.079, -0.054, -0.746, 0.003] 61.416
[-0.922, -0.592, -0.079, -0.054, -0.748, 0.003] 62.554
[-0.973, -0.592, -0.079, -0.054, -0.749, 0.003] 63.53
[-1.024, -0.592, -0.079, -0.054, -0.75, 0.003] 74.793
[-1.075, -0.592, -0.079, -0.054, -0.75, 0.003] 63.019
[-1.126, -0.592, -0.079, -0.054, -0.75, 0.003] 91.813
[-1.178, -0.592, -0.079, -0.054, -0.75, 0.003] 50.643
[-1.218, -0.592, -0.079, -0.054, -0.75, 0.003] 73.475
[-1.237, -0.592, -0.079, -0.054, -0.75, 0.003] 61.89
[-1.246, -0.592, -0.079, -0.054, -0.75, 0.003] 62.533
[-1.194, -0.592, -0.028, -0.105, -0.801, 0.003] 62.409
[-1.143, -0.592, 0.023, -0.156, -0.852, 0.003] 61.992
[-1.092, -0.592, 0.075, -0.208, -0.903, 0.003] 61.136
[-1.041, -0.592, 0.126, -0.259, -0.955, 0.003] 77.544
[-0.99, -0.592, 0.177, -0.31, -1.006, 0.003] 62.432
[-0.938, -0.592, 0.228, -0.361, -1.057, 0.003] 61.74
[-0.887, -0.592, 0.279, -0.412, -1.108, 0.003] 61.461
[-0.836, -0.592, 0.331, -0.463, -1.159, 0.003] 77.714
[-0.785, -0.592, 0.382, -0.515, -1.211, 0.003] 59.744
[-0.734, -0.592, 0.433, -0.566, -1.262, 0.003] 60.89
[-0.682, -0.592, 0.484, -0.617, -1.313, 0.003] 60.39
[-0.631, -0.592, 0.535, -0.668, -1.364, 0.003] 61.467
[-0.58, -0.592, 0.587, -0.719, -1.415, 0.003] 92.85
[-0.529, -0.592, 0.632, -0.771, -1.46, 0.003] 87.286
[-0.478, -0.592, 0.654, -0.822, -1.481, 0.003] 56.112
[-0.426, -0.592, 0.664, -0.873, -1.491, 0.003] 63.381
[-0.375, -0.592, 0.669, -0.924, -1.495, 0.003] 70.605
[-0.324, -0.592, 0.671, -0.975, -1.497, 0.003] 61.401
[-0.273, -0.592, 0.672, -1.026, -1.498, 0.003] 62.279
[-0.222, -0.592, 0.673, -1.078, -1.499, 0.003] 60.683
[-0.17, -0.592, 0.673, -1.129, -1.499, 0.003] 59.681
[-0.119, -0.592, 0.673, -1.18, -1.499, 0.003] 76.91
[-0.068, -0.592, 0.673, -1.231, -1.499, 0.003] 60.549
[-0.017, -0.592, 0.673, -1.282, -1.499, 0.003] 63.899
[0.034, -0.592, 0.673, -1.334, -1.499, 0.003] 63.422
[0.068, -0.592, 0.673, -1.369, -1.499, 0.003] 77.926
[0.083, -0.592, 0.673, -1.386, -1.499, 0.003] 62.256
[0.09, -0.592, 0.673, -1.393, -1.499, 0.003] 62.311
[0.039, -0.545, 0.622, -1.445, -1.448, 0.001] 60.958
[-0.012, -0.521, 0.571, -1.496, -1.397, 0.001] 76.674
[-0.064, -0.51, 0.533, -1.53, -1.345, 0.0] 62.095
[-0.115, -0.504, 0.515, -1.546, -1.294, 0.0] 77.239
[-0.166, -0.502, 0.507, -1.554, -1.243, 0.0] 61.372
[-0.217, -0.501, 0.503, -1.557, -1.192, 0.0] 63.552
[-0.268, -0.5, 0.501, -1.559, -1.141, 0.0] 61.959
[-0.32, -0.5, 0.501, -1.559, -1.089, 0.0] 62.104
[-0.371, -0.5, 0.5, -1.56, -1.038, 0.0] 60.771
[-0.422, -0.5, 0.5, -1.56, -0.987, 0.0] 77.146
[-0.473, -0.5, 0.5, -1.56, -0.936, 0.0] 62.564
[-0.524, -0.5, 0.5, -1.56, -0.885, 0.0] 60.729
[-0.576, -0.5, 0.5, -1.56, -0.833, -0.0] 62.535
[-0.627, -0.5, 0.5, -1.56, -0.782, -0.0] 77.895
[-0.678, -0.5, 0.5, -1.56, -0.731, 0.0] 62.188
[-0.729, -0.5, 0.5, -1.56, -0.68, -0.0] 61.328
[-0.78, -0.5, 0.5, -1.56, -0.629, -0.0] 61.554
[-0.832, -0.5, 0.5, -1.56, -0.577, -0.0] 63.195
[-0.868, -0.5, 0.5, -1.56, -0.526, 0.0] 78.094
[-0.885, -0.5, 0.5, -1.56, -0.475, 0.0] 61.755
[-0.893, -0.5, 0.5, -1.56, -0.424, 0.0] 60.336
[-0.897, -0.5, 0.5, -1.56, -0.373, -0.0] 77.912
[-0.899, -0.5, 0.5, -1.56, -0.321, 0.0] 61.478
[-0.899, -0.5, 0.5, -1.56, -0.27, 0.0] 62.438
[-0.9, -0.5, 0.5, -1.56, -0.219, 0.0] 62.075
[-0.9, -0.5, 0.5, -1.56, -0.168, 0.0] 77.046
[-0.9, -0.5, 0.5, -1.56, -0.117, 0.0] 62.614
[-0.9, -0.5, 0.5, -1.56, -0.065, -0.0] 61.671
[-0.9, -0.5, 0.5, -1.56, -0.03, -0.0] 63.435
[-0.9, -0.5, 0.5, -1.56, -0.014, -0.0] 75.588
[-0.9, -0.5, 0.5, -1.56, -0.006, -0.0] 77.808
[-0.849, -0.449, 0.449, -1.509, -0.005, 0.002] 78.483
[-0.798, -0.398, 0.398, -1.458, -0.004, 0.002] 62.112
[-0.746, -0.346, 0.346, -1.406, -0.003, 0.003] 60.886
[-0.695, -0.295, 0.295, -1.355, -0.003, 0.003] 63.014
[-0.644, -0.244, 0.244, -1.304, -0.003, 0.003] 61.474
[-0.593, -0.193, 0.193, -1.253, -0.003, 0.003] 77.521
[-0.542, -0.142, 0.142, -1.202, -0.003, 0.003] 60.077
[-0.49, -0.09, 0.091, -1.151, -0.003, 0.003] 62.465
[-0.439, -0.039, 0.039, -1.099, -0.003, 0.003] 61.313
[-0.388, 0.012, -0.012, -1.048, -0.003, 0.003] 77.589
[-0.337, 0.063, -0.063, -0.997, -0.003, 0.003] 62.881
[-0.286, 0.114, -0.114, -0.946, -0.003, 0.003] 61.678
[-0.234, 0.166, -0.165, -0.895, -0.003, 0.003] 63.009
[-0.183, 0.217, -0.217, -0.843, -0.003, 0.003] 75.212
[-0.132, 0.268, -0.268, -0.792, -0.003, 0.003] 62.989
[-0.081, 0.319, -0.319, -0.741, -0.003, 0.003] 62.921
[-0.038, 0.37, -0.37, -0.69, -0.003, 0.003] 61.868
[-0.017, 0.422, -0.421, -0.639, -0.003, 0.003] 76.099
[-0.008, 0.464, -0.472, -0.587, -0.003, 0.003] 62.694
[-0.004, 0.483, -0.524, -0.536, -0.003, 0.003] 61.107
[-0.002, 0.492, -0.575, -0.485, -0.003, 0.003] 63.098
[-0.001, 0.496, -0.626, -0.434, -0.003, 0.003] 61.31
[-0.0, 0.498, -0.677, -0.383, -0.003, 0.003] 121.786
[-0.0, 0.499, -0.728, -0.331, -0.003, 0.003] 62.878
[-0.0, 0.5, -0.78, -0.28, -0.003, 0.003] 59.429
[-0.0, 0.5, -0.831, -0.229, -0.003, 0.003] 61.93
[-0.0, 0.5, -0.882, -0.178, -0.003, 0.003] 78.027
[-0.0, 0.5, -0.933, -0.127, -0.003, 0.003] 63.712
[-0.0, 0.5, -0.984, -0.075, -0.003, 0.003] 61.095
[-0.0, 0.5, -1.036, -0.035, -0.003, 0.003] 62.972
[-0.0, 0.5, -1.087, -0.016, -0.003, 0.003] 60.971
[-0.0, 0.5, -1.138, -0.007, -0.003, 0.003] 94.935
[-0.0, 0.5, -1.189, -0.003, -0.003, 0.003] 63.051
[-0.0, 0.5, -1.222, -0.002, -0.003, 0.003] 62.964
[-0.0, 0.5, -1.237, -0.001, -0.003, 0.003] 59.058
[-0.0, 0.5, -1.244, -0.0, -0.003, 0.003] 78.872
[-0.0, 0.5, -1.247, -0.0, -0.001, 0.001] 62.957
[-0.0, 0.5, -1.249, -0.0, -0.001, 0.001] 60.123
[-0.0, 0.449, -1.198, 0.0, -0.0, 0.0] 61.841
[-0.0, 0.398, -1.146, 0.0, -0.0, 0.0] 77.245
[-0.0, 0.346, -1.095, 0.0, -0.0, 0.0] 63.129
[-0.0, 0.295, -1.044, 0.0, -0.0, 0.0] 62.195
[-0.0, 0.244, -0.993, 0.0, -0.0, 0.0] 62.596
[-0.0, 0.193, -0.942, 0.0, -0.0, 0.0] 61.393
[0.0, 0.142, -0.89, 0.0, -0.0, 0.0] 94.156
[-0.0, 0.09, -0.839, 0.0, -0.0, 0.0] 60.844
[0.0, 0.044, -0.788, -0.0, -0.0, 0.0] 60.887
[-0.0, 0.02, -0.737, -0.0, -0.0, 0.0] 62.816
[-0.0, 0.009, -0.686, 0.0, -0.0, -0.0] 78.805
[-0.0, 0.004, -0.635, -0.0, -0.0, -0.0] 63.02
[-0.0, 0.002, -0.583, -0.0, -0.0, 0.0] 62.265
[-0.0, 0.001, -0.532, -0.0, -0.0, 0.0] 62.231
[-0.0, 0.0, -0.481, -0.0, -0.0, -0.0] 75.709
[-0.0, 0.0, -0.43, -0.0, -0.0, -0.0] 63.336
[-0.0, 0.0, -0.379, -0.0, -0.0, 0.0] 62.035
[-0.0, 0.0, -0.327, -0.0, -0.0, 0.0] 61.661
[-0.0, 0.0, -0.276, -0.0, -0.0, -0.0] 63.292
[-0.0, 0.0, -0.225, -0.0, -0.0, 0.0] 94.618
[-0.0, 0.0, -0.174, -0.0, -0.0, 0.0] 60.422
[-0.0, 0.0, -0.123, -0.0, -0.0, 0.0] 62.132
[-0.0, 0.0, -0.071, -0.0, -0.0, 0.0] 75.808
[-0.0, -0.0, -0.033, -0.0, -0.0, 0.0] 62.175
[-0.0, -0.0, -0.015, -0.0, -0.0, 0.0] 61.294
[-0.0, -0.0, -0.007, -0.0, -0.0, 0.0] 62.308
[-0.051, -0.051, -0.046, -0.029, -0.051, 0.002] 60.858
[-0.102, -0.102, -0.064, -0.042, -0.102, 0.002] 77.365
[-0.154, -0.154, -0.072, -0.049, -0.154, 0.003] 62.585
[-0.205, -0.205, -0.076, -0.052, -0.205, 0.003] 62.156
[-0.256, -0.256, -0.077, -0.053, -0.256, 0.003] 63.504
[-0.307, -0.307, -0.078, -0.053, -0.307, 0.003] 75.409
[-0.358, -0.358, -0.079, -0.054, -0.358, 0.003] 77.166
[-0.41, -0.41, -0.079, -0.054, -0.409, 0.003] 62.243
[-0.461, -0.461, -0.079, -0.054, -0.461, 0.003] 61.99
[-0.512, -0.512, -0.079, -0.054, -0.512, 0.003] 61.618
[-0.563, -0.555, -0.079, -0.054, -0.563, 0.003] 78.327
[-0.614, -0.575, -0.079, -0.054, -0.614, 0.003] 59.905
[-0.666, -0.584, -0.079, -0.054, -0.665, 0.003] 62.769
[-0.717, -0.588, -0.079, -0.054, -0.71, 0.003] 60.686
[-0.768, -0.59, -0.079, -0.054, -0.731, 0.003] 78.866
[-0.819, -0.591, -0.079, -0.054, -0.741, 0.003] 61.658
[-0.87, -0.592, -0.079, -0.054, -0.746, 0.003] 62.212
[-0.922, -0.592, -0.079, -0.054, -0.748, 0.003] 62.671
[-0.973, -0.592, -0.079, -0.054, -0.749, 0.003] 91.263
[-1.024, -0.592, -0.079, -0.054, -0.75, 0.003] 76.56
[-1.075, -0.592, -0.079, -0.054, -0.75, 0.003] 62.227
[-1.126, -0.592, -0.079, -0.054, -0.75, 0.003] 63.777
[-1.178, -0.592, -0.079, -0.054, -0.75, 0.003] 61.143
[-1.218, -0.592, -0.079, -0.054, -0.75, 0.003] 78.085
[-1.237, -0.592, -0.079, -0.054, -0.75, 0.003] 63.838
[-1.246, -0.592, -0.079, -0.054, -0.75, 0.003] 61.047
[-1.194, -0.592, -0.028, -0.105, -0.801, 0.003] 61.355
[-1.143, -0.592, 0.023, -0.156, -0.852, 0.003] 76.939
[-1.092, -0.592, 0.075, -0.208, -0.903, 0.003] 62.418
[-1.041, -0.592, 0.126, -0.259, -0.955, 0.003] 62.676
[-0.99, -0.592, 0.177, -0.31, -1.006, 0.003] 62.443
[-0.938, -0.592, 0.228, -0.361, -1.057, 0.003] 77.169
[-0.887, -0.592, 0.279, -0.412, -1.108, 0.003] 62.357
[-0.836, -0.592, 0.331, -0.463, -1.159, 0.003] 61.3
[-0.785, -0.592, 0.382, -0.515, -1.211, 0.003] 62.296
[-0.734, -0.592, 0.433, -0.566, -1.262, 0.003] 61.817
[-0.682, -0.592, 0.484, -0.617, -1.313, 0.003] 94.44
[-0.631, -0.592, 0.535, -0.668, -1.364, 0.003] 61.547
[-0.58, -0.592, 0.587, -0.719, -1.415, 0.003] 62.209
[-0.529, -0.592, 0.632, -0.771, -1.46, 0.003] 61.189
[-0.478, -0.592, 0.654, -0.822, -1.481, 0.003] 76.819
[-0.426, -0.592, 0.664, -0.873, -1.491, 0.003] 63.211
[-0.375, -0.592, 0.669, -0.924, -1.495, 0.003] 61.87
[-0.324, -0.592, 0.671, -0.975, -1.497, 0.003] 62.922
[-0.273, -0.592, 0.672, -1.026, -1.498, 0.003] 78.111
[-0.222, -0.592, 0.673, -1.078, -1.499, 0.003] 60.875
[-0.17, -0.592, 0.673, -1.129, -1.499, 0.003] 61.265
[-0.119, -0.592, 0.673, -1.18, -1.499, 0.003] 61.724
[-0.068, -0.592, 0.673, -1.231, -1.499, 0.003] 76.377
[-0.017, -0.592, 0.673, -1.282, -1.499, 0.003] 78.966
[0.034, -0.592, 0.673, -1.334, -1.499, 0.003] 60.765
[0.068, -0.592, 0.673, -1.369, -1.499, 0.003] 62.524
[0.083, -0.592, 0.673, -1.386, -1.499, 0.003] 61.728
[0.09, -0.592, 0.673, -1.393, -1.499, 0.003] 77.78
[0.039, -0.545, 0.622, -1.445, -1.448, 0.001] 61.883
[-0.012, -0.521, 0.571, -1.496, -1.397, 0.001] 61.993
[-0.064, -0.51, 0.533, -1.53, -1.345, 0.0] 62.389
[-0.115, -0.504, 0.515, -1.546, -1.294, 0.0] 80.868
[-0.166, -0.502, 0.507, -1.554, -1.243, 0.0] 61.274
[-0.217, -0.501, 0.503, -1.557, -1.192, 0.0] 60.555
[-0.268, -0.5, 0.501, -1.559, -1.141, 0.0] 63.94
[-0.32, -0.5, 0.501, -1.559, -1.089, 0.0] 78.165
[-0.371, -0.5, 0.5, -1.56, -1.038, 0.0] 63.348
[-0.422, -0.5, 0.5, -1.56, -0.987, 0.0] 60.593
[-0.473, -0.5, 0.5, -1.56, -0.936, 0.0] 61.234
[-0.524, -0.5, 0.5, -1.56, -0.885, 0.0] 60.254
[-0.576, -0.5, 0.5, -1.56, -0.833, -0.0] 93.391
[-0.627, -0.5, 0.5, -1.56, -0.782, -0.0] 63.155
[-0.678, -0.5, 0.5, -1.56, -0.731, 0.0] 61.756
[-0.729, -0.5, 0.5, -1.56, -0.68, -0.0] 62.979
[-0.78, -0.5, 0.5, -1.56, -0.629, -0.0] 76.995
[-0.832, -0.5, 0.5, -1.56, -0.577, -0.0] 61.09
[-0.868, -0.5, 0.5, -1.56, -0.526, 0.0] 64.071
[-0.885, -0.5, 0.5, -1.56, -0.475, 0.0] 61.885
[-0.893, -0.5, 0.5, -1.56, -0.424, 0.0] 76.039
[-0.897, -0.5, 0.5, -1.56, -0.373, -0.0] 65.136
[-0.899, -0.5, 0.5, -1.56, -0.321, 0.0] 60.54
[-0.899, -0.5, 0.5, -1.56, -0.27, 0.0] 61.235
[-0.9, -0.5, 0.5, -1.56, -0.219, 0.0] 61.184
[-0.9, -0.5, 0.5, -1.56, -0.168, 0.0] 93.117
[-0.9, -0.5, 0.5, -1.56, -0.117, 0.0] 62.788
[-0.9, -0.5, 0.5, -1.56, -0.065, -0.0] 62.368
[-0.9, -0.5, 0.5, -1.56, -0.03, -0.0] 61.541
[-0.9, -0.5, 0.5, -1.56, -0.014, -0.0] 78.21
[-0.9, -0.5, 0.5, -1.56, -0.006, -0.0] 62.298
[-0.849, -0.449, 0.449, -1.509, -0.005, 0.002] 60.837
[-0.798, -0.398, 0.398, -1.458, -0.004, 0.002] 78.032
[-0.746, -0.346, 0.346, -1.406, -0.003, 0.003] 64.019
[-0.695, -0.295, 0.295, -1.355, -0.003, 0.003] 62.682
[-0.644, -0.244, 0.244, -1.304, -0.003, 0.003] 75.51
[-0.593, -0.193, 0.193, -1.253, -0.003, 0.003] 64.508
[-0.542, -0.142, 0.142, -1.202, -0.003, 0.003] 75.061
[-0.49, -0.09, 0.091, -1.151, -0.003, 0.003] 50.675
[-0.439, -0.039, 0.039, -1.099, -0.003, 0.003] 72.646
[-0.388, 0.012, -0.012, -1.048, -0.003, 0.003] 60.007
[-0.337, 0.063, -0.063, -0.997, -0.003, 0.003] 60.761
[-0.286, 0.114, -0.114, -0.946, -0.003, 0.003] 62.845
[-0.234, 0.166, -0.165, -0.895, -0.003, 0.003] 62.127
[-0.183, 0.217, -0.217, -0.843, -0.003, 0.003] 62.988
[-0.132, 0.268, -0.268, -0.792, -0.003, 0.003] 78.414
[-0.081, 0.319, -0.319, -0.741, -0.003, 0.003] 61.353
[-0.038, 0.37, -0.37, -0.69, -0.003, 0.003] 61.524
[-0.017, 0.422, -0.421, -0.639, -0.003, 0.003] 61.477
[-0.008, 0.464, -0.472, -0.587, -0.003, 0.003] 78.174
[-0.004, 0.483, -0.524, -0.536, -0.003, 0.003] 59.858
[-0.002, 0.492, -0.575, -0.485, -0.003, 0.003] 62.4
[-0.001, 0.496, -0.626, -0.434, -0.003, 0.003] 62.275
[-0.0, 0.498, -0.677, -0.383, -0.003, 0.003] 77.383
[-0.0, 0.499, -0.728, -0.331, -0.003, 0.003] 61.744
[-0.0, 0.5, -0.78, -0.28, -0.003, 0.003] 62.733
[-0.0, 0.5, -0.831, -0.229, -0.003, 0.003] 77.487
[-0.0, 0.5, -0.882, -0.178, -0.003, 0.003] 60.477
[-0.0, 0.5, -0.933, -0.127, -0.003, 0.003] 63.667
[-0.0, 0.5, -0.984, -0.075, -0.003, 0.003] 62.37
[-0.0, 0.5, -1.036, -0.035, -0.003, 0.003] 60.205
[-0.0, 0.5, -1.087, -0.016, -0.003, 0.003] 77.004
[-0.0, 0.5, -1.138, -0.007, -0.003, 0.003] 61.68
[-0.0, 0.5, -1.189, -0.003, -0.003, 0.003] 63.852
[-0.0, 0.5, -1.222, -0.002, -0.003, 0.003] 62.172
[-0.0, 0.5, -1.237, -0.001, -0.003, 0.003] 78.145
[-0.0, 0.5, -1.244, -0.0, -0.003, 0.003] 63.946
[-0.0, 0.5, -1.247, -0.0, -0.001, 0.001] 63.618
INFO: 'hari' controller exited successfully.