[INFO] [1680263171.252708]: Python ROS Wrapper ready
([-0.0043, 0.4916, -1.2449, 0.0001, -0.0001, -0.0071], 761)
([-0.0043, 0.4916, -1.2464, 0.0001, -0.0001, -0.0071], 61)
([-0.0043, 0.4921, -1.2638, 0.0001, -0.0062, -0.0071], 61)
([-0.0043, 0.4921, -1.2822, 0.0001, -0.0124, -0.0071], 60)
([-0.0043, 0.4921, -1.2822, 0.0001, -0.0231, -0.0071], 60)
([-0.0043, 0.4921, -1.2985, 0.0001, -0.0338, -0.0071], 60)
([-0.0043, 0.4921, -1.3144, 0.0001, -0.0522, -0.0071], 61)
([-0.0043, 0.4921, -1.3266, 0.0001, -0.0691, -0.0071], 61)
([-0.0043, 0.4921, -1.3266, 0.0001, -0.0921, -0.0071], 61)
([-0.0043, 0.4921, -1.3276, 0.0001, -0.1274, -0.0071], 75)
([-0.0043, 0.4921, -1.3276, 0.0001, -0.1612, -0.0071], 73)
([-0.0043, 0.4921, -1.3276, 0.0001, -0.1811, -0.0071], 74)
([-0.0043, 0.4921, -1.3276, 0.0001, -0.2118, -0.0071], 73)
([-0.0043, 0.4921, -1.3276, 0.0001, -0.2394, -0.0071], 74)
([-0.0043, 0.4921, -1.3276, 0.0001, -0.2609, -0.0071], 73)
([-0.0043, 0.4921, -1.3276, 0.0001, -0.2701, -0.0071], 74)
([-0.0051, 0.4972, -1.3276, 0.0001, -0.2701, -0.0071], 73)
([-0.0051, 0.4972, -1.3276, 0.0001, -0.2747, -0.0071], 76)
([-0.0051, 0.4972, -1.3276, 0.0001, -0.2731, -0.0071], 77)
([-0.0051, 0.4972, -1.3276, 0.0001, -0.2747, -0.0071], 77)
([-0.0051, 0.4972, -1.3276, 0.0001, -0.2731, -0.0071], 72)
([-0.0051, 0.4972, -1.3276, 0.0001, -0.2716, -0.0071], 61)
([-0.0051, 0.4972, -1.3276, 0.0001, -0.2716, -0.0071], 60)
([-0.0051, 0.4972, -1.3276, 0.0001, -0.2716, -0.0071], 60)
([-0.0051, 0.4972, -1.3276, 0.0001, -0.2716, -0.0071], 61)
([-0.0051, 0.4972, -1.3276, 0.0001, -0.2655, -0.0071], 61)
([-0.0043, 0.4976, -1.3241, 0.0001, -0.2425, -0.0071], 61)
([-0.0036, 0.4981, -1.3164, 0.0001, -0.2026, -0.0071], 61)
([-0.0036, 0.4985, -1.3041, 0.0001, -0.1504, -0.0071], 60)
([-0.0029, 0.4994, -1.2888, 0.0001, -0.0799, -0.0071], 82)
([-0.0007, 0.4994, -1.2638, 0.0001, 0.0091, -0.0071], 177)
([-0.0007, 0.4999, -1.2571, 0.0001, 0.0183, -0.0071], 61)
([-0.0007, 0.4999, -1.2546, 0.0001, 0.0183, -0.002], 60)
([0.0, 0.4999, -1.2546, 0.0001, 0.0183, -0.0225], 60)
([0.0, 0.4999, -1.2531, 0.0001, 0.0183, -0.0071], 60)
([0.0, 0.4999, -1.2546, 0.0001, 0.0183, -0.0071], 61)
([0.0, 0.499, -1.2536, 0.0001, 0.0183, -0.0071], 61)
([0.0, 0.499, -1.2536, 0.0001, 0.0183, -0.0071], 61)
([-0.0007, 0.4972, -1.248, 0.0001, 0.0198, -0.0071], 61)
([-0.0007, 0.4935, -1.2331, 0.0001, 0.0183, -0.0071], 61)
([-0.0007, 0.4857, -1.2096, 0.0001, 0.0183, -0.0071], 61)
([-0.0007, 0.4857, -1.2096, 0.0001, 0.0183, -0.0071], 61)
([-0.0007, 0.4738, -1.1785, 0.0001, 0.0183, -0.0071], 61)
([-0.0007, 0.4573, -1.1361, 0.0001, 0.0183, -0.0071], 60)
([-0.0007, 0.4366, -1.0835, 0.0001, 0.0183, -0.0071], 60)
([-0.0007, 0.4366, -1.0835, 0.0001, 0.0183, -0.0071], 61)
([-0.0007, 0.4118, -1.0217, 0.0001, 0.0183, -0.0071], 60)
([-0.0007, 0.3857, -0.9563, 0.0001, 0.0183, -0.0071], 61)
([-0.0007, 0.3591, -0.8899, 0.0001, 0.0183, -0.0071], 60)
([-0.0007, 0.332, -0.8224, 0.0001, 0.0183, -0.0071], 81)
([-0.0007, 0.305, -0.7545, 0.0001, 0.0183, -0.0071], 61)
([-0.0007, 0.305, -0.7545, 0.0001, 0.0183, -0.0071], 61)
([-0.0007, 0.2779, -0.686, 0.0001, 0.0168, -0.002], 60)
([-0.0007, 0.2509, -0.6171, 0.0001, 0.0168, -0.0071], 61)
([0.0, 0.2238, -0.5486, 0.0001, 0.0152, -0.0071], 61)
([0.0, 0.2238, -0.5486, 0.0001, 0.0137, -0.0071], 60)
([0.0, 0.1963, -0.4817, 0.0001, 0.0091, -0.0071], 61)
([0.0, 0.1688, -0.4138, 0.0001, 0.0091, -0.0071], 61)
([0.0, 0.1413, -0.3458, 0.0001, 0.0076, -0.0071], 61)
([0.0, 0.1413, -0.3458, 0.0001, 0.006, -0.0071], 61)
([0.0, 0.1142, -0.2779, 0.0001, 0.0045, -0.0071], 61)
([0.0, 0.0885, -0.213, 0.0001, 0.0045, -0.0071], 61)
([0.0, 0.0656, -0.1548, 0.0001, 0.003, -0.0071], 60)
([0.0, 0.0656, -0.1548, 0.0001, 0.003, -0.0071], 61)
([0.0, 0.0472, -0.1078, 0.0001, 0.003, -0.0071], 60)
([0.0, 0.0321, -0.071, 0.0001, 0.0014, -0.0071], 74)
([0.0, 0.0206, -0.0419, 0.0001, -0.0016, -0.0071], 73)
([0.0, 0.0124, -0.0215, 0.0001, -0.0016, -0.0071], 74)
([0.0, 0.0083, -0.0107, 0.0001, -0.0016, -0.0071], 74)
([0.0, 0.0064, -0.0061, 0.0001, -0.0016, -0.0071], 73)
([0.0, 0.0064, -0.0051, 0.0001, -0.0016, -0.0071], 75)
([0.0, 0.006, -0.0061, 0.0001, -0.0016, -0.0071], 73)
([-0.0014, 0.0032, -0.0082, 0.0001, -0.0032, -0.0071], 74)
([-0.0108, 0.0, -0.0117, 0.0001, -0.0124, -0.0071], 74)
([-0.0303, 0.0, -0.0117, 0.0001, -0.0308, -0.0071], 66)
([-0.0599, -0.0101, -0.0143, 0.0001, -0.0522, -0.002], 75)
([-0.104, -0.028, -0.0169, 0.0001, -0.0814, -0.0071], 75)
([-0.1618, -0.0523, -0.0199, 0.0001, -0.1243, -0.0071], 78)
([-0.2318, -0.0826, -0.0235, -0.0014, -0.1642, -0.0071], 77)
([-0.3134, -0.1183, -0.0276, -0.0045, -0.2087, -0.0071], 77)
([-0.403, -0.1596, -0.0322, -0.0106, -0.267, -0.0071], 77)
([-0.4969, -0.2041, -0.0373, -0.0152, -0.313, -0.0071], 78)
([-0.5929, -0.249, -0.0424, -0.0245, -0.3867, -0.0071], 76)
([-0.6883, -0.2944, -0.0475, -0.0306, -0.4449, -0.0071], 77)
([-0.6883, -0.3398, -0.0531, -0.0352, -0.491, -0.0071], 60)
([-0.7836, -0.3862, -0.0577, -0.0398, -0.5431, -0.0071], 74)
([-0.8775, -0.4302, -0.0633, -0.0413, -0.5953, -0.0071], 74)
([-0.9656, -0.4696, -0.0679, -0.0475, -0.649, -0.0071], 74)
([-1.0443, -0.504, -0.0715, -0.0505, -0.6889, -0.0071], 74)
([-1.1108, -0.504, -0.0715, -0.0536, -0.718, -0.0071], 74)
([-1.1635, -0.5329, -0.0746, -0.0551, -0.7333, -0.0071], 73)
([-1.2025, -0.5545, -0.0771, -0.0551, -0.7563, -0.0071], 74)
([-1.2285, -0.5701, -0.0782, -0.0567, -0.7609, -0.0071], 74)
([-1.2422, -0.5792, -0.0792, -0.0567, -0.7655, -0.0071], 73)
([-1.248, -0.5838, -0.0792, -0.0567, -0.7686, -0.0071], 74)
([-1.2509, -0.5857, -0.0792, -0.0567, -0.764, -0.0071], 74)
([-1.2494, -0.5857, -0.0792, -0.0567, -0.764, -0.0071], 73)
([-1.2494, -0.5852, -0.0782, -0.0582, -0.7671, -0.0071], 60)
([-1.2451, -0.5852, -0.0782, -0.0628, -0.7748, -0.0071], 60)
([-1.2335, -0.5847, -0.0741, -0.0766, -0.7809, -0.0071], 61)
([-1.2335, -0.5847, -0.0664, -0.1073, -0.7916, -0.0071], 61)
([-1.2104, -0.5847, -0.0501, -0.1349, -0.807, -0.0071], 60)
([-1.1743, -0.5847, -0.0501, -0.1748, -0.8315, -0.0071], 60)
([-1.1266, -0.5847, -0.0266, -0.2116, -0.8499, -0.0071], 61)
([-1.0645, -0.5852, 0.0046, -0.2699, -0.8821, -0.0071], 60)
([-1.0645, -0.5857, 0.0434, -0.3205, -0.9082, -0.0071], 61)
([-0.9901, -0.5857, 0.0434, -0.3865, -0.945, -0.0071], 60)
([-0.9056, -0.5861, 0.0874, -0.4294, -0.968, -0.0071], 61)
([-0.8146, -0.5866, 0.1369, -0.5261, -1.0187, -0.0071], 61)
([-0.8146, -0.5875, 0.1895, -0.592, -1.0555, -0.0071], 61)
([-0.7208, -0.588, 0.2426, -0.6963, -1.1184, -0.0071], 61)
([-0.6262, -0.588, 0.2426, -0.7868, -1.1629, -0.0071], 61)
([-0.5308, -0.5884, 0.2963, -0.8467, -1.1966, -0.0071], 61)
([-0.434, -0.5893, 0.3484, -0.9326, -1.2426, -0.0071], 61)
([-0.434, -0.5898, 0.402, -1.0108, -1.2856, -0.0071], 60)
([-0.3387, -0.5898, 0.402, -1.0722, -1.3178, -0.0071], 60)
([-0.247, -0.5903, 0.4551, -1.1489, -1.3638, -0.0071], 60)
([-0.1639, -0.5907, 0.5037, -1.1995, -1.3899, -0.002], 60)
([-0.1639, -0.5912, 0.5476, -1.2654, -1.4236, -0.0071], 61)
([-0.0903, -0.5912, 0.5476, -1.3099, -1.4482, -0.0071], 60)
([-0.0296, -0.5916, 0.5849, -1.3575, -1.4773, -0.0071], 60)
([-0.0296, -0.5916, 0.6161, -1.3667, -1.4835, -0.0071], 60)
([0.0188, -0.5921, 0.6396, -1.402, -1.5003, -0.0071], 61)
([0.0527, -0.5921, 0.6396, -1.4142, -1.5065, -0.002], 60)
([0.0758, -0.5921, 0.6554, -1.4219, -1.5111, -0.0071], 61)
([0.0859, -0.5921, 0.6641, -1.4219, -1.5126, -0.0071], 61)
([0.0859, -0.5921, 0.6682, -1.4219, -1.5126, -0.002], 60)
([0.091, -0.5921, 0.6692, -1.4219, -1.5126, -0.002], 61)
([0.091, -0.5921, 0.6692, -1.4234, -1.5126, -0.002], 61)
([0.0896, -0.5921, 0.6687, -1.4265, -1.5157, -0.0071], 60)
([0.0896, -0.5916, 0.6677, -1.4265, -1.5157, -0.002], 60)
([0.0831, -0.5893, 0.6651, -1.4265, -1.5049, -0.002], 60)
([0.065, -0.5893, 0.6651, -1.4265, -1.4696, -0.002], 61)
([0.0383, -0.587, 0.6615, -1.4326, -1.4344, -0.002], 61)
([0.0383, -0.5834, 0.6559, -1.4388, -1.3945, -0.0071], 60)
([0.0, -0.5783, 0.6482, -1.4449, -1.3239, -0.0071], 61)
([-0.0498, -0.5783, 0.6482, -1.448, -1.2748, -0.002], 61)
([-0.1105, -0.5724, 0.639, -1.4633, -1.1629, -0.002], 61)
([-0.1827, -0.5659, 0.6278, -1.4725, -1.0846, -0.0071], 61)
([-0.1827, -0.5595, 0.6145, -1.4817, -0.988, -0.002], 61)
([-0.26, -0.5517, 0.6007, -1.4894, -0.8944, -0.002], 61)
([-0.3402, -0.5517, 0.6007, -1.4971, -0.8131, -0.0071], 61)
([-0.421, -0.5444, 0.5875, -1.5078, -0.6965, -0.002], 60)
([-0.421, -0.5366, 0.5737, -1.5185, -0.6106, -0.002], 61)
([-0.5034, -0.5283, 0.5594, -1.5262, -0.5247, -0.002], 60)
([-0.585, -0.5283, 0.5594, -1.537, -0.4173, -0.0071], 61)
([-0.6608, -0.521, 0.5461, -1.5446, -0.3314, -0.0071], 61)
([-0.6608, -0.5146, 0.5338, -1.5492, -0.2348, -0.002], 61)
([-0.7273, -0.5086, 0.5231, -1.5554, -0.1596, -0.0071], 60)
([-0.7836, -0.5086, 0.5231, -1.563, -0.0768, -0.002], 61)
([-0.8284, -0.5036, 0.5149, -1.5661, -0.0124, -0.0071], 61)
([-0.8284, -0.5022, 0.5083, -1.5661, 0.0152, -0.002], 60)
([-0.8601, -0.5008, 0.5037, -1.5661, 0.0321, -0.002], 60)
([-0.8811, -0.5008, 0.5037, -1.5676, 0.0398, -0.002], 61)
([-0.8919, -0.5004, 0.5011, -1.5676, 0.0383, -0.002], 61)
([-0.8919, -0.4999, 0.5006, -1.5676, 0.0321, -0.0071], 60)
([-0.8955, -0.4999, 0.5001, -1.5676, 0.026, -0.0071], 61)
([-0.8977, -0.4999, 0.5001, -1.5676, 0.0229, -0.002], 60)
([-0.897, -0.4999, 0.5001, -1.5676, 0.0352, -0.0071], 60)
([-0.897, -0.4985, 0.4986, -1.5676, 0.0398, -0.002], 60)
([-0.8941, -0.493, 0.4924, -1.5676, 0.0444, -0.002], 60)
([-0.8883, -0.493, 0.4924, -1.5692, 0.0429, -0.002], 60)
([-0.8782, -0.4839, 0.4792, -1.5661, 0.0429, -0.002], 60)
([-0.8782, -0.471, 0.4572, -1.5492, 0.0398, -0.002], 61)
([-0.8645, -0.4527, 0.426, -1.5232, 0.0398, -0.002], 61)
([-0.8464, -0.4293, 0.3841, -1.4664, 0.0337, -0.002], 61)
([-0.8233, -0.4293, 0.3841, -1.4204, 0.0337, -0.002], 61)
([-0.7951, -0.4004, 0.3346, -1.3728, 0.0306, -0.002], 61)
([-0.7951, -0.366, 0.2769, -1.3329, 0.0291, -0.002], 61)
([-0.7641, -0.3293, 0.213, -1.2746, 0.0275, -0.002], 61)
([-0.7309, -0.3293, 0.213, -1.2317, 0.0275, -0.002], 61)
([-0.6969, -0.2917, 0.1466, -1.1734, 0.0229, -0.002], 61)
([-0.6969, -0.2541, 0.0782, -1.1335, 0.0214, -0.0071], 61)
([-0.6623, -0.2156, 0.0097, -1.0752, 0.0198, -0.0071], 61)
([-0.6283, -0.1761, -0.0582, -1.0123, 0.0198, -0.002], 74)
([-0.5937, -0.1761, -0.0582, -0.9678, 0.0183, -0.0071], 60)
([-0.559, -0.1376, -0.1252, -0.931, 0.0183, -0.0071], 60)
([-0.559, -0.0991, -0.1931, -0.8727, 0.0168, -0.002], 60)
([-0.5243, -0.0605, -0.261, -0.8313, 0.0168, -0.002], 60)
([-0.4897, -0.0605, -0.261, -0.7776, 0.0168, -0.002], 60)
([-0.4543, -0.0216, -0.329, -0.7347, 0.0122, -0.002], 61)
([-0.4543, 0.0183, -0.3974, -0.6917, 0.0122, -0.002], 60)
([-0.4196, 0.0573, -0.4654, -0.6503, 0.0106, -0.002], 61)
([-0.3849, 0.0573, -0.4654, -0.5982, 0.0091, -0.002], 60)
([-0.3503, 0.0959, -0.5328, -0.5598, 0.0106, -0.002], 60)
([-0.3503, 0.1348, -0.6007, -0.5123, 0.0091, -0.002], 60)
([-0.3156, 0.1738, -0.6682, -0.4586, 0.0091, -0.002], 61)
([-0.2809, 0.1738, -0.6682, -0.4218, 0.006, -0.0071], 61)
([-0.2463, 0.2133, -0.7356, -0.3681, 0.0045, -0.002], 61)
([-0.2463, 0.2527, -0.8056, -0.3343, 0.0045, -0.002], 61)
([-0.2116, 0.2912, -0.874, -0.2668, 0.0045, -0.002], 61)
([-0.1769, 0.3302, -0.9415, -0.2177, 0.0045, -0.002], 61)
([-0.1423, 0.3302, -0.9415, -0.1778, -0.0001, -0.002], 61)
([-0.1098, 0.3683, -1.0074, -0.1334, -0.0016, -0.002], 61)
([-0.1098, 0.4027, -1.0676, -0.0981, -0.0016, -0.0071], 60)
([-0.0809, 0.4325, -1.1202, -0.0597, -0.0016, -0.0071], 60)
([-0.0563, 0.4325, -1.1202, -0.0367, -0.0032, -0.002], 60)
([-0.0354, 0.4573, -1.1647, -0.0137, -0.0032, -0.002], 60)
([-0.0354, 0.4761, -1.1984, 0.0032, -0.0032, -0.002], 60)
([-0.0217, 0.4894, -1.2234, 0.0062, -0.0016, -0.002], 61)
([-0.0116, 0.4894, -1.2234, 0.0124, -0.0032, -0.002], 60)
([-0.0058, 0.4981, -1.2388, 0.0154, -0.0032, -0.002], 61)
([-0.0058, 0.4999, -1.2459, 0.0154, -0.0032, -0.002], 61)
([-0.0036, 0.4999, -1.249, 0.0154, -0.0032, -0.002], 60)
([-0.0036, 0.4999, -1.2485, 0.017, -0.0032, -0.002], 61)
([-0.0036, 0.4999, -1.2485, 0.0185, -0.0032, -0.002], 61)
([-0.0029, 0.4999, -1.248, 0.0185, -0.0032, -0.002], 60)
([-0.0029, 0.4999, -1.25, 0.0185, -0.0016, -0.002], 65)
([-0.0022, 0.4999, -1.25, 0.0185, -0.0016, -0.002], 61)
([-0.0007, 0.4999, -1.25, 0.017, -0.0016, -0.002], 61)
([-0.0007, 0.4999, -1.25, 0.017, -0.0032, -0.002], 61)
([-0.0007, 0.4999, -1.25, 0.017, -0.0032, -0.002], 61)
([-0.0007, 0.4999, -1.25, 0.017, -0.0016, -0.002], 61)
([0.0, 0.4999, -1.25, 0.0154, -0.0032, -0.002], 61)
([0.0, 0.4999, -1.25, 0.0154, -0.0016, -0.002], 60)
([0.0, 0.4999, -1.25, 0.0154, -0.0032, -0.0071], 61)
([0.0, 0.4999, -1.25, 0.0154, -0.0016, -0.002], 61)
([0.0, 0.4999, -1.25, 0.0154, -0.0032, -0.002], 60)
([0.0, 0.499, -1.2495, 0.0154, -0.0032, -0.002], 60)
([0.0, 0.4967, -1.2449, 0.0154, -0.0032, -0.002], 61)
([0.0, 0.493, -1.2306, 0.0154, -0.0032, -0.002], 60)
([0.0, 0.493, -1.2306, 0.0154, -0.0032, -0.002], 61)
([0.0, 0.4857, -1.2071, 0.0139, -0.0032, -0.002], 61)
([0.0, 0.4747, -1.1775, 0.0154, -0.0032, -0.002], 61)
([0.0, 0.4582, -1.1351, 0.0154, -0.0032, -0.002], 61)
([0.0, 0.4375, -1.0824, 0.0154, -0.0032, -0.002], 61)
([0.0, 0.4375, -1.0824, 0.0154, -0.0032, -0.002], 61)
([0.0, 0.4137, -1.0222, 0.0154, -0.0032, -0.002], 60)
([0.0, 0.3875, -0.9573, 0.0154, -0.0032, -0.002], 60)
([0.0, 0.3605, -0.8909, 0.0154, -0.0032, -0.002], 60)
([0.0, 0.3605, -0.8909, 0.0154, -0.0032, -0.002], 61)
([0.0, 0.3334, -0.824, 0.0139, -0.0032, -0.002], 61)
([0.0, 0.3064, -0.756, 0.0139, -0.0032, -0.002], 60)
([0.0, 0.2793, -0.6876, 0.0139, -0.0032, -0.002], 60)
([0.0, 0.2793, -0.6876, 0.0139, -0.0032, -0.002], 60)
([0.0, 0.2522, -0.6186, 0.0124, -0.0032, -0.002], 61)
([0.0, 0.2243, -0.5507, 0.0124, -0.0032, -0.002], 61)
([0.0, 0.1972, -0.4832, 0.0108, -0.0032, -0.002], 60)
([0.0, 0.1972, -0.4832, 0.0093, -0.0032, -0.002], 61)
([0.0, 0.1697, -0.4153, 0.0078, -0.0032, -0.002], 61)
([0.0, 0.1422, -0.3474, 0.0047, -0.0032, -0.002], 60)
([0.0, 0.1151, -0.2794, 0.0032, -0.0032, -0.002], 61)
([0.0, 0.0894, -0.2156, 0.0016, -0.0032, -0.002], 61)
([0.0, 0.0894, -0.2156, 0.0016, -0.0032, -0.002], 60)
([0.0, 0.0665, -0.1563, 0.0016, -0.0032, -0.0071], 61)
([0.0, 0.0477, -0.1098, 0.0016, -0.0032, -0.002], 61)
([0.0, 0.033, -0.0725, 0.0016, -0.0032, -0.002], 61)
([0.0, 0.033, -0.0725, 0.0016, -0.0032, -0.002], 61)
([0.0, 0.0211, -0.0434, 0.0016, -0.0032, -0.002], 61)
([0.0, 0.0128, -0.0225, 0.0016, -0.0032, -0.002], 61)
([0.0, 0.0083, -0.0112, -0.0014, -0.0032, -0.002], 61)
([0.0, 0.0083, -0.0112, -0.003, -0.0032, -0.002], 60)
([0.0, 0.0064, -0.0061, -0.003, -0.0032, -0.002], 60)
([0.0, 0.0064, -0.0051, -0.003, -0.0032, -0.002], 61)
([0.0, 0.0064, -0.0061, -0.0045, -0.0032, -0.002], 61)
([-0.0022, 0.0041, -0.0082, -0.0045, -0.0032, -0.0071], 61)
([-0.0116, 0.0041, -0.0082, -0.0045, -0.0032, -0.002], 61)
([-0.0311, 0.0, -0.0117, -0.006, -0.0139, -0.0071], 61)
([-0.0311, -0.0105, -0.0143, -0.006, -0.0292, -0.002], 60)
([-0.0628, -0.0289, -0.0174, -0.006, -0.0522, -0.002], 61)
([-0.1076, -0.0289, -0.0174, -0.0076, -0.0768, -0.002], 60)
([-0.1668, -0.0541, -0.0204, -0.0106, -0.1151, -0.002], 61)
([-0.1668, -0.0858, -0.024, -0.0106, -0.1458, -0.002], 61)
([-0.239, -0.0858, -0.0286, -0.0152, -0.1842, -0.002], 60)
([-0.3221, -0.1225, -0.0286, -0.0183, -0.221, -0.002], 61)
([-0.4131, -0.1646, -0.0332, -0.0229, -0.267, -0.002], 61)
([-0.4131, -0.2101, -0.0383, -0.026, -0.3069, -0.002], 60)
([-0.5084, -0.2545, -0.0434, -0.0306, -0.3652, -0.0071], 61)
([-0.6038, -0.2545, -0.0434, -0.0321, -0.4051, -0.002], 61)
([-0.6991, -0.2995, -0.0485, -0.0367, -0.4664, -0.002], 61)
([-0.7959, -0.3458, -0.0536, -0.0383, -0.5032, -0.002], 61)
([-0.7959, -0.3917, -0.0587, -0.0413, -0.5539, -0.002], 60)
([-0.889, -0.3917, -0.0633, -0.0444, -0.5784, -0.002], 60)
([-0.9757, -0.4352, -0.0633, -0.049, -0.629, -0.002], 61)
([-1.0537, -0.4742, -0.0679, -0.0505, -0.6689, -0.002], 61)
([-1.0537, -0.5077, -0.072, -0.0521, -0.6981, -0.002], 61)
([-1.1187, -0.5357, -0.0746, -0.0551, -0.7241, -0.002], 60)
([-1.1693, -0.5357, -0.0746, -0.0567, -0.7379, -0.002], 61)
([-1.2061, -0.5563, -0.0771, -0.0567, -0.7533, -0.002], 60)
([-1.2061, -0.5714, -0.0782, -0.0582, -0.7563, -0.002], 60)
([-1.2306, -0.5802, -0.0787, -0.0582, -0.7655, -0.002], 60)
([-1.2436, -0.5802, -0.0787, -0.0582, -0.7686, -0.002], 60)
([-1.2487, -0.5838, -0.0782, -0.0582, -0.764, -0.002], 61)
([-1.2487, -0.5857, -0.0792, -0.0582, -0.7594, -0.002], 60)
([-1.2509, -0.5857, -0.0792, -0.0582, -0.7594, -0.002], 61)
([-1.2494, -0.5843, -0.0792, -0.0582, -0.7671, -0.002], 61)
([-1.2444, -0.5843, -0.0776, -0.0597, -0.7717, -0.002], 61)
([-1.2444, -0.5843, -0.073, -0.0705, -0.7763, -0.002], 61)
([-1.2285, -0.5847, -0.0628, -0.0996, -0.7809, -0.002], 61)
([-1.2025, -0.5847, -0.046, -0.1318, -0.7978, -0.002], 61)
([-1.1635, -0.5847, -0.046, -0.1748, -0.8269, -0.002], 60)
([-1.1129, -0.5847, -0.0215, -0.2285, -0.8515, -0.002], 61)
([-1.1129, -0.5852, 0.0107, -0.273, -0.8775, -0.002], 60)
([-1.0494, -0.5857, 0.0496, -0.3405, -0.9128, -0.002], 61)
([-0.9735, -0.5857, 0.0496, -0.3895, -0.942, -0.002], 61)
([-0.8876, -0.5861, 0.0955, -0.4616, -0.9803, -0.002], 60)
([-0.8876, -0.587, 0.1466, -0.5261, -1.0141, -0.002], 61)
([-0.7966, -0.5875, 0.1987, -0.6028, -1.0585, -0.002], 61)
([-0.702, -0.5875, 0.1987, -0.6718, -1.0984, -0.002], 61)
([-0.6081, -0.588, 0.2523, -0.7531, -1.1414, -0.002], 60)
([-0.6081, -0.5889, 0.305, -0.7899, -1.1629, -0.002], 61)
([-0.512, -0.5893, 0.3586, -0.8881, -1.2165, -0.002], 61)
([-0.4145, -0.5893, 0.3586, -0.9801, -1.2672, -0.002], 61)
([-0.3199, -0.5898, 0.4122, -1.043, -1.3009, -0.002], 60)
([-0.3199, -0.5903, 0.4649, -1.1243, -1.3469, -0.002], 61)
([-0.2297, -0.5907, 0.5129, -1.1964, -1.3868, 0.0031], 60)
([-0.1473, -0.5907, 0.5129, -1.2486, -1.416, -0.002], 61)
([-0.0766, -0.5912, 0.5558, -1.3207, -1.4543, -0.002], 74)
([-0.0181, -0.5912, 0.592, -1.3713, -1.4835, -0.002], 74)
([0.0267, -0.5916, 0.6217, -1.3989, -1.4988, -0.002], 74)
([0.0585, -0.5921, 0.6431, -1.4127, -1.5049, -0.002], 74)
([0.078, -0.5921, 0.6574, -1.4219, -1.5111, -0.002], 73)
([0.0874, -0.5921, 0.6651, -1.4219, -1.5126, -0.002], 74)
([0.0874, -0.5921, 0.6687, -1.4234, -1.5126, -0.002], 74)
([0.0917, -0.5921, 0.6692, -1.4219, -1.5126, -0.002], 74)
([0.0917, -0.5921, 0.6692, -1.425, -1.5157, -0.002], 74)
([0.091, -0.5916, 0.6671, -1.4265, -1.5157, -0.002], 74)
([0.0816, -0.5893, 0.6651, -1.4265, -1.5003, -0.002], 73)
([0.0636, -0.5893, 0.6651, -1.4265, -1.465, -0.002], 61)
([0.0354, -0.5866, 0.6615, -1.4357, -1.4098, -0.002], 76)
([-0.0043, -0.5829, 0.6554, -1.4449, -1.3577, -0.002], 76)
([-0.0563, -0.5779, 0.6482, -1.4541, -1.261, -0.002], 75)
([-0.1184, -0.5719, 0.638, -1.4633, -1.1736, -0.002], 77)
([-0.1914, -0.5655, 0.6263, -1.4741, -1.0555, -0.002], 77)
([-0.2694, -0.5581, 0.613, -1.4848, -0.9235, -0.002], 78)
([-0.3495, -0.5508, 0.5997, -1.4971, -0.81, -0.002], 78)
([-0.4312, -0.543, 0.5859, -1.5109, -0.6873, -0.002], 77)
([-0.4312, -0.5357, 0.5721, -1.5232, -0.5738, -0.002], 76)
([-0.5135, -0.5274, 0.5578, -1.5293, -0.491, -0.002], 61)
([-0.5937, -0.5201, 0.5445, -1.5431, -0.3652, -0.002], 73)
([-0.6688, -0.5137, 0.5323, -1.5492, -0.2363, -0.002], 74)
([-0.7345, -0.5082, 0.5226, -1.5584, -0.1274, -0.002], 73)
([-0.7894, -0.5082, 0.5226, -1.563, -0.0676, -0.002], 74)
([-0.8327, -0.504, 0.5139, -1.5661, -0.0016, -0.002], 73)
([-0.863, -0.5017, 0.5078, -1.5661, 0.0306, -0.002], 73)
([-0.8825, -0.5008, 0.5032, -1.5676, 0.0398, -0.002], 74)
([-0.8934, -0.5004, 0.5011, -1.5676, 0.0383, 0.0031], 74)
([-0.8955, -0.4999, 0.5001, -1.5676, 0.0291, -0.002], 73)
([-0.8955, -0.4999, 0.5001, -1.5676, 0.0214, -0.002], 70)
([-0.8984, -0.4999, 0.5001, -1.5676, 0.0291, -0.002], 78)
([-0.897, -0.4981, 0.4991, -1.5676, 0.0383, -0.002], 76)
([-0.8941, -0.4921, 0.4924, -1.5692, 0.0429, -0.002], 78)
([-0.889, -0.4834, 0.4786, -1.5676, 0.0429, -0.002], 75)
([-0.8796, -0.4706, 0.4572, -1.5538, 0.0398, -0.002], 75)
([-0.8659, -0.4517, 0.425, -1.5339, 0.0398, -0.002], 75)
([-0.8464, -0.4284, 0.3831, -1.4618, 0.0337, -0.002], 77)
([-0.824, -0.399, 0.3336, -1.4004, 0.0321, -0.002], 75)
([-0.7959, -0.3651, 0.2753, -1.3529, 0.0306, -0.002], 75)
([-0.7641, -0.3651, 0.2753, -1.2946, 0.026, -0.002], 60)
([-0.7309, -0.3284, 0.211, -1.247, 0.026, -0.002], 74)
([-0.6969, -0.2908, 0.1441, -1.1749, 0.0245, -0.002], 61)
([-0.6969, -0.2527, 0.0766, -1.1351, 0.0245, -0.002], 60)
([-0.6623, -0.2146, 0.0092, -1.0783, 0.0214, -0.002], 61)
([-0.6283, -0.2146, 0.0092, -1.0461, 0.0198, -0.002], 61)
([-0.5937, -0.1747, -0.0598, -0.9955, 0.0198, -0.002], 61)
([-0.5937, -0.1362, -0.1272, -0.9372, 0.0183, -0.002], 61)
([-0.559, -0.0977, -0.1946, -0.8942, 0.0183, -0.002], 61)
([-0.5243, -0.0977, -0.1946, -0.839, 0.0168, -0.002], 61)
([-0.4897, -0.0587, -0.2631, -0.8006, 0.0168, -0.002], 61)
([-0.4897, -0.0206, -0.3305, -0.7531, 0.0168, -0.002], 61)
([-0.455, 0.0197, -0.3984, -0.7132, 0.0122, -0.002], 61)
([-0.4196, 0.0197, -0.3984, -0.6657, 0.0106, -0.002], 61)
([-0.3849, 0.0587, -0.4664, -0.612, 0.0106, -0.002], 61)
([-0.3503, 0.0968, -0.5333, -0.5613, 0.0091, -0.002], 65)
([-0.3503, 0.0968, -0.6007, -0.5215, 0.0091, -0.002], 61)
([-0.3156, 0.1752, -0.6702, -0.4662, 0.0076, -0.002], 61)
([-0.2802, 0.1752, -0.6702, -0.4233, 0.006, -0.002], 61)
([-0.2455, 0.2146, -0.7392, -0.3696, 0.0045, -0.002], 61)
([-0.2455, 0.2541, -0.8076, -0.3328, 0.0045, -0.002], 61)
([-0.2109, 0.2926, -0.8756, -0.276, 0.0045, -0.002], 61)
([-0.1755, 0.2926, -0.8756, -0.2377, 0.0045, -0.002], 60)
([-0.1416, 0.3316, -0.943, -0.1886, 0.0014, -0.002], 60)
([-0.1416, 0.3692, -1.0079, -0.1579, -0.0016, -0.002], 60)
([-0.1091, 0.4036, -1.0692, -0.1058, -0.0016, -0.002], 61)
([-0.0802, 0.4036, -1.0692, -0.072, -0.0016, -0.002], 60)
([-0.0549, 0.4334, -1.1218, -0.0475, -0.0032, -0.002], 60)
([-0.0549, 0.4577, -1.1662, -0.0214, -0.0032, -0.002], 61)
([-0.0354, 0.4765, -1.1994, -0.006, -0.0032, -0.002], 61)
([-0.0209, 0.4765, -1.1994, 0.0047, -0.0032, -0.002], 61)
([-0.0108, 0.4898, -1.2239, 0.0093, -0.0032, -0.002], 61)
([-0.0108, 0.4981, -1.2393, 0.0124, -0.0032, -0.002], 61)
([-0.0058, 0.4999, -1.2459, 0.0154, -0.0032, -0.002], 61)
([-0.0036, 0.4999, -1.249, 0.0154, -0.0032, -0.002], 60)
([-0.0022, 0.4999, -1.249, 0.0154, -0.0032, -0.002], 60)
([-0.0029, 0.4999, -1.25, 0.017, -0.0032, -0.002], 60)
([-0.0029, 0.4999, -1.2495, 0.0185, -0.0032, -0.002], 61)
([-0.0007, 0.4999, -1.25, 0.02, -0.0032, -0.002], 60)
([0.0, 0.4999, -1.25, 0.0185, -0.0032, -0.002], 61)
([0.0, 0.4999, -1.25, 0.0185, -0.0032, -0.002], 60)
([0.0, 0.4999, -1.25, 0.017, -0.0032, -0.002], 60)
([0.0, 0.4999, -1.25, 0.017, -0.0032, -0.002], 60)
([0.0, 0.4999, -1.25, 0.017, -0.0032, -0.002], 60)
([0.0, 0.4999, -1.25, 0.017, -0.0032, -0.002], 60)
([0.0, 0.4999, -1.25, 0.017, -0.0032, -0.002], 61)
([0.0, 0.4999, -1.25, 0.0154, -0.0032, -0.002], 60)
([0.0, 0.4999, -1.25, 0.0154, -0.0032, -0.002], 61)
([0.0, 0.4999, -1.25, 0.0154, -0.0032, -0.002], 61)
([0.0, 0.4999, -1.25, 0.0154, -0.0032, -0.002], 61)
([0.0, 0.4981, -1.248, 0.0154, -0.0032, -0.002], 61)
([0.0, 0.4981, -1.2403, 0.0154, -0.0032, -0.002], 61)
([0.0, 0.4958, -1.2403, 0.0154, -0.0032, -0.002], 61)
([0.0, 0.4907, -1.2224, 0.0154, -0.0032, -0.002], 61)
([0.0, 0.482, -1.1969, 0.0154, -0.0032, -0.002], 60)
([0.0, 0.4687, -1.1621, 0.0154, -0.0032, -0.002], 60)
([0.0, 0.4687, -1.1621, 0.0154, -0.0032, -0.002], 61)
([0.0, 0.4504, -1.1162, 0.0154, -0.0032, -0.002], 61)
([0.0, 0.4284, -1.06, 0.0154, -0.0032, -0.002], 60)
([0.0, 0.4036, -0.9976, 0.0154, -0.0032, -0.002], 60)
([0.0, 0.4036, -0.9976, 0.0154, -0.0032, -0.002], 61)
([0.0, 0.377, -0.9318, 0.0154, -0.0032, -0.002], 61)
([0.0, 0.3495, -0.8653, 0.0154, -0.0032, -0.002], 61)
([0.0, 0.3224, -0.7974, 0.0154, -0.0032, -0.002], 61)
([0.0, 0.2954, -0.7284, 0.0139, -0.0032, -0.002], 60)
([0.0, 0.2954, -0.7284, 0.0139, -0.0032, 0.0031], 60)
([0.0, 0.2683, -0.6605, 0.0139, -0.0032, -0.002], 61)
([0.0, 0.2412, -0.592, 0.0139, -0.0032, -0.002], 60)
([0.0, 0.2137, -0.5246, 0.0124, -0.0032, -0.002], 61)
([0.0, 0.2137, -0.5246, 0.0124, -0.0032, -0.002], 60)
([0.0, 0.1862, -0.4572, 0.0093, -0.0032, -0.002], 60)
([0.0, 0.1587, -0.3887, 0.0078, -0.0032, -0.002], 60)
([0.0, 0.1312, -0.3203, 0.0047, -0.0032, -0.002], 61)
([0.0, 0.1312, -0.3203, 0.0032, -0.0032, -0.002], 61)
([0.0, 0.1041, -0.2534, 0.0016, -0.0032, -0.002], 61)
([0.0, 0.0798, -0.191, 0.0016, -0.0032, -0.002], 61)
([0.0, 0.0582, -0.1364, 0.0016, -0.0032, -0.002], 61)
([0.0, 0.0582, -0.1364, 0.0016, -0.0032, -0.002], 61)
([0.0, 0.0417, -0.0945, 0.0016, -0.0032, -0.0071], 61)
([0.0, 0.028, -0.0608, 0.0016, -0.0032, -0.002], 61)
([0.0, 0.017, -0.0342, 0.0001, -0.0032, -0.002], 61)
([0.0, 0.0105, -0.0169, -0.0014, -0.0032, -0.002], 61)
([0.0, 0.0105, -0.0169, -0.003, -0.0032, -0.002], 61)
([0.0, 0.0073, -0.0087, -0.003, -0.0032, -0.002], 61)
([0.0, 0.0073, -0.0051, -0.003, -0.0032, -0.002], 60)
([0.0, 0.006, -0.0051, -0.003, -0.0032, -0.002], 60)
([0.0, 0.0055, -0.0051, -0.003, -0.0032, -0.002], 60)
([-0.0022, 0.0046, -0.0051, -0.0045, -0.0032, -0.002], 61)
([-0.0022, 0.0018, -0.0066, -0.0045, -0.0032, -0.002], 61)
([-0.0137, 0.0018, -0.0102, -0.0045, -0.0062, -0.002], 61)
([-0.0347, -0.0023, -0.0102, -0.006, -0.0185, -0.002], 61)
([-0.0679, -0.0138, -0.0128, -0.006, -0.043, -0.002], 61)
([-0.0679, -0.0335, -0.0153, -0.006, -0.063, -0.002], 61)
([-0.1148, -0.0587, -0.0189, -0.0091, -0.0983, -0.002], 60)
([-0.1762, -0.0587, -0.0189, -0.0106, -0.1366, -0.002], 61)
([-0.2499, -0.0917, -0.0225, -0.0122, -0.1658, -0.002], 61)
([-0.2499, -0.1289, -0.0271, -0.0152, -0.201, -0.002], 60)
([-0.3344, -0.172, -0.0322, -0.0214, -0.2624, -0.002], 64)
([-0.4268, -0.2165, -0.0373, -0.0245, -0.3038, -0.002], 60)
([-0.5214, -0.2165, -0.0373, -0.0291, -0.356, -0.002], 61)
([-0.6175, -0.2614, -0.0424, -0.0321, -0.4066, -0.002], 61)
([-0.6175, -0.3064, -0.048, -0.0367, -0.4419, -0.002], 61)
([-0.7128, -0.3522, -0.0536, -0.0383, -0.491, -0.002], 60)
([-0.8081, -0.3522, -0.0536, -0.0398, -0.5247, -0.002], 61)
([-0.9006, -0.3985, -0.0587, -0.0444, -0.5738, -0.002], 61)
([-0.9006, -0.4412, -0.0633, -0.0475, -0.6091, -0.002], 61)
([-0.9865, -0.4793, -0.0679, -0.049, -0.649, -0.002], 60)
([-1.0631, -0.4793, -0.0679, -0.0505, -0.6889, -0.002], 60)
([-1.1259, -0.5123, -0.0715, -0.0551, -0.7119, -0.002], 61)
([-1.1259, -0.5393, -0.0746, -0.0551, -0.7318, -0.002], 61)
([-1.1743, -0.5591, -0.0771, -0.0567, -0.7441, -0.002], 61)
([-1.2097, -0.5591, -0.0771, -0.0582, -0.7563, -0.002], 61)
([-1.2335, -0.5733, -0.0782, -0.0582, -0.7609, -0.002], 61)
([-1.2335, -0.5811, -0.0782, -0.0582, -0.7702, -0.002], 61)
([-1.2451, -0.5843, -0.0792, -0.0582, -0.764, -0.002], 61)
([-1.2494, -0.5843, -0.0792, -0.0582, -0.7625, -0.002], 61)
([-1.2501, -0.5847, -0.0792, -0.0582, -0.7594, -0.002], 61)
([-1.2501, -0.5847, -0.0792, -0.0582, -0.7671, -0.002], 60)
([-1.2494, -0.5847, -0.0776, -0.0597, -0.7732, -0.002], 60)
([-1.2415, -0.5847, -0.0776, -0.0643, -0.7809, -0.002], 61)
([-1.2241, -0.5847, -0.0715, -0.0873, -0.787, -0.002], 61)
([-1.2241, -0.5847, -0.0603, -0.118, -0.7932, -0.002], 60)
([-1.1952, -0.5852, -0.0409, -0.1487, -0.8085, -0.002], 61)
([-1.1534, -0.5852, -0.0143, -0.2085, -0.8484, -0.002], 61)
([-1.0992, -0.5852, -0.0143, -0.2592, -0.8745, -0.0071], 60)
([-1.0328, -0.5857, 0.0189, -0.3236, -0.9082, -0.002], 60)
([-1.0328, -0.5861, 0.0603, -0.3635, -0.9282, -0.002], 60)
([-0.9533, -0.5866, 0.1073, -0.4325, -0.9696, -0.002], 60)
([-0.8659, -0.5866, 0.1073, -0.5123, -1.0095, -0.002], 61)
([-0.7728, -0.5875, 0.1589, -0.5798, -1.0463, -0.002], 60)
([-0.7728, -0.588, 0.2115, -0.658, -1.0908, -0.002], 61)
([-0.6789, -0.5884, 0.2646, -0.7393, -1.1368, 0.0031], 61)
([-0.5843, -0.5884, 0.2646, -0.8052, -1.1721, -0.002], 61)
([-0.4897, -0.5889, 0.3177, -0.8912, -1.2196, -0.002], 60)
([-0.4897, -0.5893, 0.3709, -0.9556, -1.2534, -0.002], 61)
([-0.3922, -0.5903, 0.4245, -1.0338, -1.2994, -0.002], 61)
([-0.2975, -0.5903, 0.4245, -1.1028, -1.3377, -0.002], 60)
([-0.2094, -0.5907, 0.4766, -1.1642, -1.3699, -0.002], 61)
([-0.2094, -0.5912, 0.5236, -1.2394, -1.4098, -0.002], 60)
([-0.1293, -0.5912, 0.5645, -1.29, -1.4374, -0.002], 61)
([-0.0621, -0.5912, 0.5645, -1.3421, -1.4666, -0.002], 61)
([-0.0065, -0.5916, 0.5992, -1.3698, -1.4835, -0.002], 61)
([-0.0065, -0.5916, 0.6273, -1.3928, -1.4957, -0.002], 61)
([0.0354, -0.5921, 0.6472, -1.4142, -1.5065, -0.002], 61)
([0.0643, -0.5921, 0.66, -1.4219, -1.5095, -0.002], 61)
([0.0816, -0.5921, 0.66, -1.4234, -1.5126, -0.002], 61)
([0.0881, -0.5921, 0.6666, -1.4234, -1.5126, -0.002], 61)
([0.0881, -0.5921, 0.6692, -1.4234, -1.5126, -0.002], 60)
([0.0917, -0.5921, 0.6697, -1.4234, -1.5126, -0.002], 61)
([0.0896, -0.5921, 0.6697, -1.4265, -1.5157, -0.002], 60)
([0.0867, -0.5921, 0.6687, -1.428, -1.5157, -0.002], 60)
([0.0867, -0.5907, 0.6666, -1.428, -1.5111, -0.002], 61)
([0.0758, -0.5893, 0.6631, -1.4296, -1.4942, -0.002], 60)
([0.0571, -0.5893, 0.6631, -1.4342, -1.4497, -0.002], 60)
([0.0267, -0.5857, 0.6579, -1.4388, -1.4022, -0.002], 61)
([0.0267, -0.5815, 0.6518, -1.4434, -1.3469, -0.002], 60)
([-0.0159, -0.5765, 0.6436, -1.4465, -1.2994, -0.002], 61)
([-0.0701, -0.5765, 0.6436, -1.4572, -1.2165, -0.002], 61)
([-0.1358, -0.5705, 0.6339, -1.4664, -1.1444, -0.002], 61)
([-0.1358, -0.5632, 0.6217, -1.4756, -1.0555, -0.002], 61)
([-0.2102, -0.5563, 0.6084, -1.4817, -0.9757, -0.002], 61)
([-0.2889, -0.5485, 0.5951, -1.4955, -0.8438, -0.002], 61)
([-0.3698, -0.5485, 0.5951, -1.5063, -0.7303, -0.002], 61)
([-0.4521, -0.5412, 0.5813, -1.517, -0.6474, -0.002], 61)
([-0.4521, -0.5338, 0.5675, -1.5262, -0.5309, -0.002], 61)
([-0.5344, -0.5256, 0.5537, -1.5339, -0.4603, -0.002], 60)
([-0.6139, -0.5256, 0.5537, -1.5431, -0.3544, -0.002], 61)
([-0.6868, -0.5182, 0.541, -1.5477, -0.2547, -0.002], 60)
([-0.6868, -0.5123, 0.5297, -1.5554, -0.1704, -0.002], 60)
([-0.7482, -0.5068, 0.5195, -1.563, -0.0937, -0.002], 61)
([-0.8024, -0.5068, 0.5195, -1.5646, -0.0446, -0.002], 60)
([-0.8414, -0.5031, 0.5124, -1.5661, 0.0076, -0.002], 61)
([-0.8414, -0.5013, 0.5062, -1.5661, 0.026, -0.002], 61)
([-0.8695, -0.5004, 0.5027, -1.5676, 0.0383, -0.002], 61)
([-0.8854, -0.5004, 0.5027, -1.5676, 0.0398, -0.002], 60)
([-0.8941, -0.5004, 0.5006, -1.5676, 0.0321, -0.002], 73)
([-0.897, -0.4999, 0.5001, -1.5676, 0.0245, -0.002], 73)
([-0.897, -0.4999, 0.5001, -1.5676, 0.0275, -0.002], 73)
([-0.8941, -0.4903, 0.4899, -1.5676, 0.0429, -0.002], 175)
([-0.8775, -0.4811, 0.4746, -1.5646, 0.0413, -0.002], 152)
([-0.8623, -0.4669, 0.45, -1.5278, 0.0383, -0.002], 76)
([-0.8421, -0.4467, 0.4163, -1.4725, 0.0337, -0.002], 77)
([-0.8175, -0.4219, 0.3724, -1.4142, 0.0321, -0.002], 76)
([-0.7886, -0.3912, 0.3203, -1.3437, 0.0291, -0.002], 78)
([-0.7561, -0.3564, 0.2605, -1.2838, 0.0291, -0.002], 78)
([-0.7229, -0.3187, 0.1951, -1.2317, 0.0245, -0.002], 75)
([-0.689, -0.2807, 0.1277, -1.1749, 0.0245, -0.002], 75)
([-0.689, -0.2431, 0.0598, -1.1228, 0.0229, -0.002], 61)
([-0.6543, -0.2045, -0.0082, -1.0706, 0.0229, -0.002], 61)
([-0.6197, -0.2045, -0.0082, -1.0277, 0.0214, -0.002], 60)
([-0.5857, -0.1656, -0.0756, -0.9755, 0.0183, -0.002], 61)
([-0.5857, -0.1266, -0.143, -0.9418, 0.0183, 0.0031], 60)
([-0.551, -0.0876, -0.2115, -0.8927, 0.0183, -0.002], 61)
([-0.5157, -0.0876, -0.2115, -0.8329, 0.0168, -0.002], 61)
([-0.4803, -0.0495, -0.2794, -0.7807, 0.0168, -0.002], 61)
([-0.4456, -0.0096, -0.3474, -0.7316, 0.0106, -0.002], 61)
([-0.4456, 0.0294, -0.4153, -0.6933, 0.0106, -0.002], 60)
([-0.4109, 0.0688, -0.4832, -0.635, 0.0106, -0.002], 60)
([-0.3755, 0.0688, -0.4832, -0.5936, 0.0106, -0.002], 60)
([-0.3409, 0.1064, -0.5502, -0.5521, 0.0106, -0.002], 61)
([-0.3409, 0.1458, -0.6181, -0.5061, 0.0091, -0.002], 60)
([-0.3062, 0.1857, -0.6871, -0.4647, 0.0076, -0.002], 60)
([-0.2715, 0.1857, -0.6871, -0.4125, 0.0045, -0.002], 60)
([-0.2369, 0.2252, -0.756, -0.3619, 0.0045, -0.002], 61)
([-0.2369, 0.2637, -0.824, -0.3282, 0.0045, -0.002], 61)
([-0.2022, 0.3027, -0.8919, -0.2776, 0.003, -0.002], 60)
([-0.1668, 0.3027, -0.8919, -0.2331, 0.0045, -0.002], 61)
([-0.1336, 0.3412, -0.9593, -0.1809, -0.0016, -0.002], 61)
([-0.1336, 0.3784, -1.0242, -0.1426, -0.0032, -0.002], 61)
([-0.1011, 0.4118, -1.0824, -0.0996, -0.0016, -0.002], 61)
([-0.0737, 0.4118, -1.0824, -0.0674, -0.0032, -0.002], 61)
([-0.0498, 0.4398, -1.133, -0.0383, -0.0016, -0.002], 61)
([-0.0498, 0.4632, -1.1749, -0.0183, -0.0032, -0.002], 60)
([-0.0311, 0.4802, -1.2061, 0.0016, -0.0016, -0.002], 61)
([-0.0173, 0.4926, -1.2285, 0.0062, -0.0032, -0.002], 61)
([-0.0094, 0.4926, -1.2285, 0.0124, -0.0032, -0.002], 61)
([-0.0051, 0.4994, -1.2413, 0.0139, -0.0032, -0.002], 61)
([-0.0051, 0.4999, -1.2469, 0.0139, -0.0032, -0.002], 61)
([-0.0029, 0.4999, -1.2469, 0.0139, -0.0032, -0.002], 61)
([-0.0029, 0.4999, -1.2495, 0.0139, -0.0032, -0.002], 60)
([-0.0029, 0.4999, -1.2495, 0.017, -0.0032, -0.002], 60)
([-0.0029, 0.4999, -1.249, 0.017, -0.0032, -0.002], 61)
([0.0, 0.4999, -1.2505, 0.017, -0.0016, -0.002], 61)
([0.0, 0.4999, -1.2505, 0.017, -0.0016, -0.002], 61)
([0.0, 0.4999, -1.2505, 0.017, -0.0016, -0.002], 60)
([0.0, 0.4999, -1.2505, 0.017, -0.0032, -0.002], 60)
([0.0, 0.4999, -1.2505, 0.017, -0.0032, -0.002], 61)
([0.0, 0.4999, -1.2505, 0.017, -0.0032, -0.002], 61)
([0.0, 0.4999, -1.25, 0.017, -0.0032, -0.002], 60)
([0.0, 0.4999, -1.25, 0.0154, -0.0032, -0.002], 61)
([0.0, 0.4999, -1.25, 0.0154, -0.0032, -0.002], 61)
([0.0, 0.4999, -1.25, 0.0154, -0.0032, -0.002], 61)
([0.0, 0.4999, -1.25, 0.0154, -0.0032, -0.002], 61)
([0.0, 0.4994, -1.249, 0.0154, -0.0016, -0.002], 60)
([0.0, 0.4972, -1.2449, 0.0154, -0.0032, -0.002], 60)
([0.0, 0.4972, -1.2449, 0.0154, -0.0032, -0.002], 61)
([0.0, 0.4935, -1.2301, 0.0154, -0.0032, -0.002], 60)
([0.0, 0.4857, -1.2071, 0.0154, -0.0032, -0.002], 60)
([0.0, 0.4742, -1.1769, 0.0154, -0.0032, -0.002], 60)
([0.0, 0.4742, -1.1769, 0.0154, -0.0032, 0.0031], 60)
([0.0, 0.4577, -1.1345, 0.0154, -0.0032, 0.0031], 61)
([0.0, 0.4366, -1.083, 0.0154, -0.0032, -0.002], 61)
([0.0, 0.4128, -1.0222, 0.0154, -0.0032, -0.002], 61)
([0.0, 0.3866, -0.9573, 0.0154, -0.0032, -0.002], 60)
([0.0, 0.3866, -0.9573, 0.0154, -0.0032, -0.002], 60)
([0.0, 0.36, -0.8914, 0.0154, -0.0032, -0.002], 61)
([0.0, 0.3325, -0.8235, 0.0154, -0.0032, -0.002], 60)
([0.0, 0.3054, -0.755, 0.0154, -0.0032, -0.002], 61)
([0.0, 0.3054, -0.755, 0.0139, -0.0032, -0.002], 61)
([0.0, 0.2784, -0.6866, 0.0139, -0.0032, -0.002], 61)
([0.0, 0.2513, -0.6181, 0.0139, -0.0032, -0.002], 60)
([0.0, 0.2238, -0.5502, 0.0139, -0.0032, -0.002], 60)
([0.0, 0.2238, -0.5502, 0.0124, -0.0032, -0.002], 60)
([0.0, 0.1963, -0.4827, 0.0124, -0.0032, -0.002], 61)
([0.0, 0.1688, -0.4158, 0.0108, -0.0047, -0.002], 60)
([0.0, 0.1413, -0.3469, 0.0093, -0.0032, -0.002], 61)
([0.0, 0.1413, -0.3469, 0.0062, -0.0032, -0.002], 61)
([0.0, 0.1142, -0.2789, 0.0047, -0.0032, 0.0031], 60)
([0.0, 0.0885, -0.2151, 0.0032, -0.0032, -0.002], 61)
([0.0, 0.066, -0.1563, 0.0016, -0.0032, -0.002], 61)
([0.0, 0.0472, -0.1093, 0.0032, -0.0032, -0.002], 61)
([0.0, 0.0472, -0.1093, 0.0016, -0.0032, -0.002], 61)
([0.0, 0.0326, -0.0725, 0.0016, -0.0032, -0.002], 61)
([0.0, 0.0211, -0.0434, 0.0016, -0.0032, -0.002], 61)
([0.0, 0.0128, -0.022, 0.0001, -0.0032, -0.002], 61)
([0.0, 0.0128, -0.022, -0.003, -0.0032, -0.002], 60)
([0.0, 0.0083, -0.0112, -0.003, -0.0032, -0.002], 61)
([0.0, 0.0064, -0.0061, -0.003, -0.0032, -0.002], 60)
([0.0, 0.0064, -0.0051, -0.0045, -0.0032, -0.002], 60)
([0.0, 0.0064, -0.0056, -0.0045, -0.0032, -0.002], 61)
([-0.0014, 0.0064, -0.0056, -0.0045, -0.0032, 0.0031], 61)
([-0.0094, 0.0032, -0.0077, -0.0045, -0.0032, -0.002], 61)
([-0.0094, 0.0005, -0.0112, -0.0045, -0.0047, -0.002], 61)
([-0.0282, -0.0092, -0.0138, -0.0045, -0.02, -0.002], 60)
([-0.0585, -0.0092, -0.0138, -0.006, -0.0384, -0.002], 61)
([-0.1018, -0.0271, -0.0169, -0.006, -0.0676, 0.0031], 61)
([-0.1018, -0.0514, -0.0199, -0.0076, -0.0937, -0.002], 61)
([-0.1603, -0.0826, -0.0235, -0.0106, -0.132, -0.002], 61)
([-0.2311, -0.0826, -0.0235, -0.0137, -0.1704, 0.0031], 61)
([-0.3142, -0.1192, -0.0276, -0.0168, -0.2026, -0.002], 60)
([-0.3142, -0.161, -0.0327, -0.0214, -0.2471, 0.0031], 61)
([-0.4044, -0.161, -0.0378, -0.0245, -0.3008, -0.002], 61)
([-0.499, -0.2055, -0.0378, -0.0275, -0.3422, 0.0031], 61)
([-0.5937, -0.2504, -0.0429, -0.0321, -0.3882, -0.002], 60)
([-0.5937, -0.2954, -0.048, -0.0367, -0.4357, -0.002], 60)
([-0.689, -0.3412, -0.0531, -0.0383, -0.4726, -0.002], 60)
([-0.785, -0.3412, -0.0531, -0.0398, -0.517, -0.002], 60)
([-0.8789, -0.3871, -0.0582, -0.0429, -0.5661, -0.002], 61)
([-0.8789, -0.4311, -0.0633, -0.0459, -0.6029, -0.002], 61)
([-0.9663, -0.4706, -0.0679, -0.0505, -0.6536, -0.002], 61)
([-1.0458, -0.5049, -0.071, -0.0505, -0.6919, -0.002], 61)
([-1.1122, -0.5049, -0.071, -0.0551, -0.7134, -0.002], 61)
([-1.1642, -0.5334, -0.0746, -0.0567, -0.7318, -0.002], 61)
([-1.1642, -0.5545, -0.0771, -0.0567, -0.7456, -0.002], 61)
([-1.2025, -0.5701, -0.0782, -0.0567, -0.7548, 0.0031], 61)
([-1.2292, -0.5701, -0.0782, -0.0582, -0.764, -0.002], 61)
([-1.2422, -0.5797, -0.0782, -0.0582, -0.7686, 0.0031], 61)
([-1.2422, -0.5838, -0.0782, -0.0582, -0.764, 0.0031], 61)
([-1.2487, -0.5838, -0.0782, -0.0582, -0.7625, 0.0031], 61)
([-1.2501, -0.5857, -0.0792, -0.0582, -0.7609, -0.002], 61)
([-1.2487, -0.5843, -0.0792, -0.0582, -0.764, 0.0031], 61)
([-1.2487, -0.5843, -0.0782, -0.0582, -0.7702, 0.0031], 61)
([-1.2422, -0.5843, -0.0736, -0.0659, -0.7763, 0.0031], 60)
([-1.227, -0.5843, -0.0736, -0.0843, -0.7824, -0.002], 61)
([-1.201, -0.5847, -0.0633, -0.115, -0.7901, -0.002], 61)
([-1.1613, -0.5847, -0.046, -0.1548, -0.81, -0.002], 61)
([-1.1613, -0.5847, -0.0209, -0.2009, -0.8392, 0.0031], 61)
([-1.1108, -0.5852, 0.0107, -0.2377, -0.8607, 0.0031], 61)
([-1.0472, -0.5852, 0.0107, -0.2975, -0.8944, 0.0031], 61)
([-0.9714, -0.5857, 0.0506, -0.3558, -0.9266, 0.0031], 61)
([-0.9714, -0.5866, 0.0955, -0.4478, -0.9742, 0.0031], 61)
([-0.8854, -0.587, 0.1456, -0.5015, -1.0033, 0.0031], 60)
([-0.7944, -0.587, 0.1456, -0.5828, -1.0493, -0.002], 61)
([-0.6998, -0.5875, 0.1987, -0.6611, -1.0923, 0.0031], 60)
([-0.6998, -0.588, 0.2523, -0.7301, -1.1306, 0.0031], 61)
([-0.6052, -0.5889, 0.3055, -0.796, -1.1659, 0.0031], 61)
([-0.5099, -0.5889, 0.3055, -0.8727, -1.2089, 0.0031], 61)
([-0.4131, -0.5893, 0.3586, -0.9571, -1.2564, 0.0031], 61)
([-0.4131, -0.5898, 0.4122, -1.0185, -1.2917, 0.0031], 60)
([-0.317, -0.5903, 0.4649, -1.1044, -1.3377, 0.0031], 60)
([-0.2275, -0.5903, 0.4649, -1.1565, -1.3653, 0.0082], 60)
([-0.1452, -0.5912, 0.5134, -1.2286, -1.4037, 0.0082], 61)
([-0.1452, -0.5912, 0.5558, -1.2854, -1.4344, 0.0082], 60)
([-0.0751, -0.5916, 0.5926, -1.3283, -1.4574, 0.0082], 61)
([-0.0173, -0.5921, 0.6217, -1.379, -1.4896, 0.0031], 61)
([0.0274, -0.5921, 0.6217, -1.402, -1.5003, 0.0031], 60)
([0.0592, -0.5921, 0.6431, -1.4096, -1.5049, 0.0082], 60)
([0.0592, -0.5921, 0.6579, -1.4204, -1.5095, 0.0031], 61)
([0.0794, -0.5921, 0.6656, -1.4219, -1.5126, 0.0031], 61)
([0.0874, -0.5921, 0.6656, -1.4219, -1.5126, 0.0082], 61)
([0.0917, -0.5921, 0.6687, -1.4219, -1.5126, 0.0031], 61)
([0.0917, -0.5921, 0.6702, -1.4219, -1.5126, 0.0082], 60)
([0.0924, -0.5921, 0.6702, -1.4219, -1.5126, 0.0031], 61)
([0.0924, -0.5921, 0.6702, -1.4234, -1.5126, 0.0031], 61)
([0.0881, -0.5916, 0.6702, -1.425, -1.5126, 0.0031], 61)
([0.0881, -0.5907, 0.6682, -1.425, -1.5111, 0.0082], 60)
([0.0773, -0.5889, 0.6646, -1.425, -1.4911, 0.0031], 60)
([0.0571, -0.5889, 0.6646, -1.425, -1.4497, 0.0031], 61)
([0.0253, -0.5857, 0.659, -1.4265, -1.4098, 0.0031], 61)
([0.0253, -0.5811, 0.6528, -1.4372, -1.3638, 0.0082], 61)
([-0.0188, -0.5756, 0.6447, -1.4511, -1.2764, 0.0031], 61)
([-0.0744, -0.5756, 0.6447, -1.4587, -1.2104, 0.0031], 61)
([-0.1416, -0.5696, 0.6334, -1.4695, -1.1107, 0.0031], 61)
([-0.2174, -0.5627, 0.6217, -1.4756, -1.0309, 0.0082], 61)
([-0.2174, -0.5554, 0.6084, -1.4848, -0.9297, 0.0082], 61)
([-0.2968, -0.5481, 0.5946, -1.4925, -0.853, 0.0031], 61)
([-0.3784, -0.5481, 0.5946, -1.5047, -0.7395, 0.0031], 61)
([-0.4608, -0.5403, 0.5808, -1.5155, -0.6551, 0.0082], 61)
([-0.4608, -0.5325, 0.567, -1.5247, -0.5508, 0.0082], 61)
([-0.5431, -0.5251, 0.5532, -1.5339, -0.448, 0.0082], 61)
([-0.6218, -0.5251, 0.5532, -1.5416, -0.3682, 0.0082], 61)
([-0.6933, -0.5178, 0.5405, -1.5477, -0.2624, 0.0082], 61)
([-0.6933, -0.5114, 0.5287, -1.5554, -0.1719, 0.0031], 61)
([-0.7561, -0.5059, 0.5185, -1.5615, -0.1029, 0.0082], 60)
([-0.8067, -0.5059, 0.5185, -1.5646, -0.0338, 0.0031], 60)
([-0.845, -0.5031, 0.5113, -1.5661, 0.003, 0.0031], 61)
([-0.845, -0.5013, 0.5057, -1.5661, 0.0306, 0.0031], 60)
([-0.8724, -0.5004, 0.5021, -1.5676, 0.0383, 0.0082], 61)
([-0.8876, -0.5004, 0.5021, -1.5676, 0.0398, 0.0082], 61)
([-0.8941, -0.5004, 0.5006, -1.5676, 0.0337, 0.0031], 61)
([-0.897, -0.4999, 0.5001, -1.5676, 0.0245, 0.0031], 61)
([-0.897, -0.4999, 0.5001, -1.5676, 0.0229, 0.0031], 60)
([-0.8977, -0.4999, 0.5001, -1.5676, 0.026, 0.0031], 61)
([-0.897, -0.4999, 0.5001, -1.5676, 0.0352, 0.0031], 60)
([-0.897, -0.4972, 0.4975, -1.5676, 0.0383, 0.0082], 61)
([-0.8934, -0.4907, 0.4894, -1.5676, 0.0413, 0.0082], 60)
([-0.8876, -0.4907, 0.4894, -1.5676, 0.0413, 0.0031], 61)
([-0.8775, -0.4811, 0.4746, -1.5661, 0.0383, 0.0082], 61)
([-0.8775, -0.4664, 0.45, -1.5462, 0.0383, 0.0082], 60)
([-0.8623, -0.4458, 0.4153, -1.517, 0.0352, 0.0031], 61)
([-0.8421, -0.421, 0.3719, -1.4526, 0.0337, 0.0031], 61)
([-0.8175, -0.421, 0.3719, -1.4004, 0.0321, 0.0082], 61)
([-0.7886, -0.3903, 0.3198, -1.359, 0.0275, 0.0082], 61)
([-0.7886, -0.3554, 0.2605, -1.3023, 0.026, 0.0082], 61)
([-0.7569, -0.3183, 0.1946, -1.2608, 0.026, 0.0031], 60)
([-0.7229, -0.3183, 0.1946, -1.2087, 0.0245, 0.0082], 60)
([-0.689, -0.2807, 0.1282, -1.155, 0.0229, 0.0082], 60)
([-0.689, -0.2426, 0.0603, -1.1151, 0.0229, 0.0082], 61)
([-0.6543, -0.2041, -0.0077, -1.0599, 0.0198, 0.0082], 60)
([-0.6204, -0.2041, -0.0077, -1.0215, 0.0183, 0.0082], 60)
([-0.585, -0.1651, -0.0746, -0.9663, 0.0168, 0.0031], 60)
([-0.585, -0.1257, -0.143, -0.9295, 0.0168, 0.0031], 60)
([-0.5503, -0.0871, -0.2115, -0.8758, 0.0168, 0.0031], 61)
([-0.5157, -0.0871, -0.2115, -0.8344, 0.0168, 0.0082], 60)
([-0.4803, -0.0491, -0.2794, -0.7822, 0.0137, 0.0082], 60)
([-0.4803, -0.0096, -0.3474, -0.7424, 0.0122, 0.0031], 61)
([-0.4456, 0.0298, -0.4153, -0.6871, 0.0106, 0.0082], 61)
([-0.4109, 0.0298, -0.4153, -0.6472, 0.0106, 0.0031], 61)
([-0.3755, 0.0688, -0.4827, -0.6058, 0.0106, 0.0082], 61)
([-0.3409, 0.1078, -0.5502, -0.5429, 0.0091, 0.0031], 61)
([-0.3409, 0.1468, -0.6186, -0.4923, 0.0091, 0.0082], 61)
([-0.3062, 0.1857, -0.6866, -0.4524, 0.006, 0.0031], 61)
([-0.2723, 0.1857, -0.6866, -0.4049, 0.0045, 0.0082], 61)
([-0.2376, 0.2252, -0.755, -0.3665, 0.0045, 0.0082], 61)
([-0.2376, 0.2642, -0.8235, -0.3144, 0.0045, 0.0031], 60)
([-0.2029, 0.3027, -0.8914, -0.2714, 0.003, 0.0082], 60)
([-0.1676, 0.3027, -0.8914, -0.2162, 0.0014, 0.0031], 61)
([-0.1336, 0.3417, -0.9593, -0.1809, -0.0032, 0.0082], 61)
([-0.1336, 0.3788, -1.0237, -0.1349, -0.0016, 0.0082], 61)
([-0.1011, 0.4123, -1.0824, -0.0981, -0.0032, 0.0082], 60)
([-0.0729, 0.4123, -1.0824, -0.0628, -0.0032, 0.0082], 60)
([-0.0498, 0.4407, -1.133, -0.0337, -0.0032, 0.0082], 61)
([-0.0498, 0.4637, -1.1749, -0.0152, -0.0032, 0.0031], 61)
([-0.0318, 0.4806, -1.2061, -0.0014, -0.0032, 0.0082], 61)
([-0.0173, 0.4806, -1.2061, 0.0062, -0.0032, 0.0082], 61)
([-0.0094, 0.4926, -1.2285, 0.0093, -0.0016, 0.0082], 61)
([-0.0094, 0.4994, -1.2413, 0.0124, -0.0032, 0.0031], 61)
([-0.0051, 0.4999, -1.2469, 0.0139, -0.0032, 0.0031], 60)
([-0.0029, 0.4999, -1.2469, 0.0139, -0.0032, 0.0082], 61)
([-0.0029, 0.4999, -1.2495, 0.0139, -0.0032, 0.0031], 60)
([-0.0029, 0.4999, -1.2495, 0.0139, -0.0032, 0.0082], 60)
([-0.0029, 0.4999, -1.25, 0.0154, -0.0032, 0.0082], 61)
([0.0, 0.4999, -1.25, 0.0154, -0.0016, 0.0031], 61)
([0.0, 0.4999, -1.25, 0.0154, -0.0016, 0.0082], 61)
([0.0, 0.4999, -1.25, 0.0154, -0.0032, 0.0082], 61)
([0.0, 0.4999, -1.25, 0.0154, -0.0032, 0.0082], 61)
([0.0, 0.4999, -1.25, 0.0154, -0.0016, 0.0082], 60)
([0.0, 0.4999, -1.25, 0.0154, -0.0032, 0.0082], 60)
([0.0, 0.4999, -1.25, 0.0139, -0.0016, 0.0031], 60)
([0.0, 0.4999, -1.25, 0.0139, -0.0016, 0.0082], 60)
([0.0, 0.4999, -1.25, 0.0139, -0.0016, 0.0031], 60)
([0.0, 0.4999, -1.25, 0.0139, -0.0016, 0.0082], 63)
([0.0, 0.4999, -1.25, 0.0139, -0.0032, 0.0082], 61)
([0.0, 0.4999, -1.25, 0.0139, -0.0032, 0.0082], 60)
([0.0, 0.4972, -1.2474, 0.0139, -0.0032, 0.0082], 61)
([0.0, 0.4949, -1.2367, 0.0139, -0.0032, 0.0082], 61)
([0.0, 0.4949, -1.2367, 0.0139, -0.0032, 0.0082], 61)
([0.0, 0.4889, -1.2163, 0.0139, -0.0032, 0.0082], 60)
([0.0, 0.4788, -1.1892, 0.0139, -0.0032, 0.0031], 61)
([0.0, 0.4641, -1.1519, 0.0139, -0.0032, 0.0031], 61)
([0.0, 0.4641, -1.1519, 0.0139, -0.0032, 0.0082], 61)
([0.0, 0.4449, -1.1039, 0.0139, -0.0016, 0.0031], 60)
([0.0, 0.4219, -1.0457, 0.0139, -0.0032, 0.0082], 61)
([0.0, 0.3967, -0.9818, 0.0139, -0.0032, 0.0082], 61)
([0.0, 0.3967, -0.9818, 0.0139, -0.0032, 0.0082], 60)
([0.0, 0.3697, -0.9159, 0.0139, -0.0032, 0.0082], 60)
([0.0, 0.3426, -0.8495, 0.0139, -0.0032, 0.0031], 61)
([0.0, 0.3155, -0.7811, 0.0139, -0.0032, 0.0031], 60)
([0.0, 0.3155, -0.7811, 0.0139, -0.0032, 0.0031], 60)
([0.0, 0.2885, -0.7131, 0.0124, -0.0032, 0.0031], 60)
([0.0, 0.2614, -0.6447, 0.0124, -0.0032, 0.0082], 61)
([0.0, 0.2344, -0.5767, 0.0124, -0.0032, 0.0031], 61)
([0.0, 0.2344, -0.5767, 0.0124, -0.0032, 0.0082], 61)
([0.0, 0.2064, -0.5088, 0.0124, -0.0032, 0.0082], 61)
([0.0, 0.1789, -0.4414, 0.0108, -0.0032, 0.0031], 61)
([0.0, 0.1513, -0.3729, 0.0093, -0.0032, 0.0082], 61)
([0.0, 0.1238, -0.305, 0.0078, -0.0032, 0.0082], 61)
([0.0, 0.1238, -0.305, 0.0078, -0.0032, 0.0031], 60)
([0.0, 0.0977, -0.2386, 0.0047, -0.0032, 0.0031], 60)
([0.0, 0.0738, -0.1778, 0.0032, -0.0032, 0.0031], 60)
([0.0, 0.0537, -0.1262, 0.0032, -0.0032, 0.0082], 60)
([0.0, 0.0537, -0.1262, 0.0032, -0.0032, 0.0082], 61)
([0.0, 0.0376, -0.0863, 0.0032, -0.0032, 0.0082], 60)
([0.0, 0.0248, -0.0541, 0.0032, -0.0032, 0.0082], 61)
([0.0, 0.0151, -0.0291, 0.0016, -0.0032, 0.0082], 60)
([0.0, 0.0151, -0.0291, 0.0016, -0.0032, 0.0031], 61)
([0.0, 0.0096, -0.0143, 0.0016, -0.0032, 0.0031], 61)
([0.0, 0.0069, -0.0077, -0.0014, -0.0032, 0.0082], 60)
([0.0, 0.006, -0.0051, -0.0014, -0.0032, 0.0082], 60)
([0.0, 0.0069, -0.0066, -0.0014, -0.0032, 0.0082], 60)
([0.0, 0.0069, -0.0066, -0.003, -0.0032, 0.0031], 61)
([-0.0043, 0.0055, -0.0077, -0.0045, -0.0032, 0.0031], 61)
([-0.0043, 0.0028, -0.0087, -0.003, -0.0016, 0.0031], 61)
([-0.0173, -0.0046, -0.0102, -0.0045, -0.0062, 0.0082], 60)
([-0.0412, -0.0046, -0.0102, -0.0045, -0.0154, 0.0082], 60)
([-0.078, -0.0183, -0.0128, -0.0045, -0.04, 0.0082], 61)
([-0.078, -0.0394, -0.0153, -0.006, -0.0722, 0.0031], 61)
([-0.1286, -0.0394, -0.0189, -0.0076, -0.0952, 0.0031], 60)
([-0.1928, -0.0665, -0.0189, -0.0106, -0.1428, 0.0082], 61)
([-0.2694, -0.1004, -0.0225, -0.0137, -0.175, 0.0082], 61)
([-0.2694, -0.1399, -0.0276, -0.0168, -0.2148, 0.0031], 61)
([-0.3568, -0.1835, -0.0327, -0.0214, -0.2609, 0.0031], 61)
([-0.4499, -0.2284, -0.0378, -0.0275, -0.3253, 0.0082], 61)
([-0.5445, -0.2284, -0.0378, -0.0306, -0.3744, 0.0082], 61)
([-0.6399, -0.2733, -0.0434, -0.0337, -0.4127, 0.0082], 61)
([-0.6399, -0.3183, -0.0485, -0.0367, -0.448, 0.0082], 61)
([-0.7352, -0.3641, -0.0541, -0.0398, -0.5032, 0.0082], 61)
([-0.8305, -0.3641, -0.0541, -0.0398, -0.5416, 0.0082], 61)
([-0.9215, -0.4096, -0.0593, -0.0444, -0.5907, 0.0082], 61)
([-0.9215, -0.4513, -0.0644, -0.049, -0.6336, 0.0082], 60)
([-1.0068, -0.4884, -0.069, -0.0505, -0.6628, 0.0082], 61)
([-1.0797, -0.4884, -0.069, -0.0521, -0.6981, 0.0082], 60)
([-1.1396, -0.5196, -0.0725, -0.0551, -0.7134, 0.0031], 60)
([-1.1396, -0.5448, -0.0756, -0.0567, -0.7379, 0.0082], 60)
([-1.1844, -0.5627, -0.0782, -0.0567, -0.7487, 0.0082], 61)
([-1.2169, -0.5627, -0.0782, -0.0567, -0.7594, 0.0082], 61)
([-1.2371, -0.5756, -0.0782, -0.0582, -0.764, 0.0082], 61)
([-1.2371, -0.582, -0.0792, -0.0582, -0.7702, 0.0082], 61)
([-1.2458, -0.5847, -0.0792, -0.0582, -0.7655, 0.0082], 61)
([-1.2501, -0.5847, -0.0792, -0.0582, -0.7625, 0.0082], 61)
([-1.2509, -0.5861, -0.0792, -0.0582, -0.7594, 0.0031], 60)
([-1.2509, -0.5847, -0.0792, -0.0582, -0.764, 0.0082], 61)
([-1.2501, -0.5847, -0.0782, -0.0582, -0.7702, 0.0082], 61)
([-1.2429, -0.5847, -0.073, -0.0705, -0.7748, 0.0082], 60)
([-1.2277, -0.5847, -0.073, -0.0919, -0.7778, 0.0082], 61)
([-1.2277, -0.5852, -0.0623, -0.115, -0.7901, 0.0082], 61)
([-1.2003, -0.5852, -0.045, -0.1487, -0.8131, 0.0082], 61)
([-1.1599, -0.5852, -0.045, -0.1855, -0.833, 0.0031], 61)
([-1.1086, -0.5857, -0.0189, -0.2392, -0.8607, 0.0082], 61)
([-1.0436, -0.5861, 0.0133, -0.3128, -0.9005, 0.0082], 61)
([-1.0436, -0.5866, 0.0536, -0.3619, -0.9282, 0.0082], 61)
([-0.9656, -0.587, 0.1001, -0.4417, -0.9711, 0.0031], 61)
([-0.8782, -0.587, 0.1001, -0.5015, -1.0049, 0.0082], 61)
([-0.7872, -0.588, 0.2033, -0.6181, -1.0693, 0.0031], 105)
([-0.6919, -0.588, 0.2033, -0.6841, -1.1076, 0.0082], 60)
([-0.598, -0.5884, 0.2569, -0.7715, -1.1521, 0.0082], 61)
([-0.598, -0.5893, 0.3096, -0.8543, -1.1997, 0.0031], 61)
([-0.5019, -0.5898, 0.3627, -0.9372, -1.2426, 0.0082], 61)
([-0.4052, -0.5898, 0.3627, -1.0031, -1.2794, 0.0082], 60)
([-0.3098, -0.5903, 0.4173, -1.066, -1.3147, 0.0082], 60)
([-0.3098, -0.5907, 0.4695, -1.1366, -1.3546, 0.0082], 60)
([-0.221, -0.5912, 0.517, -1.1918, -1.3837, 0.0082], 60)
([-0.1401, -0.5912, 0.517, -1.2608, -1.4206, 0.0082], 60)
([-0.0708, -0.5912, 0.5594, -1.3237, -1.4543, 0.0082], 60)
([-0.0708, -0.5916, 0.5946, -1.3544, -1.4742, 0.0031], 60)
([-0.0137, -0.5916, 0.6237, -1.3882, -1.4942, 0.0082], 61)
([0.0303, -0.5921, 0.6447, -1.405, -1.5019, 0.0082], 61)
([0.0614, -0.5921, 0.6447, -1.4081, -1.5034, 0.0031], 61)
([0.0794, -0.5921, 0.6585, -1.4219, -1.5111, 0.0082], 61)
([0.0794, -0.5921, 0.6656, -1.4219, -1.5126, 0.0082], 61)
([0.0881, -0.5921, 0.6687, -1.4234, -1.5126, 0.0082], 60)
([0.0917, -0.5921, 0.6687, -1.4234, -1.5126, 0.0082], 60)
([0.0924, -0.5921, 0.6702, -1.4234, -1.5126, 0.0082], 60)
([0.0924, -0.5921, 0.6692, -1.425, -1.5157, 0.0082], 60)
([0.091, -0.5912, 0.6671, -1.425, -1.5157, 0.0082], 61)
([0.0816, -0.5912, 0.6671, -1.425, -1.5003, 0.0082], 60)
([0.0636, -0.5893, 0.6636, -1.4265, -1.4727, 0.0082], 60)
([0.0636, -0.5866, 0.659, -1.428, -1.4436, 0.0031], 61)
([0.0361, -0.5829, 0.6528, -1.4388, -1.3975, 0.0082], 60)
([-0.0036, -0.5829, 0.6528, -1.4465, -1.3147, 0.0082], 60)
([-0.0549, -0.5779, 0.6452, -1.4511, -1.2656, 0.0082], 60)
([-0.0549, -0.5714, 0.636, -1.4587, -1.2043, 0.0082], 60)
([-0.1177, -0.565, 0.6242, -1.4679, -1.1107, 0.0082], 60)
([-0.1899, -0.565, 0.6242, -1.4771, -1.0202, 0.0082], 60)
([-0.2687, -0.5581, 0.6115, -1.4848, -0.9496, 0.0082], 61)
([-0.3488, -0.5504, 0.5982, -1.4986, -0.8085, 0.0082], 61)
([-0.3488, -0.543, 0.5844, -1.5063, -0.7226, 0.0082], 61)
([-0.4304, -0.5352, 0.5711, -1.5201, -0.6106, 0.0082], 61)
([-0.5135, -0.5352, 0.5711, -1.5278, -0.5201, 0.0082], 61)
([-0.5937, -0.5274, 0.5573, -1.5354, -0.4204, 0.0082], 61)
([-0.5937, -0.5201, 0.544, -1.5431, -0.3376, 0.0082], 61)
([-0.6688, -0.5137, 0.5323, -1.5477, -0.244, 0.0082], 61)
([-0.7345, -0.5137, 0.5323, -1.5569, -0.1535, 0.0082], 61)
([-0.7901, -0.5082, 0.5221, -1.5615, -0.0891, 0.0082], 61)
([-0.7901, -0.5036, 0.5139, -1.5646, -0.0231, 0.0082], 60)
([-0.8327, -0.5017, 0.5078, -1.5661, 0.0122, 0.0082], 61)
([-0.863, -0.5017, 0.5078, -1.5661, 0.0275, 0.0082], 60)
([-0.8825, -0.5004, 0.5032, -1.5661, 0.0337, 0.0082], 60)
([-0.8825, -0.5004, 0.5011, -1.5676, 0.0367, 0.0082], 61)
([-0.8934, -0.4999, 0.5001, -1.5676, 0.0337, 0.0082], 61)
([-0.8963, -0.4999, 0.5001, -1.5676, 0.0291, 0.0082], 61)
([-0.897, -0.4999, 0.5001, -1.5676, 0.0245, 0.0082], 60)
([-0.897, -0.4999, 0.5001, -1.5676, 0.0367, 0.0082], 60)
([-0.8963, -0.4972, 0.4981, -1.5676, 0.0444, 0.0082], 61)
([-0.8941, -0.4912, 0.4914, -1.5676, 0.0459, 0.0082], 61)
([-0.8876, -0.4912, 0.4914, -1.5676, 0.0459, 0.0082], 60)
([-0.8789, -0.482, 0.4766, -1.5661, 0.0429, 0.0082], 61)
([-0.8789, -0.4683, 0.4536, -1.5508, 0.0413, 0.0082], 61)
([-0.8638, -0.4485, 0.4214, -1.5155, 0.0398, 0.0082], 60)
([-0.8443, -0.4485, 0.4214, -1.4679, 0.0367, 0.0082], 61)
([-0.8204, -0.4242, 0.379, -1.4296, 0.0352, 0.0082], 61)
([-0.8204, -0.3944, 0.3274, -1.3774, 0.0321, 0.0082], 61)
([-0.7923, -0.36, 0.2687, -1.3437, 0.0321, 0.0082], 61)
([-0.7605, -0.36, 0.2687, -1.2838, 0.0291, 0.0082], 61)
([-0.7265, -0.3229, 0.2043, -1.2363, 0.0291, 0.0082], 60)
([-0.7265, -0.2853, 0.1379, -1.1765, 0.0245, 0.0082], 61)
([-0.6926, -0.2472, 0.0695, -1.1381, 0.0245, 0.0082], 61)
([-0.6587, -0.2472, 0.0695, -1.0982, 0.0245, 0.0082], 61)
([-0.6233, -0.2087, 0.0015, -1.0415, 0.0229, 0.0082], 61)
([-0.6233, -0.1697, -0.0664, -0.9939, 0.0198, 0.0082], 61)
([-0.5893, -0.1307, -0.1338, -0.9464, 0.0183, 0.0082], 60)
([-0.5547, -0.0922, -0.2018, -0.8927, 0.0168, 0.0082], 61)
([-0.52, -0.0922, -0.2018, -0.839, 0.0168, 0.0082], 60)
([-0.4853, -0.0537, -0.2697, -0.7991, 0.0168, 0.0082], 60)
([-0.4853, -0.0142, -0.3382, -0.7454, 0.0168, 0.0082], 61)
([-0.4499, 0.0248, -0.4056, -0.7025, 0.0137, 0.0082], 61)
([-0.4153, 0.0248, -0.4056, -0.6565, 0.0106, 0.0082], 61)
([-0.3806, 0.0637, -0.4735, -0.6089, 0.0106, 0.0082], 60)
([-0.3806, 0.1027, -0.541, -0.5721, 0.0106, 0.0082], 60)
([-0.3452, 0.1417, -0.6089, -0.523, 0.0091, 0.0082], 61)
([-0.3105, 0.1417, -0.6089, -0.4785, 0.0091, 0.0082], 61)
([-0.2759, 0.1812, -0.6774, -0.4218, 0.0091, 0.0082], 61)
([-0.2759, 0.2201, -0.7458, -0.3819, 0.003, 0.0082], 61)
([-0.2412, 0.2596, -0.8148, -0.3435, 0.003, 0.0082], 61)
([-0.2066, 0.2596, -0.8148, -0.296, 0.003, 0.0082], 61)
([-0.1719, 0.2981, -0.8822, -0.23, 0.003, 0.0082], 67)
([-0.1719, 0.3371, -0.9491, -0.2039, 0.003, 0.0082], 61)
([-0.1372, 0.3747, -1.015, -0.1426, -0.0016, 0.0082], 61)
([-0.1054, 0.4086, -1.0753, -0.1027, -0.0016, 0.0082], 61)
([-0.0766, 0.4086, -1.0753, -0.072, -0.0016, 0.0082], 61)
([-0.0527, 0.4371, -1.1264, -0.0413, -0.0032, 0.0082], 60)
([-0.0527, 0.4609, -1.1698, -0.0198, -0.0032, 0.0082], 61)
([-0.0332, 0.4788, -1.202, -0.0014, -0.0032, 0.0082], 61)
([-0.0195, 0.4788, -1.202, 0.0062, -0.0032, 0.0082], 60)
([-0.0094, 0.4912, -1.226, 0.0108, -0.0032, 0.0082], 60)
([-0.0094, 0.499, -1.2403, 0.0139, -0.0032, 0.0082], 60)
([-0.0043, 0.4999, -1.2464, 0.0139, -0.0032, 0.0082], 60)
([-0.0029, 0.4999, -1.2464, 0.0139, -0.0032, 0.0082], 60)
([-0.0029, 0.4999, -1.2495, 0.0139, -0.0032, 0.0031], 61)
([-0.0029, 0.4999, -1.249, 0.017, -0.0032, 0.0082], 61)
([-0.0029, 0.4999, -1.2485, 0.017, -0.0032, 0.0082], 60)
([0.0, 0.4999, -1.2485, 0.0185, -0.0032, 0.0082], 61)
([0.0, 0.4999, -1.25, 0.017, -0.0032, 0.0082], 61)
([0.0, 0.4999, -1.25, 0.017, -0.0032, 0.0082], 61)
([0.0, 0.4999, -1.25, 0.017, -0.0032, 0.0082], 60)
([0.0, 0.4999, -1.25, 0.017, -0.0032, 0.0082], 74)
([0.0, 0.4999, -1.25, 0.0154, -0.0032, 0.0082], 60)
([0.0, 0.4999, -1.25, 0.0154, -0.0032, 0.0082], 60)
([0.0, 0.4999, -1.25, 0.0154, -0.0032, 0.0082], 60)
([0.0, 0.4999, -1.25, 0.0154, -0.0032, 0.0031], 60)
([0.0, 0.4999, -1.25, 0.0139, -0.0032, 0.0031], 61)
([0.0, 0.4999, -1.25, 0.0124, -0.0032, 0.0082], 61)
([0.0, 0.4999, -1.25, 0.0124, -0.0032, 0.0082], 61)
([0.0, 0.4999, -1.25, 0.0124, -0.0032, 0.0082], 61)
([0.0, 0.4999, -1.25, 0.0093, -0.0032, 0.0082], 61)
([0.0, 0.4999, -1.25, 0.0062, -0.0032, 0.0082], 61)
([0.0, 0.4999, -1.25, 0.0047, -0.0032, 0.0082], 61)
([0.0, 0.4999, -1.25, 0.0032, -0.0032, 0.0082], 61)
([0.0, 0.4999, -1.25, 0.0032, -0.0032, 0.0082], 61)
([0.0, 0.4999, -1.25, 0.0032, -0.0032, 0.0082], 61)
([0.0, 0.4999, -1.25, 0.0032, -0.0032, 0.0082], 61)
([0.0, 0.4999, -1.25, 0.0032, -0.0032, 0.0082], 61)
([0.0, 0.4999, -1.25, 0.0032, -0.0032, 0.0082], 61)
([0.0, 0.4999, -1.25, 0.0032, -0.0032, 0.0082], 61)
([0.0, 0.4999, -1.25, 0.0032, -0.0032, 0.0082], 61)
([0.0, 0.4999, -1.25, 0.0032, -0.0032, 0.0082], 61)
([0.0, 0.4999, -1.25, 0.0016, -0.0016, 0.0082], 61)
([0.0, 0.4999, -1.25, 0.0016, -0.0016, 0.0082], 61)
([0.0, 0.4999, -1.25, -0.0014, -0.0016, 0.0082], 61)
([0.0, 0.4999, -1.25, -0.003, -0.0016, 0.0082], 61)
([0.0, 0.4999, -1.25, -0.003, -0.0016, 0.0082], 61)