INFO: get_position: Starting controller: python.exe -u get_position.py
[-0.0, -0.0, 0.0, 0.0, -0.0, 0.0] 56.456
[0.05, -0.05, 0.0, 0.0, -0.05, 0.0] 61.715
[0.1, -0.1, 0.0, 0.0, -0.1, -0.0] 63.499
[0.15, -0.15, 0.0, 0.0, -0.15, 0.0] 61.356
[0.2, -0.2, 0.0, 0.0, -0.2, 0.0] 61.644
[0.26, -0.26, 0.0, 0.0, -0.26, 0.0] 69.486
[0.31, -0.31, 0.0, 0.0, -0.31, -0.0] 61.624
[0.36, -0.36, 0.0, 0.0, -0.36, 0.0] 64.458
[0.41, -0.41, 0.0, 0.0, -0.41, 0.0] 64.581
[0.46, -0.46, 0.0, 0.0, -0.46, -0.0] 79.71
[0.51, -0.51, 0.0, 0.0, -0.51, -0.0] 63.576
[0.56, -0.56, 0.0, 0.0, -0.56, 0.0] 61.001
[0.61, -0.58, 0.0, 0.0, -0.61, 0.0] 51.027
[0.67, -0.59, 0.0, 0.0, -0.67, 0.0] 80.247
[0.72, -0.6, 0.0, -0.0, -0.72, 0.0] 63.625
[0.77, -0.6, 0.0, -0.0, -0.77, 0.0] 64.175
[0.82, -0.6, 0.0, -0.0, -0.82, 0.0] 79.898
[0.87, -0.6, 0.0, -0.0, -0.87, 0.0] 63.633
[0.92, -0.6, 0.0, -0.0, -0.92, 0.0] 61.634
[0.97, -0.6, 0.0, -0.0, -0.96, 0.0] 63.11
[1.02, -0.6, 0.0, -0.0, -0.98, 0.0] 71.682
[1.08, -0.6, 0.0, -0.0, -0.99, 0.0] 68.669
[1.13, -0.6, 0.0, -0.0, -1.0, 0.0] 55.571
[1.18, -0.6, 0.0, -0.0, -1.0, 0.0] 63.384
[1.23, -0.6, 0.0, -0.0, -1.0, 0.0] 78.216
[1.28, -0.6, 0.0, -0.0, -1.0, 0.0] 65.388
[1.33, -0.6, 0.0, -0.0, -1.0, 0.0] 64.696
[1.38, -0.6, 0.0, -0.0, -1.0, 0.0] 63.829
[1.43, -0.6, 0.0, -0.0, -1.0, 0.0] 60.768
[1.47, -0.6, 0.0, -0.0, -1.0, -0.0] 76.176
[1.49, -0.6, 0.0, -0.0, -1.0, -0.0] 63.699
[1.49, -0.6, 0.0, -0.0, -1.0, -0.0] 61.41
[1.44, -0.55, 0.0, -0.0, -0.95, -0.0] 57.066
[1.39, -0.5, 0.0, -0.0, -0.9, -0.0] 80.185
[1.34, -0.45, 0.0, -0.0, -0.85, -0.0] 64.679
[1.29, -0.4, 0.0, -0.0, -0.8, -0.0] 61.606
[1.24, -0.34, 0.0, -0.0, -0.74, -0.0] 63.932
[1.19, -0.29, 0.0, -0.0, -0.69, -0.0] 62.296
[1.14, -0.24, 0.0, -0.0, -0.64, 0.0] 76.544
[1.08, -0.19, 0.0, -0.0, -0.59, 0.0] 61.255
[1.03, -0.14, 0.0, -0.0, -0.54, 0.0] 62.393
[0.98, -0.09, 0.0, -0.0, -0.49, -0.0] 62.574
[0.93, -0.04, 0.0, -0.0, -0.44, -0.0] 76.259
[0.88, -0.02, 0.0, 0.0, -0.39, 0.0] 80.726
[0.83, -0.01, 0.0, 0.0, -0.33, 0.0] 61.861
[0.78, -0.0, 0.0, 0.0, -0.28, 0.0] 61.084
[0.73, -0.0, 0.0, 0.0, -0.23, -0.0] 63.538
[0.67, -0.0, 0.0, 0.0, -0.18, 0.0] 77.009
[0.62, -0.0, 0.0, 0.0, -0.13, 0.0] 64.351
[0.57, -0.0, 0.0, 0.0, -0.08, 0.0] 72.841
[0.52, -0.0, 0.0, 0.0, -0.04, 0.0] 50.375
[0.47, 0.0, 0.0, 0.0, -0.02, 0.0] 64.318
[0.42, 0.0, 0.0, 0.0, -0.01, 0.0] 76.136
[0.37, 0.0, 0.0, 0.0, -0.0, -0.0] 63.178
[0.32, 0.0, 0.0, 0.0, -0.0, -0.0] 63.464
[0.26, 0.0, 0.0, 0.0, -0.0, -0.0] 61.65
[0.21, -0.0, 0.0, 0.0, -0.0, -0.0] 80.318
[0.16, -0.0, 0.0, 0.0, -0.0, -0.0] 60.037
[0.11, -0.0, 0.0, 0.0, -0.0, -0.0] 61.696
[0.06, -0.0, 0.0, 0.0, 0.0, -0.0] 62.554
[0.03, 0.0, 0.0, 0.0, -0.0, -0.0] 90.093
[0.01, -0.0, 0.0, 0.0, 0.0, -0.0] 64.977
[0.01, -0.0, 0.0, 0.0, -0.0, -0.0] 62.018
[-0.05, -0.05, 0.0, 0.0, -0.05, -0.0] 66.401
[-0.1, -0.1, 0.0, 0.0, -0.1, 0.0] 64.71
[-0.15, -0.15, 0.0, 0.0, -0.15, -0.0] 62.434
[-0.2, -0.2, 0.0, 0.0, -0.2, -0.0] 81.299
[-0.25, -0.26, 0.0, 0.0, -0.26, -0.0] 63.653
[-0.3, -0.31, 0.0, 0.0, -0.31, 0.0] 63.195
[-0.35, -0.36, 0.0, 0.0, -0.36, -0.0] 61.703
[-0.4, -0.41, 0.0, 0.0, -0.41, -0.0] 77.925
[-0.45, -0.46, 0.0, 0.0, -0.46, -0.0] 62.612
[-0.51, -0.51, 0.0, 0.0, -0.51, 0.0] 55.446
[-0.56, -0.56, 0.0, 0.0, -0.56, 0.0] 62.866
[-0.61, -0.58, 0.0, 0.0, -0.61, 0.0] 62.325
[-0.66, -0.59, 0.0, 0.0, -0.67, 0.0] 81.873
[-0.71, -0.6, 0.0, 0.0, -0.72, 0.0] 62.082
[-0.76, -0.6, 0.0, 0.0, -0.77, 0.0] 63.387
[-0.81, -0.6, 0.0, 0.0, -0.82, 0.0] 77.631
[-0.86, -0.6, 0.0, 0.0, -0.87, -0.0] 61.975
[-0.92, -0.6, 0.0, 0.0, -0.92, -0.0] 63.172
[-0.97, -0.6, 0.0, 0.0, -0.96, -0.0] 61.351
[-1.02, -0.6, 0.0, 0.0, -0.98, -0.0] 74.531
[-1.07, -0.6, 0.0, 0.0, -0.99, -0.0] 62.377
[-1.12, -0.6, 0.0, 0.0, -1.0, -0.0] 65.226
[-1.17, -0.6, 0.0, 0.0, -1.0, -0.0] 60.786
[-1.22, -0.6, 0.0, 0.0, -1.0, -0.0] 81.064
[-1.27, -0.6, 0.0, 0.0, -1.0, -0.0] 61.487
[-1.33, -0.6, 0.0, 0.0, -1.0, -0.0] 62.579
[-1.38, -0.6, 0.0, 0.0, -1.0, -0.0] 60.214
[-1.43, -0.6, 0.0, 0.0, -1.0, -0.0] 79.693
[-1.47, -0.6, 0.0, 0.0, -1.0, 0.0] 60.928
[-1.48, -0.6, 0.0, -0.0, -1.0, 0.0] 77.92
[-1.49, -0.6, 0.0, -0.0, -1.0, 0.0] 63.351
[-1.44, -0.55, 0.0, -0.0, -0.95, 0.0] 59.361
[-1.39, -0.5, 0.0, -0.0, -0.9, 0.0] 68.75
[-1.34, -0.45, 0.0, -0.0, -0.85, 0.0] 64.118
[-1.29, -0.4, 0.0, -0.0, -0.8, 0.0] 59.899
[-1.24, -0.34, 0.0, -0.0, -0.74, 0.0] 66.239
[-1.19, -0.29, 0.0, -0.0, -0.69, 0.0] 65.303
[-1.13, -0.24, 0.0, -0.0, -0.64, 0.0] 65.072
[-1.08, -0.19, 0.0, -0.0, -0.59, -0.0] 56.956
[-1.03, -0.14, 0.0, -0.0, -0.54, -0.0] 80.182
[-0.98, -0.09, 0.0, -0.0, -0.49, -0.0] 70.978
[-0.93, -0.04, 0.0, -0.0, -0.44, 0.0] 61.369
[-0.88, -0.02, 0.0, -0.0, -0.39, -0.0] 66.044
[-0.83, -0.01, 0.0, -0.0, -0.33, -0.0] 63.453
[-0.78, -0.0, 0.0, -0.0, -0.28, 0.0] 63.546
[-0.72, -0.0, 0.0, -0.0, -0.23, -0.0] 74.469
[-0.67, -0.0, 0.0, -0.0, -0.18, -0.0] 66.044
[-0.62, -0.0, 0.0, -0.0, -0.13, -0.0] 63.776
[-0.57, -0.0, 0.0, -0.0, -0.08, -0.0] 62.693
[-0.52, -0.0, 0.0, -0.0, -0.04, 0.0] 54.106
[-0.47, 0.0, 0.0, -0.0, -0.02, -0.0] 63.242
[-0.42, 0.0, 0.0, -0.0, -0.01, -0.0] 95.263
[-0.37, 0.0, 0.0, -0.0, -0.0, -0.0] 61.553
[-0.32, 0.0, 0.0, -0.0, -0.0, -0.0] 64.289
[-0.26, 0.0, 0.0, -0.0, -0.0, -0.0] 62.183
[-0.21, -0.0, 0.0, -0.0, -0.0, -0.0] 76.741
[-0.16, -0.0, 0.0, 0.0, -0.0, -0.0] 61.555
[-0.11, -0.0, 0.0, 0.0, -0.0, -0.0] 68.044
[-0.06, -0.0, 0.0, 0.0, 0.0, -0.0] 66.694
[-0.03, -0.0, 0.0, 0.0, -0.0, -0.0] 67.191
[-0.01, -0.0, 0.0, 0.0, 0.0, -0.0] 50.248
[-0.01, -0.0, 0.0, 0.0, -0.0, -0.0] 62.886
[-0.0, -0.0, 0.0, 0.0, -0.0, -0.0] 63.316
[0.05, -0.05, 0.0, 0.0, -0.05, -0.0] 81.077
[0.1, -0.1, 0.0, 0.0, -0.1, -0.0] 63.118
[0.15, -0.15, 0.0, 0.0, -0.15, 0.0] 63.128
[0.2, -0.2, 0.0, 0.0, -0.2, 0.0] 65.038
[0.25, -0.26, 0.0, 0.0, -0.26, 0.0] 62.323
[0.3, -0.31, 0.0, 0.0, -0.31, 0.0] 88.777
[0.36, -0.36, 0.0, 0.0, -0.36, -0.0] 66.142
[0.41, -0.41, 0.0, 0.0, -0.41, 0.0] 54.708
[0.46, -0.46, 0.0, 0.0, -0.46, 0.0] 78.248
[0.51, -0.51, 0.0, 0.0, -0.51, 0.0] 66.44
[0.56, -0.56, 0.0, 0.0, -0.56, -0.0] 63.855
[0.61, -0.58, 0.0, 0.0, -0.61, -0.0] 62.511
[0.66, -0.59, 0.0, -0.0, -0.67, -0.0] 62.048
[0.71, -0.6, 0.0, -0.0, -0.72, -0.0] 79.053
[0.77, -0.6, 0.0, -0.0, -0.77, -0.0] 58.442
[0.82, -0.6, 0.0, -0.0, -0.82, -0.0] 64.808
[0.87, -0.6, 0.0, -0.0, -0.87, -0.0] 57.01
[0.92, -0.6, 0.0, -0.0, -0.92, -0.0] 80.101
[0.97, -0.6, 0.0, -0.0, -0.96, -0.0] 62.758
[1.02, -0.6, 0.0, -0.0, -0.98, -0.0] 64.508
[1.07, -0.6, 0.0, -0.0, -0.99, -0.0] 62.673
[1.12, -0.6, 0.0, -0.0, -1.0, -0.0] 77.711
[1.17, -0.6, 0.0, -0.0, -1.0, -0.0] 61.851
[1.23, -0.6, 0.0, -0.0, -1.0, -0.0] 60.634
[1.28, -0.6, 0.0, -0.0, -1.0, -0.0] 62.15
[1.33, -0.6, 0.0, -0.0, -1.0, -0.0] 79.071
[1.38, -0.6, 0.0, -0.0, -1.0, 0.0] 76.47
[1.43, -0.6, 0.0, -0.0, -1.0, -0.0] 62.2
[1.47, -0.6, 0.0, -0.0, -1.0, -0.0] 64.6
[1.49, -0.6, 0.0, -0.0, -1.0, -0.0] 64.795
[1.49, -0.6, 0.0, -0.0, -1.0, -0.0] 79.908
[1.44, -0.55, 0.0, -0.0, -0.95, -0.0] 60.216
[1.39, -0.5, 0.0, -0.0, -0.9, -0.0] 67.565
[1.34, -0.45, 0.0, -0.0, -0.85, -0.0] 63.42
[1.29, -0.4, 0.0, -0.0, -0.8, -0.0] 61.919
[1.24, -0.34, 0.0, -0.0, -0.74, -0.0] 61.74
[1.19, -0.29, 0.0, -0.0, -0.69, -0.0] 76.574
[1.13, -0.24, 0.0, -0.0, -0.64, 0.0] 57.876
[1.08, -0.19, 0.0, -0.0, -0.59, 0.0] 62.647
[1.03, -0.14, 0.0, -0.0, -0.54, 0.0] 66.181
[0.98, -0.09, 0.0, -0.0, -0.49, -0.0] 77.01
[0.93, -0.04, 0.0, -0.0, -0.44, -0.0] 77.416
[0.88, -0.02, 0.0, 0.0, -0.39, 0.0] 60.304
[0.83, -0.01, 0.0, 0.0, -0.33, 0.0] 64.959
[0.78, -0.0, 0.0, 0.0, -0.28, 0.0] 62.254
[0.73, -0.0, 0.0, 0.0, -0.23, -0.0] 79.005
[0.67, -0.0, 0.0, 0.0, -0.18, 0.0] 56.832
[0.62, -0.0, 0.0, 0.0, -0.13, 0.0] 64.708
[0.57, -0.0, 0.0, 0.0, -0.08, 0.0] 64.332
[0.52, -0.0, 0.0, 0.0, -0.04, 0.0] 76.283
[0.47, 0.0, 0.0, 0.0, -0.02, 0.0] 62.297
[0.42, 0.0, 0.0, 0.0, -0.01, 0.0] 65.288
[0.37, 0.0, 0.0, 0.0, -0.0, -0.0] 60.545
[0.32, 0.0, 0.0, 0.0, -0.0, -0.0] 77.373
[0.26, 0.0, 0.0, 0.0, -0.0, -0.0] 78.386
[0.21, -0.0, 0.0, 0.0, -0.0, -0.0] 62.578
[0.16, -0.0, 0.0, 0.0, -0.0, -0.0] 60.974
[0.11, -0.0, 0.0, 0.0, -0.0, -0.0] 63.687
[0.06, -0.0, 0.0, 0.0, 0.0, -0.0] 77.865
[0.03, 0.0, 0.0, 0.0, -0.0, -0.0] 62.324
[0.01, -0.0, 0.0, 0.0, 0.0, -0.0] 60.332
[0.01, -0.0, 0.0, 0.0, -0.0, -0.0] 67.641
[-0.05, -0.05, 0.0, 0.0, -0.05, -0.0] 84.33
[-0.1, -0.1, 0.0, 0.0, -0.1, 0.0] 63.138
[-0.15, -0.15, 0.0, 0.0, -0.15, -0.0] 51.732
[-0.2, -0.2, 0.0, 0.0, -0.2, -0.0] 66.617
[-0.25, -0.26, 0.0, 0.0, -0.26, -0.0] 72.564
[-0.3, -0.31, 0.0, 0.0, -0.31, 0.0] 81.117
[-0.35, -0.36, 0.0, 0.0, -0.36, -0.0] 64.939
[-0.4, -0.41, 0.0, 0.0, -0.41, -0.0] 64.367
[-0.45, -0.46, 0.0, 0.0, -0.46, -0.0] 63.441
[-0.51, -0.51, 0.0, 0.0, -0.51, 0.0] 64.264
[-0.56, -0.56, 0.0, 0.0, -0.56, 0.0] 79.482
[-0.61, -0.58, 0.0, 0.0, -0.61, 0.0] 62.742
[-0.66, -0.59, 0.0, 0.0, -0.67, 0.0] 60.713
[-0.71, -0.6, 0.0, 0.0, -0.72, 0.0] 63.914
[-0.76, -0.6, 0.0, 0.0, -0.77, 0.0] 67.993
[-0.81, -0.6, 0.0, 0.0, -0.82, 0.0] 63.431
[-0.86, -0.6, 0.0, 0.0, -0.87, -0.0] 63.891
[-0.92, -0.6, 0.0, 0.0, -0.92, -0.0] 61.088
[-0.97, -0.6, 0.0, 0.0, -0.96, -0.0] 84.153
[-1.02, -0.6, 0.0, 0.0, -0.98, -0.0] 63.183
[-1.07, -0.6, 0.0, 0.0, -0.99, -0.0] 61.171
[-1.12, -0.6, 0.0, 0.0, -1.0, -0.0] 57.624
[-1.17, -0.6, 0.0, 0.0, -1.0, -0.0] 84.225
[-1.22, -0.6, 0.0, 0.0, -1.0, -0.0] 63.313
[-1.27, -0.6, 0.0, 0.0, -1.0, -0.0] 54.082
[-1.33, -0.6, 0.0, 0.0, -1.0, -0.0] 64.717
[-1.38, -0.6, 0.0, 0.0, -1.0, -0.0] 80.224
[-1.43, -0.6, 0.0, 0.0, -1.0, -0.0] 63.671
[-1.47, -0.6, 0.0, 0.0, -1.0, 0.0] 63.746
[-1.48, -0.6, 0.0, -0.0, -1.0, 0.0] 59.496
[-1.49, -0.6, 0.0, -0.0, -1.0, 0.0] 81.784
[-1.44, -0.55, 0.0, -0.0, -0.95, 0.0] 61.929
[-1.39, -0.5, 0.0, -0.0, -0.9, 0.0] 57.484
[-1.34, -0.45, 0.0, -0.0, -0.85, 0.0] 65.733
[-1.29, -0.4, 0.0, -0.0, -0.8, 0.0] 73.497
[-1.24, -0.34, 0.0, -0.0, -0.74, 0.0] 79.969
[-1.19, -0.29, 0.0, -0.0, -0.69, 0.0] 63.262
[-1.13, -0.24, 0.0, -0.0, -0.64, 0.0] 64.875
[-1.08, -0.19, 0.0, -0.0, -0.59, -0.0] 63.466
[-1.03, -0.14, 0.0, -0.0, -0.54, -0.0] 78.67
[-0.98, -0.09, 0.0, -0.0, -0.49, -0.0] 62.786
[-0.93, -0.04, 0.0, -0.0, -0.44, 0.0] 62.56
[-0.88, -0.02, 0.0, -0.0, -0.39, -0.0] 61.554
[-0.83, -0.01, 0.0, -0.0, -0.33, -0.0] 78.169
[-0.78, -0.0, 0.0, -0.0, -0.28, 0.0] 57.131
[-0.72, -0.0, 0.0, -0.0, -0.23, -0.0] 62.142
[-0.67, -0.0, 0.0, -0.0, -0.18, -0.0] 66.104
[-0.62, -0.0, 0.0, -0.0, -0.13, -0.0] 74.868
[-0.57, -0.0, 0.0, -0.0, -0.08, -0.0] 76.487
[-0.52, -0.0, 0.0, -0.0, -0.04, 0.0] 71.156
[-0.47, 0.0, 0.0, -0.0, -0.02, -0.0] 63.908
[-0.42, 0.0, 0.0, -0.0, -0.01, -0.0] 64.534
[-0.37, 0.0, 0.0, -0.0, -0.0, -0.0] 62.889
[-0.32, 0.0, 0.0, -0.0, -0.0, -0.0] 62.643
[-0.26, 0.0, 0.0, -0.0, -0.0, -0.0] 66.136
[-0.21, -0.0, 0.0, -0.0, -0.0, -0.0] 81.431
[-0.16, -0.0, 0.0, 0.0, -0.0, -0.0] 63.322
[-0.11, -0.0, 0.0, 0.0, -0.0, -0.0] 63.251
[-0.06, -0.0, 0.0, 0.0, 0.0, -0.0] 63.831
[-0.03, -0.0, 0.0, 0.0, -0.0, -0.0] 77.588
[-0.01, -0.0, 0.0, 0.0, 0.0, -0.0] 66.998
[-0.01, -0.0, 0.0, 0.0, -0.0, -0.0] 64.857
[-0.0, -0.0, 0.0, 0.0, -0.0, -0.0] 60.217
[0.05, -0.05, 0.0, 0.0, -0.05, -0.0] 62.421
[0.1, -0.1, 0.0, 0.0, -0.1, -0.0] 51.053
[0.15, -0.15, 0.0, 0.0, -0.15, 0.0] 80.238
[0.2, -0.2, 0.0, 0.0, -0.2, 0.0] 80.846
[0.25, -0.26, 0.0, 0.0, -0.26, 0.0] 63.597
[0.3, -0.31, 0.0, 0.0, -0.31, 0.0] 63.874
[0.36, -0.36, 0.0, 0.0, -0.36, -0.0] 63.449
[0.41, -0.41, 0.0, 0.0, -0.41, 0.0] 74.471
[0.46, -0.46, 0.0, 0.0, -0.46, 0.0] 67.132
[0.51, -0.51, 0.0, 0.0, -0.51, 0.0] 63.955
[0.56, -0.56, 0.0, 0.0, -0.56, -0.0] 63.025
[0.61, -0.58, 0.0, 0.0, -0.61, -0.0] 51.636
[0.66, -0.59, 0.0, -0.0, -0.67, -0.0] 79.548
[0.71, -0.6, 0.0, -0.0, -0.72, -0.0] 64.926
[0.77, -0.6, 0.0, -0.0, -0.77, -0.0] 63.494
[0.82, -0.6, 0.0, -0.0, -0.82, -0.0] 63.301
[0.87, -0.6, 0.0, -0.0, -0.87, -0.0] 65.312
[0.92, -0.6, 0.0, -0.0, -0.92, -0.0] 79.305
[0.97, -0.6, 0.0, -0.0, -0.96, -0.0] 63.391
[1.02, -0.6, 0.0, -0.0, -0.98, -0.0] 62.171
[1.07, -0.6, 0.0, -0.0, -0.99, -0.0] 62.835
[1.12, -0.6, 0.0, -0.0, -1.0, -0.0] 68.747
[1.17, -0.6, 0.0, -0.0, -1.0, -0.0] 63.153
[1.23, -0.6, 0.0, -0.0, -1.0, -0.0] 65.013
[1.28, -0.6, 0.0, -0.0, -1.0, -0.0] 62.918
[1.33, -0.6, 0.0, -0.0, -1.0, -0.0] 81.269
[1.38, -0.6, 0.0, -0.0, -1.0, 0.0] 63.838
[1.43, -0.6, 0.0, -0.0, -1.0, -0.0] 62.422
[1.47, -0.6, 0.0, -0.0, -1.0, -0.0] 62.915
[1.49, -0.6, 0.0, -0.0, -1.0, -0.0] 75.747
[1.49, -0.6, 0.0, -0.0, -1.0, -0.0] 77.707
[1.44, -0.55, 0.0, -0.0, -0.95, -0.0] 55.936
[1.39, -0.5, 0.0, -0.0, -0.9, -0.0] 63.955
[1.34, -0.45, 0.0, -0.0, -0.85, -0.0] 65.214
[1.29, -0.4, 0.0, -0.0, -0.8, -0.0] 78.928
[1.24, -0.34, 0.0, -0.0, -0.74, -0.0] 64.122
[1.19, -0.29, 0.0, -0.0, -0.69, -0.0] 60.339
[1.13, -0.24, 0.0, -0.0, -0.64, 0.0] 63.292
[1.08, -0.19, 0.0, -0.0, -0.59, 0.0] 77.36
[1.03, -0.14, 0.0, -0.0, -0.54, 0.0] 63.21
[0.98, -0.09, 0.0, -0.0, -0.49, -0.0] 60.759
[0.93, -0.04, 0.0, -0.0, -0.44, -0.0] 58.303
[0.88, -0.02, 0.0, 0.0, -0.39, 0.0] 81.515
[0.83, -0.01, 0.0, 0.0, -0.33, 0.0] 75.388
[0.78, -0.0, 0.0, 0.0, -0.28, 0.0] 62.762
[0.73, -0.0, 0.0, 0.0, -0.23, -0.0] 63.664
[0.67, -0.0, 0.0, 0.0, -0.18, 0.0] 62.104
[0.62, -0.0, 0.0, 0.0, -0.13, 0.0] 78.112
[0.57, -0.0, 0.0, 0.0, -0.08, 0.0] 61.256
[0.52, -0.0, 0.0, 0.0, -0.04, 0.0] 62.541
[0.47, 0.0, 0.0, 0.0, -0.02, 0.0] 62.636
[0.42, 0.0, 0.0, 0.0, -0.01, 0.0] 79.331
[0.37, 0.0, 0.0, 0.0, -0.0, -0.0] 63.067
[0.32, 0.0, 0.0, 0.0, -0.0, -0.0] 65.238
[0.26, 0.0, 0.0, 0.0, -0.0, -0.0] 63.256
[0.21, -0.0, 0.0, 0.0, -0.0, -0.0] 74.636
[0.16, -0.0, 0.0, 0.0, -0.0, -0.0] 83.84
[0.11, -0.0, 0.0, 0.0, -0.0, -0.0] 66.783
[0.06, -0.0, 0.0, 0.0, 0.0, -0.0] 61.103
[0.03, 0.0, 0.0, 0.0, -0.0, -0.0] 55.276
[0.01, -0.0, 0.0, 0.0, 0.0, -0.0] 84.791
[0.01, -0.0, 0.0, 0.0, -0.0, -0.0] 53.856
[-0.05, -0.05, 0.0, 0.0, -0.05, -0.0] 62.619
[-0.1, -0.1, 0.0, 0.0, -0.1, 0.0] 66.081
[-0.15, -0.15, 0.0, 0.0, -0.15, -0.0] 79.384
[-0.2, -0.2, 0.0, 0.0, -0.2, -0.0] 61.63
[-0.25, -0.26, 0.0, 0.0, -0.26, -0.0] 57.688
[-0.3, -0.31, 0.0, 0.0, -0.31, 0.0] 67.881
[-0.35, -0.36, 0.0, 0.0, -0.36, -0.0] 77.692
[-0.4, -0.41, 0.0, 0.0, -0.41, -0.0] 75.948
[-0.45, -0.46, 0.0, 0.0, -0.46, -0.0] 61.717
[-0.51, -0.51, 0.0, 0.0, -0.51, 0.0] 60.421
[-0.56, -0.56, 0.0, 0.0, -0.56, 0.0] 65.04
[-0.61, -0.58, 0.0, 0.0, -0.61, 0.0] 77.352
[-0.66, -0.59, 0.0, 0.0, -0.67, 0.0] 62.624
[-0.71, -0.6, 0.0, 0.0, -0.72, 0.0] 61.075
[-0.76, -0.6, 0.0, 0.0, -0.77, 0.0] 62.858
[-0.81, -0.6, 0.0, 0.0, -0.82, 0.0] 76.795
[-0.86, -0.6, 0.0, 0.0, -0.87, -0.0] 75.16
[-0.92, -0.6, 0.0, 0.0, -0.92, -0.0] 64.638
[-0.97, -0.6, 0.0, 0.0, -0.96, -0.0] 61.215
[-1.02, -0.6, 0.0, 0.0, -0.98, -0.0] 50.661
[-1.07, -0.6, 0.0, 0.0, -0.99, -0.0] 63.867
[-1.12, -0.6, 0.0, 0.0, -1.0, -0.0] 78.124
[-1.17, -0.6, 0.0, 0.0, -1.0, -0.0] 80.595
[-1.22, -0.6, 0.0, 0.0, -1.0, -0.0] 64.133
[-1.27, -0.6, 0.0, 0.0, -1.0, -0.0] 63.497
[-1.33, -0.6, 0.0, 0.0, -1.0, -0.0] 63.223
[-1.38, -0.6, 0.0, 0.0, -1.0, -0.0] 76.945
[-1.43, -0.6, 0.0, 0.0, -1.0, -0.0] 63.282
[-1.47, -0.6, 0.0, 0.0, -1.0, 0.0] 53.736
[-1.48, -0.6, 0.0, -0.0, -1.0, 0.0] 63.993
[-1.49, -0.6, 0.0, -0.0, -1.0, 0.0] 80.497
[-1.44, -0.55, 0.0, -0.0, -0.95, 0.0] 65.121
[-1.39, -0.5, 0.0, -0.0, -0.9, 0.0] 62.657
[-1.34, -0.45, 0.0, -0.0, -0.85, 0.0] 61.085
[-1.29, -0.4, 0.0, -0.0, -0.8, 0.0] 77.021
[-1.24, -0.34, 0.0, -0.0, -0.74, 0.0] 79.141
[-1.19, -0.29, 0.0, -0.0, -0.69, 0.0] 61.231
[-1.13, -0.24, 0.0, -0.0, -0.64, 0.0] 63.003
[-1.08, -0.19, 0.0, -0.0, -0.59, -0.0] 58.463
[-1.03, -0.14, 0.0, -0.0, -0.54, -0.0] 79.106
[-0.98, -0.09, 0.0, -0.0, -0.49, -0.0] 64.298
[-0.93, -0.04, 0.0, -0.0, -0.44, 0.0] 62.894
[-0.88, -0.02, 0.0, -0.0, -0.39, -0.0] 61.172
[-0.83, -0.01, 0.0, -0.0, -0.33, -0.0] 78.518
[-0.78, -0.0, 0.0, -0.0, -0.28, 0.0] 62.299
[-0.72, -0.0, 0.0, -0.0, -0.23, -0.0] 61.315
[-0.67, -0.0, 0.0, -0.0, -0.18, -0.0] 63.076
[-0.62, -0.0, 0.0, -0.0, -0.13, -0.0] 86.748
[-0.57, -0.0, 0.0, -0.0, -0.08, -0.0] 67.928
[-0.52, -0.0, 0.0, -0.0, -0.04, 0.0] 63.913
[-0.47, 0.0, 0.0, -0.0, -0.02, -0.0] 64.329
[-0.42, 0.0, 0.0, -0.0, -0.01, -0.0] 63.796
[-0.37, 0.0, 0.0, -0.0, -0.0, -0.0] 80.173
[-0.32, 0.0, 0.0, -0.0, -0.0, -0.0] 59.92
[-0.26, 0.0, 0.0, -0.0, -0.0, -0.0] 65.927
[-0.21, -0.0, 0.0, -0.0, -0.0, -0.0] 65.187
[-0.16, -0.0, 0.0, 0.0, -0.0, -0.0] 61.535
[-0.11, -0.0, 0.0, 0.0, -0.0, -0.0] 60.57
[-0.06, -0.0, 0.0, 0.0, 0.0, -0.0] 77.647
[-0.03, -0.0, 0.0, 0.0, -0.0, -0.0] 56.574
[-0.01, -0.0, 0.0, 0.0, 0.0, -0.0] 63.179
[-0.01, -0.0, 0.0, 0.0, -0.0, -0.0] 64.379
[-0.0, -0.0, 0.0, 0.0, -0.0, -0.0] 80.412
[0.05, -0.05, 0.0, 0.0, -0.05, -0.0] 76.74
[0.1, -0.1, 0.0, 0.0, -0.1, -0.0] 59.839
[0.15, -0.15, 0.0, 0.0, -0.15, 0.0] 63.292
[0.2, -0.2, 0.0, 0.0, -0.2, 0.0] 61.031
[0.25, -0.26, 0.0, 0.0, -0.26, 0.0] 79.632
[0.3, -0.31, 0.0, 0.0, -0.31, 0.0] 59.16
[0.36, -0.36, 0.0, 0.0, -0.36, -0.0] 63.846
[0.41, -0.41, 0.0, 0.0, -0.41, 0.0] 61.387
[0.46, -0.46, 0.0, 0.0, -0.46, 0.0] 79.222
[0.51, -0.51, 0.0, 0.0, -0.51, 0.0] 66.543
[0.56, -0.56, 0.0, 0.0, -0.56, -0.0] 57.374
[0.61, -0.58, 0.0, 0.0, -0.61, -0.0] 71.095
[0.66, -0.59, 0.0, -0.0, -0.67, -0.0] 64.55
[0.71, -0.6, 0.0, -0.0, -0.72, -0.0] 63.434
[0.77, -0.6, 0.0, -0.0, -0.77, -0.0] 62.656
[0.82, -0.6, 0.0, -0.0, -0.82, -0.0] 65.483
[0.87, -0.6, 0.0, -0.0, -0.87, -0.0] 81.521
[0.92, -0.6, 0.0, -0.0, -0.92, -0.0] 62.693
[0.97, -0.6, 0.0, -0.0, -0.96, -0.0] 63.739
[1.02, -0.6, 0.0, -0.0, -0.98, -0.0] 65.014
[1.07, -0.6, 0.0, -0.0, -0.99, -0.0] 75.074
[1.12, -0.6, 0.0, -0.0, -1.0, -0.0] 66.891
[1.17, -0.6, 0.0, -0.0, -1.0, -0.0] 63.549
[1.23, -0.6, 0.0, -0.0, -1.0, -0.0] 62.764
[1.28, -0.6, 0.0, -0.0, -1.0, -0.0] 63.261
[1.33, -0.6, 0.0, -0.0, -1.0, -0.0] 62.569
[1.38, -0.6, 0.0, -0.0, -1.0, 0.0] 69.12
[1.43, -0.6, 0.0, -0.0, -1.0, -0.0] 64.527
[1.47, -0.6, 0.0, -0.0, -1.0, -0.0] 63.245
[1.49, -0.6, 0.0, -0.0, -1.0, -0.0] 64.555
[1.49, -0.6, 0.0, -0.0, -1.0, -0.0] 80.01
[1.44, -0.55, 0.0, -0.0, -0.95, -0.0] 62.59
[1.39, -0.5, 0.0, -0.0, -0.9, -0.0] 62.271
[1.34, -0.45, 0.0, -0.0, -0.85, -0.0] 60.798
[1.29, -0.4, 0.0, -0.0, -0.8, -0.0] 77.938
[1.24, -0.34, 0.0, -0.0, -0.74, -0.0] 61.988
[1.19, -0.29, 0.0, -0.0, -0.69, -0.0] 57.063
[1.13, -0.24, 0.0, -0.0, -0.64, 0.0] 65.339
[1.08, -0.19, 0.0, -0.0, -0.59, 0.0] 62.834
[1.03, -0.14, 0.0, -0.0, -0.54, 0.0] 94.026
[0.98, -0.09, 0.0, -0.0, -0.49, -0.0] 63.285
[0.93, -0.04, 0.0, -0.0, -0.44, -0.0] 63.389
[0.88, -0.02, 0.0, 0.0, -0.39, 0.0] 61.916
[0.83, -0.01, 0.0, 0.0, -0.33, 0.0] 77.308
[0.78, -0.0, 0.0, 0.0, -0.28, 0.0] 62.149
[0.73, -0.0, 0.0, 0.0, -0.23, -0.0] 58.662
[0.67, -0.0, 0.0, 0.0, -0.18, 0.0] 63.038
[0.62, -0.0, 0.0, 0.0, -0.13, 0.0] 80.068
[0.57, -0.0, 0.0, 0.0, -0.08, 0.0] 62.209
[0.52, -0.0, 0.0, 0.0, -0.04, 0.0] 63.253
[0.47, 0.0, 0.0, 0.0, -0.02, 0.0] 61.739
[0.42, 0.0, 0.0, 0.0, -0.01, 0.0] 61.932
[0.37, 0.0, 0.0, 0.0, -0.0, -0.0] 93.409
[0.32, 0.0, 0.0, 0.0, -0.0, -0.0] 61.357
[0.26, 0.0, 0.0, 0.0, -0.0, -0.0] 63.349
[0.21, -0.0, 0.0, 0.0, -0.0, -0.0] 61.594
[0.16, -0.0, 0.0, 0.0, -0.0, -0.0] 77.407
[0.11, -0.0, 0.0, 0.0, -0.0, -0.0] 62.635
[0.06, -0.0, 0.0, 0.0, 0.0, -0.0] 68.359
[0.03, 0.0, 0.0, 0.0, -0.0, -0.0] 62.653
[0.01, -0.0, 0.0, 0.0, 0.0, -0.0] 64.234
[0.01, -0.0, 0.0, 0.0, -0.0, -0.0] 63.717
[-0.05, -0.05, 0.0, 0.0, -0.05, -0.0] 75.86
[-0.1, -0.1, 0.0, 0.0, -0.1, 0.0] 65.68
[-0.15, -0.15, 0.0, 0.0, -0.15, -0.0] 66.176
[-0.2, -0.2, 0.0, 0.0, -0.2, -0.0] 67.807
[-0.25, -0.26, 0.0, 0.0, -0.26, -0.0] 59.914
[-0.3, -0.31, 0.0, 0.0, -0.31, 0.0] 63.259
[-0.35, -0.36, 0.0, 0.0, -0.36, -0.0] 64.543
[-0.4, -0.41, 0.0, 0.0, -0.41, -0.0] 78.829
[-0.45, -0.46, 0.0, 0.0, -0.46, -0.0] 66.552
[-0.51, -0.51, 0.0, 0.0, -0.51, 0.0] 62.592
[-0.56, -0.56, 0.0, 0.0, -0.56, 0.0] 63.719
[-0.61, -0.58, 0.0, 0.0, -0.61, 0.0] 73.195
[-0.66, -0.59, 0.0, 0.0, -0.67, 0.0] 67.346
[-0.71, -0.6, 0.0, 0.0, -0.72, 0.0] 54.446
[-0.76, -0.6, 0.0, 0.0, -0.77, 0.0] 60.909
[-0.81, -0.6, 0.0, 0.0, -0.82, 0.0] 86.796
[-0.86, -0.6, 0.0, 0.0, -0.87, -0.0] 55.401
[-0.92, -0.6, 0.0, 0.0, -0.92, -0.0] 63.168
[-0.97, -0.6, 0.0, 0.0, -0.96, -0.0] 61.574
[-1.02, -0.6, 0.0, 0.0, -0.98, -0.0] 62.837
[-1.07, -0.6, 0.0, 0.0, -0.99, -0.0] 91.395
[-1.12, -0.6, 0.0, 0.0, -1.0, -0.0] 63.353
[-1.17, -0.6, 0.0, 0.0, -1.0, -0.0] 66.932
[-1.22, -0.6, 0.0, 0.0, -1.0, -0.0] 57.473
[-1.27, -0.6, 0.0, 0.0, -1.0, -0.0] 79.183
[-1.33, -0.6, 0.0, 0.0, -1.0, -0.0] 63.611
[-1.38, -0.6, 0.0, 0.0, -1.0, -0.0] 66.217
[-1.43, -0.6, 0.0, 0.0, -1.0, -0.0] 62.21
[-1.47, -0.6, 0.0, 0.0, -1.0, 0.0] 62.571
[-1.48, -0.6, 0.0, -0.0, -1.0, 0.0] 75.346
[-1.49, -0.6, 0.0, -0.0, -1.0, 0.0] 67.099
[-1.44, -0.55, 0.0, -0.0, -0.95, 0.0] 65.376
[-1.39, -0.5, 0.0, -0.0, -0.9, 0.0] 55.275
[-1.34, -0.45, 0.0, -0.0, -0.85, 0.0] 58.937
[-1.29, -0.4, 0.0, -0.0, -0.8, 0.0] 63.128
[-1.24, -0.34, 0.0, -0.0, -0.74, 0.0] 64.256
[-1.19, -0.29, 0.0, -0.0, -0.69, 0.0] 80.178
[-1.13, -0.24, 0.0, -0.0, -0.64, 0.0] 64.391
[-1.08, -0.19, 0.0, -0.0, -0.59, -0.0] 63.984
[-1.03, -0.14, 0.0, -0.0, -0.54, -0.0] 63.927
[-0.98, -0.09, 0.0, -0.0, -0.49, -0.0] 71.016
[-0.93, -0.04, 0.0, -0.0, -0.44, 0.0] 71.095
[-0.88, -0.02, 0.0, -0.0, -0.39, -0.0] 59.64
[-0.83, -0.01, 0.0, -0.0, -0.33, -0.0] 62.95
[-0.78, -0.0, 0.0, -0.0, -0.28, 0.0] 57.444
[-0.72, -0.0, 0.0, -0.0, -0.23, -0.0] 76.598
[-0.67, -0.0, 0.0, -0.0, -0.18, -0.0] 64.265
[-0.62, -0.0, 0.0, -0.0, -0.13, -0.0] 64.358
[-0.57, -0.0, 0.0, -0.0, -0.08, -0.0] 58.509
[-0.52, -0.0, 0.0, -0.0, -0.04, 0.0] 84.412
[-0.47, 0.0, 0.0, -0.0, -0.02, -0.0] 60.607
[-0.42, 0.0, 0.0, -0.0, -0.01, -0.0] 63.05
[-0.37, 0.0, 0.0, -0.0, -0.0, -0.0] 59.326
[-0.32, 0.0, 0.0, -0.0, -0.0, -0.0] 77.349
[-0.26, 0.0, 0.0, -0.0, -0.0, -0.0] 61.951
[-0.21, -0.0, 0.0, -0.0, -0.0, -0.0] 60.635
[-0.16, -0.0, 0.0, 0.0, -0.0, -0.0] 64.486
[-0.11, -0.0, 0.0, 0.0, -0.0, -0.0] 77.958
[-0.06, -0.0, 0.0, 0.0, 0.0, -0.0] 61.962
[-0.03, -0.0, 0.0, 0.0, -0.0, -0.0] 62.716
[-0.01, -0.0, 0.0, 0.0, 0.0, -0.0] 62.907
[-0.01, -0.0, 0.0, 0.0, -0.0, -0.0] 77.315
[-0.0, -0.0, 0.0, 0.0, -0.0, -0.0] 77.656
[0.05, -0.05, 0.0, 0.0, -0.05, -0.0] 61.363
[0.1, -0.1, 0.0, 0.0, -0.1, -0.0] 63.076
[0.15, -0.15, 0.0, 0.0, -0.15, 0.0] 62.971
[0.2, -0.2, 0.0, 0.0, -0.2, 0.0] 80.028
[0.25, -0.26, 0.0, 0.0, -0.26, 0.0] 117.091
[0.3, -0.31, 0.0, 0.0, -0.31, 0.0] 53.014
[0.36, -0.36, 0.0, 0.0, -0.36, -0.0] 61.234
[0.41, -0.41, 0.0, 0.0, -0.41, 0.0] 64.284
[0.46, -0.46, 0.0, 0.0, -0.46, 0.0] 61.742
[0.51, -0.51, 0.0, 0.0, -0.51, 0.0] 75.952
[0.56, -0.56, 0.0, 0.0, -0.56, -0.0] 50.111
[0.61, -0.58, 0.0, 0.0, -0.61, -0.0] 62.669
[0.66, -0.59, 0.0, -0.0, -0.67, -0.0] 79.534
[0.71, -0.6, 0.0, -0.0, -0.72, -0.0] 63.413
[0.77, -0.6, 0.0, -0.0, -0.77, -0.0] 66.745
[0.82, -0.6, 0.0, -0.0, -0.82, -0.0] 58.593
[0.87, -0.6, 0.0, -0.0, -0.87, -0.0] 84.542
[0.92, -0.6, 0.0, -0.0, -0.92, -0.0] 62.498
[0.97, -0.6, 0.0, -0.0, -0.96, -0.0] 52.527
[1.02, -0.6, 0.0, -0.0, -0.98, -0.0] 66.17
[1.07, -0.6, 0.0, -0.0, -0.99, -0.0] 67.547
[1.12, -0.6, 0.0, -0.0, -1.0, -0.0] 64.212
[1.17, -0.6, 0.0, -0.0, -1.0, -0.0] 53.285
[1.23, -0.6, 0.0, -0.0, -1.0, -0.0] 66.037
[1.28, -0.6, 0.0, -0.0, -1.0, -0.0] 74.981
[1.33, -0.6, 0.0, -0.0, -1.0, -0.0] 77.895
[1.38, -0.6, 0.0, -0.0, -1.0, 0.0] 62.816
[1.43, -0.6, 0.0, -0.0, -1.0, -0.0] 65.489
[1.47, -0.6, 0.0, -0.0, -1.0, -0.0] 62.736
[1.49, -0.6, 0.0, -0.0, -1.0, -0.0] 76.813
[1.49, -0.6, 0.0, -0.0, -1.0, -0.0] 60.094
[1.44, -0.55, 0.0, -0.0, -0.95, -0.0] 62.921
[1.39, -0.5, 0.0, -0.0, -0.9, -0.0] 64.149
[1.34, -0.45, 0.0, -0.0, -0.85, -0.0] 75.766
[1.29, -0.4, 0.0, -0.0, -0.8, -0.0] 63.319
[1.24, -0.34, 0.0, -0.0, -0.74, -0.0] 63.389
[1.19, -0.29, 0.0, -0.0, -0.69, -0.0] 59.834
[1.13, -0.24, 0.0, -0.0, -0.64, 0.0] 77.431
[1.08, -0.19, 0.0, -0.0, -0.59, 0.0] 84.567
[1.03, -0.14, 0.0, -0.0, -0.54, 0.0] 60.289
[0.98, -0.09, 0.0, -0.0, -0.49, -0.0] 86.376
[0.93, -0.04, 0.0, -0.0, -0.44, -0.0] 52.444
[0.88, -0.02, 0.0, 0.0, -0.39, 0.0] 63.156
[0.83, -0.01, 0.0, 0.0, -0.33, 0.0] 64.335
[0.78, -0.0, 0.0, 0.0, -0.28, 0.0] 65.798
[0.73, -0.0, 0.0, 0.0, -0.23, -0.0] 58.552
[0.67, -0.0, 0.0, 0.0, -0.18, 0.0] 84.582
[0.62, -0.0, 0.0, 0.0, -0.13, 0.0] 50.892
[0.57, -0.0, 0.0, 0.0, -0.08, 0.0] 64.549
[0.52, -0.0, 0.0, 0.0, -0.04, 0.0] 66.044
[0.47, 0.0, 0.0, 0.0, -0.02, 0.0] 74.854
[0.42, 0.0, 0.0, 0.0, -0.01, 0.0] 62.704
[0.37, 0.0, 0.0, 0.0, -0.0, -0.0] 62.111
[0.32, 0.0, 0.0, 0.0, -0.0, -0.0] 67.141
[0.26, 0.0, 0.0, 0.0, -0.0, -0.0] 63.697
[0.21, -0.0, 0.0, 0.0, -0.0, -0.0] 62.955
[0.16, -0.0, 0.0, 0.0, -0.0, -0.0] 74.131
[0.11, -0.0, 0.0, 0.0, -0.0, -0.0] 66.15
[0.06, -0.0, 0.0, 0.0, 0.0, -0.0] 64.844
[0.03, 0.0, 0.0, 0.0, -0.0, -0.0] 61.58
[0.01, -0.0, 0.0, 0.0, 0.0, -0.0] 62.274
[0.01, -0.0, 0.0, 0.0, -0.0, -0.0] 56.435
[-0.05, -0.05, 0.0, 0.0, -0.05, -0.0] 96.652
[-0.1, -0.1, 0.0, 0.0, -0.1, 0.0] 58.071
[-0.15, -0.15, 0.0, 0.0, -0.15, -0.0] 67.255
[-0.2, -0.2, 0.0, 0.0, -0.2, -0.0] 62.862
[-0.25, -0.26, 0.0, 0.0, -0.26, -0.0] 61.083
[-0.3, -0.31, 0.0, 0.0, -0.31, 0.0] 75.782
[-0.35, -0.36, 0.0, 0.0, -0.36, -0.0] 64.298
[-0.4, -0.41, 0.0, 0.0, -0.41, -0.0] 63.513
[-0.45, -0.46, 0.0, 0.0, -0.46, -0.0] 73.653
[-0.51, -0.51, 0.0, 0.0, -0.51, 0.0] 63.486
[-0.56, -0.56, 0.0, 0.0, -0.56, 0.0] 64.229
[-0.61, -0.58, 0.0, 0.0, -0.61, 0.0] 61.177
[-0.66, -0.59, 0.0, 0.0, -0.67, 0.0] 85.88
[-0.71, -0.6, 0.0, 0.0, -0.72, 0.0] 54.579
[-0.76, -0.6, 0.0, 0.0, -0.77, 0.0] 62.45
[-0.81, -0.6, 0.0, 0.0, -0.82, 0.0] 61.566
[-0.86, -0.6, 0.0, 0.0, -0.87, -0.0] 61.81
[-0.92, -0.6, 0.0, 0.0, -0.92, -0.0] 82.363
[-0.97, -0.6, 0.0, 0.0, -0.96, -0.0] 58.077
[-1.02, -0.6, 0.0, 0.0, -0.98, -0.0] 65.244
[-1.07, -0.6, 0.0, 0.0, -0.99, -0.0] 61.205
[-1.12, -0.6, 0.0, 0.0, -1.0, -0.0] 76.962
[-1.17, -0.6, 0.0, 0.0, -1.0, -0.0] 62.56
[-1.22, -0.6, 0.0, 0.0, -1.0, -0.0] 70.983
[-1.27, -0.6, 0.0, 0.0, -1.0, -0.0] 55.412
[-1.33, -0.6, 0.0, 0.0, -1.0, -0.0] 61.118
[-1.38, -0.6, 0.0, 0.0, -1.0, -0.0] 75.031
[-1.43, -0.6, 0.0, 0.0, -1.0, -0.0] 63.231
[-1.47, -0.6, 0.0, 0.0, -1.0, 0.0] 50.677
[-1.48, -0.6, 0.0, -0.0, -1.0, 0.0] 77.429
[-1.49, -0.6, 0.0, -0.0, -1.0, 0.0] 95.698
[-1.44, -0.55, 0.0, -0.0, -0.95, 0.0] 59.414
[-1.39, -0.5, 0.0, -0.0, -0.9, 0.0] 66.997
[-1.34, -0.45, 0.0, -0.0, -0.85, 0.0] 66.285
[-1.29, -0.4, 0.0, -0.0, -0.8, 0.0] 62.97
[-1.24, -0.34, 0.0, -0.0, -0.74, 0.0] 63.026
[-1.19, -0.29, 0.0, -0.0, -0.69, 0.0] 63.614
[-1.13, -0.24, 0.0, -0.0, -0.64, 0.0] 76.206
[-1.08, -0.19, 0.0, -0.0, -0.59, -0.0] 68.925
[-1.03, -0.14, 0.0, -0.0, -0.54, -0.0] 63.947
[-0.98, -0.09, 0.0, -0.0, -0.49, -0.0] 64.997
[-0.93, -0.04, 0.0, -0.0, -0.44, 0.0] 63.538
[-0.88, -0.02, 0.0, -0.0, -0.39, -0.0] 64.586
[-0.83, -0.01, 0.0, -0.0, -0.33, -0.0] 75.414
[-0.78, -0.0, 0.0, -0.0, -0.28, 0.0] 63.736
[-0.72, -0.0, 0.0, -0.0, -0.23, -0.0] 61.941
[-0.67, -0.0, 0.0, -0.0, -0.18, -0.0] 63.442
[-0.62, -0.0, 0.0, -0.0, -0.13, -0.0] 76.123
[-0.57, -0.0, 0.0, -0.0, -0.08, -0.0] 62.422
[-0.52, -0.0, 0.0, -0.0, -0.04, 0.0] 61.638
[-0.47, 0.0, 0.0, -0.0, -0.02, -0.0] 63.805
[-0.42, 0.0, 0.0, -0.0, -0.01, -0.0] 79.873
[-0.37, 0.0, 0.0, -0.0, -0.0, -0.0] 62.503
[-0.32, 0.0, 0.0, -0.0, -0.0, -0.0] 61.334
[-0.26, 0.0, 0.0, -0.0, -0.0, -0.0] 60.953
[-0.21, -0.0, 0.0, -0.0, -0.0, -0.0] 79.835
[-0.16, -0.0, 0.0, 0.0, -0.0, -0.0] 60.692
[-0.11, -0.0, 0.0, 0.0, -0.0, -0.0] 62.547
[-0.06, -0.0, 0.0, 0.0, 0.0, -0.0] 63.844
[-0.03, -0.0, 0.0, 0.0, -0.0, -0.0] 58.69
[-0.01, -0.0, 0.0, 0.0, 0.0, -0.0] 92.167
[-0.01, -0.0, 0.0, 0.0, -0.0, -0.0] 63.653
INFO: 'get_position' 