INFO: hari: Starting controller: python.exe -u hari.py
[-0.0, -0.0, 0.0, 0.0, -0.0, 0.0] 53.73
[-0.0, 0.051, -0.051, 0.0, -0.0, 0.0] 64.123
[-0.0, 0.102, -0.102, 0.0, -0.0, -0.0] 63.296
[-0.0, 0.154, -0.154, 0.0, -0.0, 0.0] 63.625
[-0.0, 0.205, -0.205, 0.0, -0.0, -0.0] 64.984
[-0.0, 0.256, -0.256, 0.0, -0.0, -0.0] 78.751
[-0.0, 0.307, -0.307, 0.0, -0.0, -0.0] 63.798
[-0.0, 0.358, -0.358, 0.0, -0.0, -0.0] 62.849
[-0.0, 0.41, -0.409, 0.0, -0.0, -0.0] 64.988
[-0.0, 0.456, -0.461, 0.0, 0.0, -0.0] 80.374
[-0.0, 0.48, -0.512, -0.0, 0.0, -0.0] 63.632
[-0.0, 0.491, -0.563, -0.0, 0.0, -0.0] 65.364
[-0.0, 0.496, -0.614, -0.0, 0.0, -0.0] 62.397
[-0.0, 0.498, -0.665, -0.0, 0.0, -0.0] 79.312
[-0.0, 0.499, -0.717, -0.0, 0.0, 0.0] 63.579
[-0.0, 0.5, -0.768, -0.0, 0.0, 0.0] 64.735
[-0.0, 0.5, -0.819, -0.0, 0.0, 0.0] 63.226
[-0.0, 0.5, -0.87, -0.0, 0.0, 0.0] 78.835
[-0.0, 0.5, -0.921, -0.0, 0.0, 0.0] 79.493
[-0.0, 0.5, -0.973, -0.0, 0.0, 0.0] 63.806
[-0.0, 0.5, -1.024, -0.0, 0.0, 0.0] 63.094
[-0.0, 0.5, -1.075, -0.0, 0.0, 0.0] 63.592
[-0.0, 0.5, -1.126, -0.0, 0.0, 0.0] 80.13
[-0.0, 0.5, -1.177, -0.0, 0.0, 0.0] 63.828
[-0.0, 0.5, -1.216, -0.0, 0.0, 0.0] 64.111
[-0.0, 0.5, -1.234, -0.0, 0.0, 0.0] 63.258
[-0.0, 0.5, -1.243, -0.0, 0.0, 0.0] 79.842
[0.051, 0.449, -1.192, 0.0, 0.0, -0.004] 63.21
[0.102, 0.398, -1.14, 0.0, 0.0, -0.006] 64.345
[0.154, 0.346, -1.089, 0.0, 0.0, -0.006] 62.963
[0.205, 0.295, -1.038, -0.0, 0.0, -0.007] 64.379
[0.256, 0.244, -0.987, -0.0, 0.0, -0.007] 95.497
[0.307, 0.193, -0.936, -0.0, 0.0, -0.007] 64.336
[0.358, 0.142, -0.885, -0.0, -0.0, -0.007] 64.308
[0.41, 0.09, -0.833, -0.0, -0.0, -0.007] 64.402
[0.461, 0.039, -0.782, -0.0, 0.0, -0.007] 79.297
[0.512, -0.012, -0.731, -0.0, 0.0, -0.007] 63.96
[0.563, -0.063, -0.68, -0.0, 0.0, -0.007] 62.472
[0.614, -0.114, -0.629, -0.0, 0.0, -0.007] 63.635
[0.666, -0.166, -0.577, -0.0, 0.0, -0.007] 79.956
[0.717, -0.208, -0.526, -0.0, -0.0, -0.007] 64.006
[0.768, -0.227, -0.475, -0.0, -0.0, -0.007] 63.378
[0.819, -0.236, -0.424, -0.0, -0.0, -0.007] 64.086
[0.87, -0.24, -0.373, -0.0, -0.0, -0.007] 80.041
[0.922, -0.242, -0.322, 0.0, -0.0, -0.007] 63.812
[0.961, -0.243, -0.27, 0.0, -0.0, -0.007] 63.566
[0.979, -0.244, -0.219, 0.0, 0.0, -0.007] 63.151
[0.988, -0.244, -0.168, 0.0, 0.0, -0.007] 80.428
[0.992, -0.244, -0.117, 0.0, -0.0, -0.007] 64.299
[0.993, -0.244, -0.066, 0.0, -0.0, -0.007] 63.746
[0.994, -0.244, -0.014, 0.0, -0.0, -0.007] 63.912
[0.995, -0.244, 0.037, 0.0, -0.0, -0.007] 63.911
[0.995, -0.244, 0.088, 0.0, -0.0, -0.007] 95.729
[0.995, -0.244, 0.139, 0.0, -0.0, -0.007] 63.501
[0.995, -0.244, 0.19, 0.0, -0.0, -0.007] 63.888
[0.995, -0.244, 0.242, 0.0, -0.0, -0.007] 63.865
[0.995, -0.244, 0.293, 0.0, -0.0, -0.007] 78.857
[0.995, -0.244, 0.344, 0.0, -0.0, -0.007] 63.661
[0.995, -0.244, 0.395, 0.0, -0.0, -0.007] 64.21
[0.995, -0.244, 0.446, 0.0, -0.0, -0.007] 63.937
[0.995, -0.244, 0.498, 0.0, -0.0, -0.007] 79.829
[0.995, -0.244, 0.549, 0.0, -0.0, -0.007] 63.506
[0.995, -0.244, 0.6, 0.0, -0.0, -0.007] 63.227
[0.995, -0.244, 0.651, 0.0, -0.0, -0.007] 63.269
[0.995, -0.244, 0.702, 0.0, -0.0, -0.007] 63.657
[0.995, -0.244, 0.754, 0.0, -0.0, -0.007] 94.812
[0.995, -0.244, 0.805, -0.0, -0.0, -0.007] 63.034
[0.995, -0.244, 0.856, -0.0, -0.0, -0.007] 63.72
[0.995, -0.244, 0.907, -0.0, -0.0, -0.007] 63.262
[0.995, -0.244, 0.954, -0.0, -0.0, -0.007] 79.744
[0.995, -0.244, 0.979, -0.0, -0.0, -0.007] 63.683
[0.995, -0.244, 0.99, -0.0, -0.0, -0.007] 64.814
[0.944, -0.295, 0.939, -0.051, -0.051, -0.002] 62.661
[0.893, -0.346, 0.888, -0.102, -0.102, 0.001] 79.016
[0.841, -0.398, 0.837, -0.154, -0.154, 0.002] 63.021
[0.79, -0.449, 0.785, -0.205, -0.205, 0.003] 62.826
[0.739, -0.5, 0.734, -0.256, -0.256, 0.003] 64.223
[0.688, -0.547, 0.701, -0.307, -0.307, 0.003] 78.256
[0.637, -0.571, 0.686, -0.358, -0.358, 0.003] 63.621
[0.585, -0.582, 0.679, -0.41, -0.41, 0.003] 63.816
[0.534, -0.588, 0.676, -0.461, -0.461, 0.003] 64.192
[0.483, -0.59, 0.674, -0.512, -0.512, 0.003] 79.89
[0.432, -0.591, 0.674, -0.563, -0.563, 0.003] 79.989
[0.381, -0.592, 0.673, -0.614, -0.614, 0.003] 64.186
[0.329, -0.592, 0.673, -0.666, -0.666, 0.003] 63.765
[0.278, -0.592, 0.673, -0.717, -0.717, 0.003] 64.278
[0.227, -0.592, 0.673, -0.768, -0.768, 0.003] 63.727
[0.176, -0.592, 0.673, -0.819, -0.819, 0.003] 96.222
[0.133, -0.592, 0.673, -0.87, -0.87, 0.003] 63.805
[0.113, -0.592, 0.673, -0.922, -0.922, 0.003] 64.051
[0.104, -0.592, 0.673, -0.973, -0.973, 0.003] 64.054
[0.1, -0.592, 0.673, -1.024, -1.024, 0.003] 80.527
[0.098, -0.592, 0.673, -1.075, -1.075, 0.003] 79.028
[0.097, -0.592, 0.673, -1.126, -1.126, 0.003] 64.376
[0.096, -0.592, 0.673, -1.178, -1.177, 0.003] 63.811
[0.096, -0.592, 0.673, -1.229, -1.229, 0.003] 64.801
[0.096, -0.592, 0.673, -1.28, -1.28, 0.003] 79.313
[0.096, -0.592, 0.673, -1.331, -1.331, 0.003] 64.064
[0.096, -0.592, 0.673, -1.382, -1.382, 0.003] 63.634
[0.096, -0.592, 0.673, -1.434, -1.433, 0.003] 63.318
[0.096, -0.592, 0.673, -1.485, -1.469, 0.003] 78.999
[0.096, -0.592, 0.673, -1.536, -1.485, 0.003] 64.186
[0.096, -0.592, 0.673, -1.587, -1.493, 0.003] 60.885
[0.096, -0.592, 0.673, -1.638, -1.496, 0.003] 73.05
[0.096, -0.592, 0.673, -1.688, -1.498, 0.003] 63.911
[0.096, -0.592, 0.673, -1.715, -1.498, 0.003] 64.23
[0.096, -0.592, 0.673, -1.727, -1.499, 0.003] 63.72
[0.096, -0.592, 0.673, -1.733, -1.499, 0.003] 64.031
[0.048, -0.541, 0.622, -1.682, -1.448, 0.003] 78.278
[0.022, -0.49, 0.571, -1.631, -1.397, 0.003] 63.999
[0.01, -0.438, 0.519, -1.58, -1.345, 0.003] 64.0
[0.005, -0.387, 0.468, -1.528, -1.294, 0.003] 63.859
[0.002, -0.336, 0.417, -1.477, -1.243, 0.003] 79.944
[0.001, -0.285, 0.366, -1.426, -1.192, 0.003] 63.131
[0.0, -0.234, 0.315, -1.375, -1.141, 0.003] 63.21
[0.0, -0.182, 0.264, -1.324, -1.089, 0.003] 63.779
[0.0, -0.131, 0.212, -1.272, -1.038, 0.003] 63.518
[0.0, -0.08, 0.161, -1.221, -0.987, 0.003] 80.037
[0.0, -0.029, 0.11, -1.17, -0.936, 0.003] 64.205
[0.0, 0.022, 0.059, -1.119, -0.885, 0.003] 80.411
[0.0, 0.074, 0.008, -1.068, -0.833, 0.003] 63.676
[0.0, 0.125, -0.044, -1.016, -0.782, 0.003] 63.388
[0.0, 0.176, -0.095, -0.965, -0.731, 0.003] 65.033
[0.0, 0.227, -0.146, -0.914, -0.68, 0.003] 78.34
[0.0, 0.278, -0.197, -0.863, -0.629, 0.003] 79.781
[0.0, 0.33, -0.248, -0.812, -0.578, 0.003] 63.099
[0.0, 0.381, -0.299, -0.76, -0.526, 0.003] 64.602
[0.0, 0.432, -0.351, -0.709, -0.475, 0.003] 63.813
[0.0, 0.469, -0.402, -0.658, -0.424, 0.003] 62.982
[0.0, 0.485, -0.453, -0.607, -0.373, 0.003] 95.238
[0.0, 0.493, -0.504, -0.556, -0.322, 0.003] 63.659
[0.0, 0.497, -0.555, -0.504, -0.271, 0.003] 63.894
[0.0, 0.499, -0.607, -0.453, -0.219, 0.003] 64.765
[0.0, 0.499, -0.658, -0.402, -0.168, 0.003] 79.876
[0.0, 0.5, -0.709, -0.351, -0.117, 0.003] 63.678
[0.0, 0.5, -0.76, -0.3, -0.066, 0.003] 64.133
[0.0, 0.5, -0.811, -0.248, -0.032, 0.003] 63.576
[0.0, 0.5, -0.863, -0.197, -0.016, 0.003] 63.232
[0.0, 0.5, -0.914, -0.146, -0.009, 0.003] 94.902
[0.0, 0.5, -0.965, -0.095, -0.006, 0.003] 63.29
[0.0, 0.5, -1.016, -0.047, -0.004, 0.003] 63.736
[0.0, 0.5, -1.067, -0.022, -0.004, 0.003] 63.168
[0.0, 0.5, -1.119, -0.01, -0.003, 0.003] 80.311
[0.0, 0.5, -1.17, -0.005, -0.003, 0.003] 79.563
[0.0, 0.5, -1.213, -0.002, -0.003, 0.003] 63.432
[0.0, 0.5, -1.233, -0.001, -0.003, 0.003] 63.869
[0.0, 0.5, -1.242, -0.0, -0.003, 0.003] 63.953
[0.0, 0.449, -1.191, -0.0, -0.001, 0.001] 80.572
[0.0, 0.398, -1.14, -0.0, -0.001, 0.001] 64.43
[0.0, 0.346, -1.089, -0.0, -0.0, 0.0] 64.465
[0.0, 0.295, -1.037, -0.0, -0.0, 0.0] 61.925
[0.0, 0.244, -0.986, -0.0, -0.0, 0.0] 79.038
[0.0, 0.193, -0.935, -0.0, -0.0, 0.0] 64.108
[0.0, 0.142, -0.884, 0.0, -0.0, 0.0] 47.878
[0.0, 0.09, -0.833, -0.0, -0.0, 0.0] 63.887
[-0.0, 0.044, -0.781, 0.0, -0.0, 0.0] 79.699
[-0.0, 0.02, -0.73, -0.0, -0.0, -0.0] 79.134
[-0.0, 0.009, -0.679, 0.0, -0.0, -0.0] 63.626
[-0.0, 0.004, -0.628, -0.0, -0.0, 0.0] 63.636
[-0.0, 0.002, -0.577, 0.0, -0.0, -0.0] 64.363
[-0.0, 0.001, -0.525, 0.0, -0.0, -0.0] 80.339
[-0.0, 0.0, -0.474, -0.0, -0.0, 0.0] 63.246
[-0.0, 0.0, -0.423, -0.0, 0.0, 0.0] 55.657
[-0.0, 0.0, -0.372, -0.0, -0.0, -0.0] 62.619
[-0.0, 0.0, -0.321, -0.0, -0.0, -0.0] 76.446
[-0.0, 0.0, -0.269, -0.0, -0.0, 0.0] 80.658
[-0.0, 0.0, -0.218, -0.0, -0.0, -0.0] 67.075
[-0.0, 0.0, -0.167, -0.0, -0.0, 0.0] 56.286
[-0.0, 0.0, -0.116, -0.0, -0.0, 0.0] 71.458
[-0.0, 0.0, -0.065, -0.0, -0.0, -0.0] 63.279
[-0.0, -0.0, -0.03, -0.0, -0.0, -0.0] 64.665
[-0.0, -0.0, -0.014, -0.0, -0.0, -0.0] 50.299
[-0.0, -0.0, -0.006, -0.0, -0.0, -0.0] 60.367
[-0.0, -0.0, -0.003, -0.0, -0.0, -0.0] 79.775
[-0.0, 0.051, -0.054, -0.0, -0.0, -0.0] 63.52
[-0.0, 0.102, -0.105, -0.0, -0.0, -0.0] 64.417
[-0.0, 0.154, -0.156, -0.0, -0.0, -0.0] 63.878
[-0.0, 0.205, -0.208, -0.0, -0.0, -0.0] 79.859
[-0.0, 0.256, -0.259, -0.0, -0.0, 0.0] 63.793
[-0.0, 0.307, -0.31, -0.0, -0.0, -0.0] 64.358
[-0.0, 0.358, -0.361, -0.0, -0.0, -0.0] 63.105
[0.0, 0.41, -0.412, -0.0, -0.0, -0.0] 79.922
[0.0, 0.456, -0.464, -0.0, 0.0, -0.0] 47.954
[0.0, 0.48, -0.515, 0.0, 0.0, -0.0] 64.006
[0.0, 0.491, -0.566, 0.0, 0.0, -0.0] 79.017
[0.0, 0.496, -0.617, 0.0, 0.0, -0.0] 63.871
[0.0, 0.498, -0.668, 0.0, 0.0, -0.0] 64.202
[0.0, 0.499, -0.72, 0.0, 0.0, 0.0] 64.22
[0.0, 0.5, -0.771, 0.0, 0.0, -0.0] 95.343
[0.0, 0.5, -0.822, 0.0, 0.0, 0.0] 63.735
[0.0, 0.5, -0.873, 0.0, 0.0, 0.0] 63.364
[0.0, 0.5, -0.924, 0.0, 0.0, 0.0] 51.586
[0.0, 0.5, -0.976, 0.0, 0.0, 0.0] 75.511
[0.0, 0.5, -1.027, 0.0, 0.0, 0.0] 80.079
[0.0, 0.5, -1.078, 0.0, 0.0, 0.0] 64.162
[0.0, 0.5, -1.129, 0.0, 0.0, 0.0] 79.746
[0.0, 0.5, -1.18, 0.0, 0.0, 0.0] 63.002
[0.0, 0.5, -1.218, 0.0, 0.0, 0.0] 63.101
[0.0, 0.5, -1.235, 0.0, 0.0, 0.0] 64.169
[0.0, 0.5, -1.243, 0.0, 0.0, 0.0] 63.425
[0.051, 0.449, -1.192, 0.0, 0.0, -0.004] 79.991
[0.102, 0.398, -1.141, 0.0, 0.0, -0.006] 63.879
[0.154, 0.346, -1.09, 0.0, 0.0, -0.006] 64.081
[0.205, 0.295, -1.038, 0.0, 0.0, -0.007] 63.835
[0.256, 0.244, -0.987, 0.0, 0.0, -0.007] 74.854
[0.307, 0.193, -0.936, 0.0, 0.0, -0.007] 69.718
[0.358, 0.142, -0.885, 0.0, -0.0, -0.007] 63.19
[0.41, 0.09, -0.834, 0.0, -0.0, -0.007] 62.843
[0.461, 0.039, -0.783, 0.0, 0.0, -0.007] 64.127
[0.512, -0.012, -0.731, 0.0, 0.0, -0.007] 80.285
[0.563, -0.063, -0.68, 0.0, 0.0, -0.007] 63.544
[0.614, -0.114, -0.629, 0.0, 0.0, -0.007] 56.167
[0.666, -0.166, -0.578, 0.0, 0.0, -0.007] 70.246
[0.717, -0.208, -0.527, 0.0, -0.0, -0.007] 69.679
[0.768, -0.227, -0.475, 0.0, -0.0, -0.007] 73.465
[0.819, -0.236, -0.424, 0.0, -0.0, -0.007] 63.015
[0.87, -0.24, -0.373, 0.0, -0.0, -0.007] 63.882
[0.922, -0.242, -0.322, 0.0, -0.0, -0.007] 63.743
[0.961, -0.243, -0.271, -0.0, -0.0, -0.007] 79.016
[0.979, -0.244, -0.219, -0.0, 0.0, -0.007] 48.054
[0.988, -0.244, -0.168, -0.0, 0.0, -0.007] 79.737
[0.992, -0.244, -0.117, -0.0, -0.0, -0.007] 95.143
[0.993, -0.244, -0.066, -0.0, -0.0, -0.007] 80.049
[0.994, -0.244, -0.015, -0.0, -0.0, -0.007] 64.894
[0.995, -0.244, 0.037, -0.0, -0.0, -0.007] 63.721
[0.995, -0.244, 0.088, -0.0, -0.0, -0.007] 77.958
[0.995, -0.244, 0.139, -0.0, -0.0, -0.007] 63.144
[0.995, -0.244, 0.19, -0.0, -0.0, -0.007] 54.378
[0.995, -0.244, 0.241, -0.0, -0.0, -0.007] 74.01
[0.995, -0.244, 0.293, -0.0, -0.0, -0.007] 63.46
[0.995, -0.244, 0.344, -0.0, -0.0, -0.007] 63.819
[0.995, -0.244, 0.395, -0.0, -0.0, -0.007] 79.909
[0.995, -0.244, 0.446, -0.0, -0.0, -0.007] 95.865
[0.995, -0.244, 0.497, -0.0, -0.0, -0.007] 63.137
[0.995, -0.244, 0.549, -0.0, -0.0, -0.007] 63.404
[0.995, -0.244, 0.6, -0.0, -0.0, -0.007] 64.053
[0.995, -0.244, 0.651, -0.0, -0.0, -0.007] 64.657
[0.995, -0.244, 0.702, -0.0, -0.0, -0.007] 79.139
[0.995, -0.244, 0.753, -0.0, -0.0, -0.007] 63.772
[0.995, -0.244, 0.805, 0.0, -0.0, -0.007] 64.692
[0.995, -0.244, 0.856, 0.0, -0.0, -0.007] 62.552
[0.995, -0.244, 0.907, 0.0, -0.0, -0.007] 79.427
[0.995, -0.244, 0.954, 0.0, -0.0, -0.007] 63.885
[0.995, -0.244, 0.979, 0.0, -0.0, -0.007] 69.835
[0.995, -0.244, 0.99, 0.0, -0.0, -0.007] 57.853
[0.944, -0.295, 0.939, -0.051, -0.051, -0.002] 76.567
[0.893, -0.346, 0.888, -0.102, -0.102, 0.001] 66.049
[0.841, -0.398, 0.837, -0.154, -0.154, 0.002] 63.542
[0.79, -0.449, 0.785, -0.205, -0.205, 0.003] 63.931
[0.739, -0.5, 0.734, -0.256, -0.256, 0.003] 64.177
[0.688, -0.547, 0.701, -0.307, -0.307, 0.003] 79.633
[0.637, -0.571, 0.686, -0.358, -0.358, 0.003] 64.337
[0.585, -0.582, 0.679, -0.41, -0.41, 0.003] 63.819
[0.534, -0.588, 0.676, -0.461, -0.461, 0.003] 64.357
[0.483, -0.59, 0.674, -0.512, -0.512, 0.003] 80.244
[0.432, -0.591, 0.674, -0.563, -0.563, 0.003] 79.92
[0.381, -0.592, 0.673, -0.614, -0.614, 0.003] 49.482
[0.329, -0.592, 0.673, -0.666, -0.666, 0.003] 62.489
[0.278, -0.592, 0.673, -0.717, -0.717, 0.003] 64.088
[0.227, -0.592, 0.673, -0.768, -0.768, 0.003] 79.471
[0.176, -0.592, 0.673, -0.819, -0.819, 0.003] 64.462
[0.133, -0.592, 0.673, -0.87, -0.87, 0.003] 59.782
[0.113, -0.592, 0.673, -0.922, -0.922, 0.003] 66.423
[0.104, -0.592, 0.673, -0.973, -0.973, 0.003] 53.594
[0.1, -0.592, 0.673, -1.024, -1.024, 0.003] 87.966
[0.098, -0.592, 0.673, -1.075, -1.075, 0.003] 64.247
[0.097, -0.592, 0.673, -1.126, -1.126, 0.003] 62.866
[0.096, -0.592, 0.673, -1.178, -1.177, 0.003] 79.122
[0.096, -0.592, 0.673, -1.229, -1.229, 0.003] 79.277
[0.096, -0.592, 0.673, -1.28, -1.28, 0.003] 63.251
[0.096, -0.592, 0.673, -1.331, -1.331, 0.003] 64.305
[0.096, -0.592, 0.673, -1.382, -1.382, 0.003] 63.125
[0.096, -0.592, 0.673, -1.434, -1.433, 0.003] 63.517
[0.096, -0.592, 0.673, -1.485, -1.469, 0.003] 64.112
[0.096, -0.592, 0.673, -1.536, -1.485, 0.003] 64.066
[0.096, -0.592, 0.673, -1.587, -1.493, 0.003] 80.0
[0.096, -0.592, 0.673, -1.638, -1.496, 0.003] 64.111
[0.096, -0.592, 0.673, -1.688, -1.498, 0.003] 63.256
[0.096, -0.592, 0.673, -1.715, -1.498, 0.003] 63.118
[0.096, -0.592, 0.673, -1.727, -1.499, 0.003] 79.488
[0.096, -0.592, 0.673, -1.733, -1.499, 0.003] 64.138
[0.048, -0.541, 0.622, -1.682, -1.448, 0.003] 63.906
[0.022, -0.49, 0.571, -1.631, -1.397, 0.003] 64.773
[0.01, -0.438, 0.519, -1.58, -1.345, 0.003] 79.13
[0.005, -0.387, 0.468, -1.528, -1.294, 0.003] 63.893
[0.002, -0.336, 0.417, -1.477, -1.243, 0.003] 64.242
[0.001, -0.285, 0.366, -1.426, -1.192, 0.003] 64.152
[0.0, -0.234, 0.315, -1.375, -1.141, 0.003] 96.565
[0.0, -0.182, 0.264, -1.324, -1.089, 0.003] 63.329
[0.0, -0.131, 0.212, -1.272, -1.038, 0.003] 63.946
[0.0, -0.08, 0.161, -1.221, -0.987, 0.003] 63.395
[0.0, -0.029, 0.11, -1.17, -0.936, 0.003] 79.038
[0.0, 0.022, 0.059, -1.119, -0.885, 0.003] 63.624
[0.0, 0.074, 0.008, -1.068, -0.833, 0.003] 63.67
[0.0, 0.125, -0.044, -1.016, -0.782, 0.003] 64.759
[0.0, 0.176, -0.095, -0.965, -0.731, 0.003] 63.688
[0.0, 0.227, -0.146, -0.914, -0.68, 0.003] 80.214
[0.0, 0.278, -0.197, -0.863, -0.629, 0.003] 63.559
[0.0, 0.33, -0.248, -0.812, -0.578, 0.003] 64.097
[0.0, 0.381, -0.299, -0.76, -0.526, 0.003] 64.153
[0.0, 0.432, -0.351, -0.709, -0.475, 0.003] 63.725
[0.0, 0.469, -0.402, -0.658, -0.424, 0.003] 80.156
[0.0, 0.485, -0.453, -0.607, -0.373, 0.003] 79.867
[0.0, 0.493, -0.504, -0.556, -0.322, 0.003] 64.666
[0.0, 0.497, -0.555, -0.504, -0.271, 0.003] 63.325
[0.0, 0.499, -0.607, -0.453, -0.219, 0.003] 64.126
[0.0, 0.499, -0.658, -0.402, -0.168, 0.003] 79.892
[0.0, 0.5, -0.709, -0.351, -0.117, 0.003] 63.07
[0.0, 0.5, -0.76, -0.3, -0.066, 0.003] 63.452
[0.0, 0.5, -0.811, -0.248, -0.032, 0.003] 64.097
[0.0, 0.5, -0.863, -0.197, -0.016, 0.003] 79.925
[0.0, 0.5, -0.914, -0.146, -0.009, 0.003] 63.796
[0.0, 0.5, -0.965, -0.095, -0.006, 0.003] 63.654
[0.0, 0.5, -1.016, -0.047, -0.004, 0.003] 64.183
[0.0, 0.5, -1.067, -0.022, -0.004, 0.003] 79.988
[0.0, 0.5, -1.119, -0.01, -0.003, 0.003] 63.835
[0.0, 0.5, -1.17, -0.005, -0.003, 0.003] 64.602
[0.0, 0.5, -1.213, -0.002, -0.003, 0.003] 64.104
[0.0, 0.5, -1.233, -0.001, -0.003, 0.003] 79.259
[0.0, 0.5, -1.242, -0.0, -0.003, 0.003] 64.224
[0.0, 0.449, -1.191, -0.0, -0.001, 0.001] 63.992
[0.0, 0.398, -1.14, -0.0, -0.001, 0.001] 47.903
[0.0, 0.346, -1.089, -0.0, -0.0, 0.0] 96.396
[0.0, 0.295, -1.037, -0.0, -0.0, 0.0] 78.855
[0.0, 0.244, -0.986, -0.0, -0.0, 0.0] 64.756
[0.0, 0.193, -0.935, -0.0, -0.0, 0.0] 62.222
[0.0, 0.142, -0.884, 0.0, -0.0, 0.0] 64.061
[0.0, 0.09, -0.833, -0.0, -0.0, 0.0] 96.351
[-0.0, 0.044, -0.781, 0.0, -0.0, 0.0] 64.429
[-0.0, 0.02, -0.73, -0.0, -0.0, -0.0] 63.049
[-0.0, 0.009, -0.679, 0.0, -0.0, -0.0] 63.936
[-0.0, 0.004, -0.628, -0.0, -0.0, 0.0] 63.867
[-0.0, 0.002, -0.577, 0.0, -0.0, -0.0] 79.979
[-0.0, 0.001, -0.525, 0.0, -0.0, -0.0] 63.798
[-0.0, 0.0, -0.474, -0.0, -0.0, 0.0] 64.219
[-0.0, 0.0, -0.423, -0.0, 0.0, 0.0] 64.104
[-0.0, 0.0, -0.372, -0.0, -0.0, -0.0] 80.294
[-0.0, 0.0, -0.321, -0.0, -0.0, -0.0] 62.968
[-0.0, 0.0, -0.269, -0.0, -0.0, 0.0] 63.516
[-0.0, 0.0, -0.218, -0.0, -0.0, -0.0] 53.283
[-0.0, 0.0, -0.167, -0.0, -0.0, 0.0] 89.939
[-0.0, 0.0, -0.116, -0.0, -0.0, 0.0] 63.925
[-0.0, 0.0, -0.065, -0.0, -0.0, -0.0] 64.333
[-0.0, -0.0, -0.03, -0.0, -0.0, -0.0] 63.691
[-0.0, -0.0, -0.014, -0.0, -0.0, -0.0] 63.915
[-0.0, -0.0, -0.006, -0.0, -0.0, -0.0] 79.911
[-0.0, -0.0, -0.003, -0.0, -0.0, -0.0] 64.095
[-0.0, 0.051, -0.054, -0.0, -0.0, -0.0] 64.281
[-0.0, 0.102, -0.105, -0.0, -0.0, -0.0] 64.219
[-0.0, 0.154, -0.156, -0.0, -0.0, -0.0] 79.859
[-0.0, 0.205, -0.208, -0.0, -0.0, -0.0] 63.867
[-0.0, 0.256, -0.259, -0.0, -0.0, 0.0] 63.908
[-0.0, 0.307, -0.31, -0.0, -0.0, -0.0] 63.908
[-0.0, 0.358, -0.361, -0.0, -0.0, -0.0] 63.249
[0.0, 0.41, -0.412, -0.0, -0.0, -0.0] 78.88
[0.0, 0.456, -0.464, -0.0, 0.0, -0.0] 80.18
[0.0, 0.48, -0.515, 0.0, 0.0, -0.0] 63.629
[0.0, 0.491, -0.566, 0.0, 0.0, -0.0] 63.334
[0.0, 0.496, -0.617, 0.0, 0.0, -0.0] 64.02
[0.0, 0.498, -0.668, 0.0, 0.0, -0.0] 80.051
[0.0, 0.499, -0.72, 0.0, 0.0, 0.0] 63.137
[0.0, 0.5, -0.771, 0.0, 0.0, -0.0] 64.064
[0.0, 0.5, -0.822, 0.0, 0.0, 0.0] 63.068
[0.0, 0.5, -0.873, 0.0, 0.0, 0.0] 78.934
[0.0, 0.5, -0.924, 0.0, 0.0, 0.0] 63.447
[0.0, 0.5, -0.976, 0.0, 0.0, 0.0] 64.613
[0.0, 0.5, -1.027, 0.0, 0.0, 0.0] 63.592
[0.0, 0.5, -1.078, 0.0, 0.0, 0.0] 79.182
[0.0, 0.5, -1.129, 0.0, 0.0, 0.0] 62.913
[0.0, 0.5, -1.18, 0.0, 0.0, 0.0] 63.929
[0.0, 0.5, -1.218, 0.0, 0.0, 0.0] 63.728
[0.0, 0.5, -1.235, 0.0, 0.0, 0.0] 95.982
[0.0, 0.5, -1.243, 0.0, 0.0, 0.0] 63.329
[0.051, 0.449, -1.192, 0.0, 0.0, -0.004] 64.105
[0.102, 0.398, -1.141, 0.0, 0.0, -0.006] 62.979
[0.154, 0.346, -1.09, 0.0, 0.0, -0.006] 64.101
[0.205, 0.295, -1.038, 0.0, 0.0, -0.007] 79.859
[0.256, 0.244, -0.987, 0.0, 0.0, -0.007] 80.203
[0.307, 0.193, -0.936, 0.0, 0.0, -0.007] 63.539
[0.358, 0.142, -0.885, 0.0, -0.0, -0.007] 63.718
[0.41, 0.09, -0.834, 0.0, -0.0, -0.007] 63.456
[0.461, 0.039, -0.783, 0.0, 0.0, -0.007] 62.942
[0.512, -0.012, -0.731, 0.0, 0.0, -0.007] 80.16
[0.563, -0.063, -0.68, 0.0, 0.0, -0.007] 63.362
[0.614, -0.114, -0.629, 0.0, 0.0, -0.007] 64.353
[0.666, -0.166, -0.578, 0.0, 0.0, -0.007] 64.012
[0.717, -0.208, -0.527, 0.0, -0.0, -0.007] 94.615
[0.768, -0.227, -0.475, 0.0, -0.0, -0.007] 63.213
[0.819, -0.236, -0.424, 0.0, -0.0, -0.007] 63.971
[0.87, -0.24, -0.373, 0.0, -0.0, -0.007] 64.547
[0.922, -0.242, -0.322, 0.0, -0.0, -0.007] 48.144
[0.961, -0.243, -0.271, -0.0, -0.0, -0.007] 95.595
[0.979, -0.244, -0.219, -0.0, 0.0, -0.007] 59.937
[0.988, -0.244, -0.168, -0.0, 0.0, -0.007] 67.941
[0.992, -0.244, -0.117, -0.0, -0.0, -0.007] 63.616
[0.993, -0.244, -0.066, -0.0, -0.0, -0.007] 63.249
[0.994, -0.244, -0.015, -0.0, -0.0, -0.007] 75.197
[0.995, -0.244, 0.037, -0.0, -0.0, -0.007] 80.189
[0.995, -0.244, 0.088, -0.0, -0.0, -0.007] 59.892
[0.995, -0.244, 0.139, -0.0, -0.0, -0.007] 60.327
[0.995, -0.244, 0.19, -0.0, -0.0, -0.007] 70.031
[0.995, -0.244, 0.241, -0.0, -0.0, -0.007] 81.457
[0.995, -0.244, 0.293, -0.0, -0.0, -0.007] 64.185
[0.995, -0.244, 0.344, -0.0, -0.0, -0.007] 54.309
[0.995, -0.244, 0.395, -0.0, -0.0, -0.007] 57.357
[0.995, -0.244, 0.446, -0.0, -0.0, -0.007] 64.523
[0.995, -0.244, 0.497, -0.0, -0.0, -0.007] 79.52
[0.995, -0.244, 0.549, -0.0, -0.0, -0.007] 80.532
[0.995, -0.244, 0.6, -0.0, -0.0, -0.007] 63.025
[0.995, -0.244, 0.651, -0.0, -0.0, -0.007] 64.526
[0.995, -0.244, 0.702, -0.0, -0.0, -0.007] 62.697
[0.995, -0.244, 0.753, -0.0, -0.0, -0.007] 77.594
[0.995, -0.244, 0.805, 0.0, -0.0, -0.007] 64.541
[0.995, -0.244, 0.856, 0.0, -0.0, -0.007] 63.015
[0.995, -0.244, 0.907, 0.0, -0.0, -0.007] 64.281
[0.995, -0.244, 0.954, 0.0, -0.0, -0.007] 95.537
[0.995, -0.244, 0.979, 0.0, -0.0, -0.007] 62.892
[0.995, -0.244, 0.99, 0.0, -0.0, -0.007] 63.717
[0.944, -0.295, 0.939, -0.051, -0.051, -0.002] 63.847
[0.893, -0.346, 0.888, -0.102, -0.102, 0.001] 62.966
[0.841, -0.398, 0.837, -0.154, -0.154, 0.002] 79.078
[0.79, -0.449, 0.785, -0.205, -0.205, 0.003] 63.549
[0.739, -0.5, 0.734, -0.256, -0.256, 0.003] 62.786
[0.688, -0.547, 0.701, -0.307, -0.307, 0.003] 57.508
[0.637, -0.571, 0.686, -0.358, -0.358, 0.003] 86.004
[0.585, -0.582, 0.679, -0.41, -0.41, 0.003] 64.191
[0.534, -0.588, 0.676, -0.461, -0.461, 0.003] 56.044
[0.483, -0.59, 0.674, -0.512, -0.512, 0.003] 60.153
[0.432, -0.591, 0.674, -0.563, -0.563, 0.003] 90.821
[0.381, -0.592, 0.673, -0.614, -0.614, 0.003] 68.753
[0.329, -0.592, 0.673, -0.666, -0.666, 0.003] 60.153
[0.278, -0.592, 0.673, -0.717, -0.717, 0.003] 63.619
[0.227, -0.592, 0.673, -0.768, -0.768, 0.003] 79.843
[0.176, -0.592, 0.673, -0.819, -0.819, 0.003] 63.996
[0.133, -0.592, 0.673, -0.87, -0.87, 0.003] 63.777
[0.113, -0.592, 0.673, -0.922, -0.922, 0.003] 64.052
[0.104, -0.592, 0.673, -0.973, -0.973, 0.003] 79.997
[0.1, -0.592, 0.673, -1.024, -1.024, 0.003] 62.669
[0.098, -0.592, 0.673, -1.075, -1.075, 0.003] 63.903
[0.097, -0.592, 0.673, -1.126, -1.126, 0.003] 64.208
[0.096, -0.592, 0.673, -1.178, -1.177, 0.003] 80.823
[0.096, -0.592, 0.673, -1.229, -1.229, 0.003] 63.397
[0.096, -0.592, 0.673, -1.28, -1.28, 0.003] 64.877
[0.096, -0.592, 0.673, -1.331, -1.331, 0.003] 62.726
[0.096, -0.592, 0.673, -1.382, -1.382, 0.003] 79.853
[0.096, -0.592, 0.673, -1.434, -1.433, 0.003] 64.589
[0.096, -0.592, 0.673, -1.485, -1.469, 0.003] 63.969
[0.096, -0.592, 0.673, -1.536, -1.485, 0.003] 64.202
[0.096, -0.592, 0.673, -1.587, -1.493, 0.003] 79.473
[0.096, -0.592, 0.673, -1.638, -1.496, 0.003] 63.837
[0.096, -0.592, 0.673, -1.688, -1.498, 0.003] 64.238
[0.096, -0.592, 0.673, -1.715, -1.498, 0.003] 63.666
[0.096, -0.592, 0.673, -1.727, -1.499, 0.003] 95.805
[0.096, -0.592, 0.673, -1.733, -1.499, 0.003] 63.56
[0.048, -0.541, 0.622, -1.682, -1.448, 0.003] 63.509
[0.022, -0.49, 0.571, -1.631, -1.397, 0.003] 63.249
[0.01, -0.438, 0.519, -1.58, -1.345, 0.003] 64.201
[0.005, -0.387, 0.468, -1.528, -1.294, 0.003] 80.039
[0.002, -0.336, 0.417, -1.477, -1.243, 0.003] 63.845
[0.001, -0.285, 0.366, -1.426, -1.192, 0.003] 64.078
[0.0, -0.234, 0.315, -1.375, -1.141, 0.003] 63.208
[0.0, -0.182, 0.264, -1.324, -1.089, 0.003] 64.842
[0.0, -0.131, 0.212, -1.272, -1.038, 0.003] 94.144
[0.0, -0.08, 0.161, -1.221, -0.987, 0.003] 79.363
[0.0, -0.029, 0.11, -1.17, -0.936, 0.003] 63.774
[0.0, 0.022, 0.059, -1.119, -0.885, 0.003] 64.625
[0.0, 0.074, 0.008, -1.068, -0.833, 0.003] 63.256
[0.0, 0.125, -0.044, -1.016, -0.782, 0.003] 78.959
[0.0, 0.176, -0.095, -0.965, -0.731, 0.003] 64.159
[0.0, 0.227, -0.146, -0.914, -0.68, 0.003] 64.2
[0.0, 0.278, -0.197, -0.863, -0.629, 0.003] 61.909
[0.0, 0.33, -0.248, -0.812, -0.578, 0.003] 79.446
[0.0, 0.381, -0.299, -0.76, -0.526, 0.003] 80.374
[0.0, 0.432, -0.351, -0.709, -0.475, 0.003] 63.696
[0.0, 0.469, -0.402, -0.658, -0.424, 0.003] 64.17
[0.0, 0.485, -0.453, -0.607, -0.373, 0.003] 63.709
[0.0, 0.493, -0.504, -0.556, -0.322, 0.003] 64.013
[0.0, 0.497, -0.555, -0.504, -0.271, 0.003] 80.11
[0.0, 0.499, -0.607, -0.453, -0.219, 0.003] 81.066
[0.0, 0.499, -0.658, -0.402, -0.168, 0.003] 62.661
[0.0, 0.5, -0.709, -0.351, -0.117, 0.003] 63.191
[0.0, 0.5, -0.76, -0.3, -0.066, 0.003] 63.065
[0.0, 0.5, -0.811, -0.248, -0.032, 0.003] 64.266
[0.0, 0.5, -0.863, -0.197, -0.016, 0.003] 79.508
[0.0, 0.5, -0.914, -0.146, -0.009, 0.003] 63.13
[0.0, 0.5, -0.965, -0.095, -0.006, 0.003] 63.478
[0.0, 0.5, -1.016, -0.047, -0.004, 0.003] 63.425
[0.0, 0.5, -1.067, -0.022, -0.004, 0.003] 80.877
[0.0, 0.5, -1.119, -0.01, -0.003, 0.003] 64.3
[0.0, 0.5, -1.17, -0.005, -0.003, 0.003] 63.509
[0.0, 0.5, -1.213, -0.002, -0.003, 0.003] 63.814
[0.0, 0.5, -1.233, -0.001, -0.003, 0.003] 79.346
[0.0, 0.5, -1.242, -0.0, -0.003, 0.003] 63.753
[0.0, 0.449, -1.191, -0.0, -0.001, 0.001] 64.061
[0.0, 0.398, -1.14, -0.0, -0.001, 0.001] 63.944
[0.0, 0.346, -1.089, -0.0, -0.0, 0.0] 79.946
[0.0, 0.295, -1.037, -0.0, -0.0, 0.0] 63.309
[0.0, 0.244, -0.986, -0.0, -0.0, 0.0] 47.39
[0.0, 0.193, -0.935, -0.0, -0.0, 0.0] 64.503
[0.0, 0.142, -0.884, 0.0, -0.0, 0.0] 95.389
[0.0, 0.09, -0.833, -0.0, -0.0, 0.0] 80.235
[-0.0, 0.044, -0.781, 0.0, -0.0, 0.0] 63.959
[-0.0, 0.02, -0.73, -0.0, -0.0, -0.0] 64.107
[-0.0, 0.009, -0.679, 0.0, -0.0, -0.0] 63.757
[-0.0, 0.004, -0.628, -0.0, -0.0, 0.0] 79.498
[-0.0, 0.002, -0.577, 0.0, -0.0, -0.0] 64.275
[-0.0, 0.001, -0.525, 0.0, -0.0, -0.0] 64.157
[-0.0, 0.0, -0.474, -0.0, -0.0, 0.0] 64.249
[-0.0, 0.0, -0.423, -0.0, 0.0, 0.0] 79.763
[-0.0, 0.0, -0.372, -0.0, -0.0, -0.0] 62.718
[-0.0, 0.0, -0.321, -0.0, -0.0, -0.0] 63.4
[-0.0, 0.0, -0.269, -0.0, -0.0, 0.0] 63.933
[-0.0, 0.0, -0.218, -0.0, -0.0, -0.0] 80.11
[-0.0, 0.0, -0.167, -0.0, -0.0, 0.0] 63.101
[-0.0, 0.0, -0.116, -0.0, -0.0, 0.0] 64.703
[-0.0, 0.0, -0.065, -0.0, -0.0, -0.0] 64.314
[-0.0, -0.0, -0.03, -0.0, -0.0, -0.0] 80.034
[-0.0, -0.0, -0.014, -0.0, -0.0, -0.0] 63.713
[-0.0, -0.0, -0.006, -0.0, -0.0, -0.0] 64.225
[-0.0, -0.0, -0.003, -0.0, -0.0, -0.0] 63.623
[-0.0, 0.051, -0.054, -0.0, -0.0, -0.0] 79.501
[-0.0, 0.102, -0.105, -0.0, -0.0, -0.0] 64.201
[-0.0, 0.154, -0.156, -0.0, -0.0, -0.0] 63.75
[-0.0, 0.205, -0.208, -0.0, -0.0, -0.0] 64.079
[-0.0, 0.256, -0.259, -0.0, -0.0, 0.0] 80.196
[-0.0, 0.307, -0.31, -0.0, -0.0, -0.0] 79.368
[-0.0, 0.358, -0.361, -0.0, -0.0, -0.0] 62.587
[0.0, 0.41, -0.412, -0.0, -0.0, -0.0] 64.171
[0.0, 0.456, -0.464, -0.0, 0.0, -0.0] 64.289
[0.0, 0.48, -0.515, 0.0, 0.0, -0.0] 79.4
[0.0, 0.491, -0.566, 0.0, 0.0, -0.0] 63.331
[0.0, 0.496, -0.617, 0.0, 0.0, -0.0] 63.069
[0.0, 0.498, -0.668, 0.0, 0.0, -0.0] 64.167
[0.0, 0.499, -0.72, 0.0, 0.0, 0.0] 80.045
[0.0, 0.5, -0.771, 0.0, 0.0, -0.0] 79.918
[0.0, 0.5, -0.822, 0.0, 0.0, 0.0] 64.272
[0.0, 0.5, -0.873, 0.0, 0.0, 0.0] 63.525
[0.0, 0.5, -0.924, 0.0, 0.0, 0.0] 64.78
[0.0, 0.5, -0.976, 0.0, 0.0, 0.0] 79.059
[0.0, 0.5, -1.027, 0.0, 0.0, 0.0] 63.741
[0.0, 0.5, -1.078, 0.0, 0.0, 0.0] 63.976
[0.0, 0.5, -1.129, 0.0, 0.0, 0.0] 64.694
[0.0, 0.5, -1.18, 0.0, 0.0, 0.0] 78.051
[0.0, 0.5, -1.218, 0.0, 0.0, 0.0] 64.423
[0.0, 0.5, -1.235, 0.0, 0.0, 0.0] 63.528
[0.0, 0.5, -1.243, 0.0, 0.0, 0.0] 64.057
[0.051, 0.449, -1.192, 0.0, 0.0, -0.004] 80.023
[0.102, 0.398, -1.141, 0.0, 0.0, -0.006] 63.678
[0.154, 0.346, -1.09, 0.0, 0.0, -0.006] 64.292
[0.205, 0.295, -1.038, 0.0, 0.0, -0.007] 64.484
[0.256, 0.244, -0.987, 0.0, 0.0, -0.007] 79.578
[0.307, 0.193, -0.936, 0.0, 0.0, -0.007] 63.86
[0.358, 0.142, -0.885, 0.0, -0.0, -0.007] 64.173
[0.41, 0.09, -0.834, 0.0, -0.0, -0.007] 63.22
[0.461, 0.039, -0.783, 0.0, 0.0, -0.007] 96.646
[0.512, -0.012, -0.731, 0.0, 0.0, -0.007] 63.316
[0.563, -0.063, -0.68, 0.0, 0.0, -0.007] 63.166
[0.614, -0.114, -0.629, 0.0, 0.0, -0.007] 63.622
[0.666, -0.166, -0.578, 0.0, 0.0, -0.007] 63.253
[0.717, -0.208, -0.527, 0.0, -0.0, -0.007] 79.42
[0.768, -0.227, -0.475, 0.0, -0.0, -0.007] 63.704
[0.819, -0.236, -0.424, 0.0, -0.0, -0.007] 63.608
[0.87, -0.24, -0.373, 0.0, -0.0, -0.007] 64.075
[0.922, -0.242, -0.322, 0.0, -0.0, -0.007] 65.894
[0.961, -0.243, -0.271, -0.0, -0.0, -0.007] 77.959
[0.979, -0.244, -0.219, -0.0, 0.0, -0.007] 80.033
[0.988, -0.244, -0.168, -0.0, 0.0, -0.007] 63.784
[0.992, -0.244, -0.117, -0.0, -0.0, -0.007] 63.358
[0.993, -0.244, -0.066, -0.0, -0.0, -0.007] 63.316
[0.994, -0.244, -0.015, -0.0, -0.0, -0.007] 79.424
[0.995, -0.244, 0.037, -0.0, -0.0, -0.007] 64.363
[0.995, -0.244, 0.088, -0.0, -0.0, -0.007] 63.742
[0.995, -0.244, 0.139, -0.0, -0.0, -0.007] 64.052
[0.995, -0.244, 0.19, -0.0, -0.0, -0.007] 80.634
[0.995, -0.244, 0.241, -0.0, -0.0, -0.007] 79.481
[0.995, -0.244, 0.293, -0.0, -0.0, -0.007] 63.699
[0.995, -0.244, 0.344, -0.0, -0.0, -0.007] 64.199
[0.995, -0.244, 0.395, -0.0, -0.0, -0.007] 63.68
[0.995, -0.244, 0.446, -0.0, -0.0, -0.007] 63.641
[0.995, -0.244, 0.497, -0.0, -0.0, -0.007] 95.051
[0.995, -0.244, 0.549, -0.0, -0.0, -0.007] 63.767
[0.995, -0.244, 0.6, -0.0, -0.0, -0.007] 64.428
[0.995, -0.244, 0.651, -0.0, -0.0, -0.007] 63.296
[0.995, -0.244, 0.702, -0.0, -0.0, -0.007] 80.35
[0.995, -0.244, 0.753, -0.0, -0.0, -0.007] 63.565
[0.995, -0.244, 0.805, 0.0, -0.0, -0.007] 64.411
[0.995, -0.244, 0.856, 0.0, -0.0, -0.007] 63.424
[0.995, -0.244, 0.907, 0.0, -0.0, -0.007] 64.253
[0.995, -0.244, 0.954, 0.0, -0.0, -0.007] 96.225
[0.995, -0.244, 0.979, 0.0, -0.0, -0.007] 63.839
[0.995, -0.244, 0.99, 0.0, -0.0, -0.007] 64.207
[0.944, -0.295, 0.939, -0.051, -0.051, -0.002] 64.216
[0.893, -0.346, 0.888, -0.102, -0.102, 0.001] 63.727
[0.841, -0.398, 0.837, -0.154, -0.154, 0.002] 79.806
[0.79, -0.449, 0.785, -0.205, -0.205, 0.003] 80.297
[0.739, -0.5, 0.734, -0.256, -0.256, 0.003] 62.046
[0.688, -0.547, 0.701, -0.307, -0.307, 0.003] 63.649
[0.637, -0.571, 0.686, -0.358, -0.358, 0.003] 64.213
[0.585, -0.582, 0.679, -0.41, -0.41, 0.003] 79.901
[0.534, -0.588, 0.676, -0.461, -0.461, 0.003] 63.251
[0.483, -0.59, 0.674, -0.512, -0.512, 0.003] 64.014
[0.432, -0.591, 0.674, -0.563, -0.563, 0.003] 63.175
[0.381, -0.592, 0.673, -0.614, -0.614, 0.003] 79.67
[0.329, -0.592, 0.673, -0.666, -0.666, 0.003] 79.885
[0.278, -0.592, 0.673, -0.717, -0.717, 0.003] 63.656
[0.227, -0.592, 0.673, -0.768, -0.768, 0.003] 64.221
[0.176, -0.592, 0.673, -0.819, -0.819, 0.003] 63.827
[0.133, -0.592, 0.673, -0.87, -0.87, 0.003] 79.988
[0.113, -0.592, 0.673, -0.922, -0.922, 0.003] 63.61
[0.104, -0.592, 0.673, -0.973, -0.973, 0.003] 64.634
[0.1, -0.592, 0.673, -1.024, -1.024, 0.003] 62.143
[0.098, -0.592, 0.673, -1.075, -1.075, 0.003] 94.282
[0.097, -0.592, 0.673, -1.126, -1.126, 0.003] 63.636
[0.096, -0.592, 0.673, -1.178, -1.177, 0.003] 63.316
[0.096, -0.592, 0.673, -1.229, -1.229, 0.003] 64.087
[0.096, -0.592, 0.673, -1.28, -1.28, 0.003] 63.903
[0.096, -0.592, 0.673, -1.331, -1.331, 0.003] 79.83
[0.096, -0.592, 0.673, -1.382, -1.382, 0.003] 63.474
[0.096, -0.592, 0.673, -1.434, -1.433, 0.003] 55.902
[0.096, -0.592, 0.673, -1.485, -1.469, 0.003] 86.832
[0.096, -0.592, 0.673, -1.536, -1.485, 0.003] 63.091
[0.096, -0.592, 0.673, -1.587, -1.493, 0.003] 63.816
[0.096, -0.592, 0.673, -1.638, -1.496, 0.003] 63.538
[0.096, -0.592, 0.673, -1.688, -1.498, 0.003] 64.239
[0.096, -0.592, 0.673, -1.715, -1.498, 0.003] 78.54
[0.096, -0.592, 0.673, -1.727, -1.499, 0.003] 63.539
[0.096, -0.592, 0.673, -1.733, -1.499, 0.003] 63.685
[0.048, -0.541, 0.622, -1.682, -1.448, 0.003] 63.949
[0.022, -0.49, 0.571, -1.631, -1.397, 0.003] 78.66
[0.01, -0.438, 0.519, -1.58, -1.345, 0.003] 63.331
[0.005, -0.387, 0.468, -1.528, -1.294, 0.003] 63.698
[0.002, -0.336, 0.417, -1.477, -1.243, 0.003] 64.215
[0.001, -0.285, 0.366, -1.426, -1.192, 0.003] 80.465
[0.0, -0.234, 0.315, -1.375, -1.141, 0.003] 80.015
[0.0, -0.182, 0.264, -1.324, -1.089, 0.003] 63.846
[0.0, -0.131, 0.212, -1.272, -1.038, 0.003] 64.026
[0.0, -0.08, 0.161, -1.221, -0.987, 0.003] 62.47
[0.0, -0.029, 0.11, -1.17, -0.936, 0.003] 95.607
[0.0, 0.022, 0.059, -1.119, -0.885, 0.003] 63.728
[0.0, 0.074, 0.008, -1.068, -0.833, 0.003] 64.249
[0.0, 0.125, -0.044, -1.016, -0.782, 0.003] 64.09
[0.0, 0.176, -0.095, -0.965, -0.731, 0.003] 64.084
[0.0, 0.227, -0.146, -0.914, -0.68, 0.003] 80.481
[0.0, 0.278, -0.197, -0.863, -0.629, 0.003] 79.521
[0.0, 0.33, -0.248, -0.812, -0.578, 0.003] 63.193
[0.0, 0.381, -0.299, -0.76, -0.526, 0.003] 63.864
[0.0, 0.432, -0.351, -0.709, -0.475, 0.003] 64.106
[0.0, 0.469, -0.402, -0.658, -0.424, 0.003] 80.999
[0.0, 0.485, -0.453, -0.607, -0.373, 0.003] 65.143
[0.0, 0.493, -0.504, -0.556, -0.322, 0.003] 62.648
[0.0, 0.497, -0.555, -0.504, -0.271, 0.003] 65.684
[0.0, 0.499, -0.607, -0.453, -0.219, 0.003] 78.068
[0.0, 0.499, -0.658, -0.402, -0.168, 0.003] 79.514
[0.0, 0.5, -0.709, -0.351, -0.117, 0.003] 63.009
[0.0, 0.5, -0.76, -0.3, -0.066, 0.003] 63.789
[0.0, 0.5, -0.811, -0.248, -0.032, 0.003] 64.23
[0.0, 0.5, -0.863, -0.197, -0.016, 0.003] 79.493
[0.0, 0.5, -0.914, -0.146, -0.009, 0.003] 64.249
[0.0, 0.5, -0.965, -0.095, -0.006, 0.003] 63.57
[0.0, 0.5, -1.016, -0.047, -0.004, 0.003] 64.492
[0.0, 0.5, -1.067, -0.022, -0.004, 0.003] 78.045
[0.0, 0.5, -1.119, -0.01, -0.003, 0.003] 79.592
[0.0, 0.5, -1.17, -0.005, -0.003, 0.003] 64.277
[0.0, 0.5, -1.213, -0.002, -0.003, 0.003] 63.793
[0.0, 0.5, -1.233, -0.001, -0.003, 0.003] 64.202
[0.0, 0.5, -1.242, -0.0, -0.003, 0.003] 63.326
[0.0, 0.449, -1.191, -0.0, -0.001, 0.001] 94.871
[0.0, 0.398, -1.14, -0.0, -0.001, 0.001] 63.714
[0.0, 0.346, -1.089, -0.0, -0.0, 0.0] 63.873
[0.0, 0.295, -1.037, -0.0, -0.0, 0.0] 64.744
[0.0, 0.244, -0.986, -0.0, -0.0, 0.0] 79.256
[0.0, 0.193, -0.935, -0.0, -0.0, 0.0] 63.162
[0.0, 0.142, -0.884, 0.0, -0.0, 0.0] 62.915
[0.0, 0.09, -0.833, -0.0, -0.0, 0.0] 64.162
[-0.0, 0.044, -0.781, 0.0, -0.0, 0.0] 63.492
[-0.0, 0.02, -0.73, -0.0, -0.0, -0.0] 96.309
[-0.0, 0.009, -0.679, 0.0, -0.0, -0.0] 63.184
[-0.0, 0.004, -0.628, -0.0, -0.0, 0.0] 63.305
[-0.0, 0.002, -0.577, 0.0, -0.0, -0.0] 63.693
[-0.0, 0.001, -0.525, 0.0, -0.0, -0.0] 79.849
[-0.0, 0.0, -0.474, -0.0, -0.0, 0.0] 63.685
[-0.0, 0.0, -0.423, -0.0, 0.0, 0.0] 63.724
[-0.0, 0.0, -0.372, -0.0, -0.0, -0.0] 63.873
[-0.0, 0.0, -0.321, -0.0, -0.0, -0.0] 64.044
[-0.0, 0.0, -0.269, -0.0, -0.0, 0.0] 95.82
[-0.0, 0.0, -0.218, -0.0, -0.0, -0.0] 63.657
[-0.0, 0.0, -0.167, -0.0, -0.0, 0.0] 63.063
[-0.0, 0.0, -0.116, -0.0, -0.0, 0.0] 64.171
[-0.0, 0.0, -0.065, -0.0, -0.0, -0.0] 78.44
[-0.0, -0.0, -0.03, -0.0, -0.0, -0.0] 63.738
[-0.0, -0.0, -0.014, -0.0, -0.0, -0.0] 64.108
[-0.0, -0.0, -0.006, -0.0, -0.0, -0.0] 63.986
[-0.0, -0.0, -0.003, -0.0, -0.0, -0.0] 63.563
[-0.0, 0.051, -0.054, -0.0, -0.0, -0.0] 95.79
[-0.0, 0.102, -0.105, -0.0, -0.0, -0.0] 63.547
[-0.0, 0.154, -0.156, -0.0, -0.0, -0.0] 63.131
[-0.0, 0.205, -0.208, -0.0, -0.0, -0.0] 63.342
[-0.0, 0.256, -0.259, -0.0, -0.0, 0.0] 63.525
[-0.0, 0.307, -0.31, -0.0, -0.0, -0.0] 80.771
[-0.0, 0.358, -0.361, -0.0, -0.0, -0.0] 79.93
[0.0, 0.41, -0.412, -0.0, -0.0, -0.0] 64.136
[0.0, 0.456, -0.464, -0.0, 0.0, -0.0] 63.454
[0.0, 0.48, -0.515, 0.0, 0.0, -0.0] 64.416
[0.0, 0.491, -0.566, 0.0, 0.0, -0.0] 79.925
[0.0, 0.496, -0.617, 0.0, 0.0, -0.0] 63.866
[0.0, 0.498, -0.668, 0.0, 0.0, -0.0] 63.632
[0.0, 0.499, -0.72, 0.0, 0.0, 0.0] 65.268
[0.0, 0.5, -0.771, 0.0, 0.0, -0.0] 79.227
[0.0, 0.5, -0.822, 0.0, 0.0, 0.0] 62.264
[0.0, 0.5, -0.873, 0.0, 0.0, 0.0] 62.785
[0.0, 0.5, -0.924, 0.0, 0.0, 0.0] 63.047
[0.0, 0.5, -0.976, 0.0, 0.0, 0.0] 80.467
[0.0, 0.5, -1.027, 0.0, 0.0, 0.0] 63.276
[0.0, 0.5, -1.078, 0.0, 0.0, 0.0] 63.669
[0.0, 0.5, -1.129, 0.0, 0.0, 0.0] 64.62
[0.0, 0.5, -1.18, 0.0, 0.0, 0.0] 79.975
[0.0, 0.5, -1.218, 0.0, 0.0, 0.0] 63.283
[0.0, 0.5, -1.235, 0.0, 0.0, 0.0] 63.453
[0.0, 0.5, -1.243, 0.0, 0.0, 0.0] 63.291
[0.051, 0.449, -1.192, 0.0, 0.0, -0.004] 79.83
[0.102, 0.398, -1.141, 0.0, 0.0, -0.006] 63.913
[0.154, 0.346, -1.09, 0.0, 0.0, -0.006] 64.259
[0.205, 0.295, -1.038, 0.0, 0.0, -0.007] 63.749
[0.256, 0.244, -0.987, 0.0, 0.0, -0.007] 80.658
[0.307, 0.193, -0.936, 0.0, 0.0, -0.007] 63.501
[0.358, 0.142, -0.885, 0.0, -0.0, -0.007] 64.027
[0.41, 0.09, -0.834, 0.0, -0.0, -0.007] 80.089
[0.461, 0.039, -0.783, 0.0, 0.0, -0.007] 63.564
[0.512, -0.012, -0.731, 0.0, 0.0, -0.007] 63.358
[0.563, -0.063, -0.68, 0.0, 0.0, -0.007] 63.424
[0.614, -0.114, -0.629, 0.0, 0.0, -0.007] 63.802
[0.666, -0.166, -0.578, 0.0, 0.0, -0.007] 79.601
[0.717, -0.208, -0.527, 0.0, -0.0, -0.007] 79.793
[0.768, -0.227, -0.475, 0.0, -0.0, -0.007] 63.849
[0.819, -0.236, -0.424, 0.0, -0.0, -0.007] 64.339
[0.87, -0.24, -0.373, 0.0, -0.0, -0.007] 64.035
[0.922, -0.242, -0.322, 0.0, -0.0, -0.007] 79.659
[0.961, -0.243, -0.271, -0.0, -0.0, -0.007] 78.694
[0.979, -0.244, -0.219, -0.0, 0.0, -0.007] 63.829
[0.988, -0.244, -0.168, -0.0, 0.0, -0.007] 64.144
[0.992, -0.244, -0.117, -0.0, -0.0, -0.007] 63.593
[0.993, -0.244, -0.066, -0.0, -0.0, -0.007] 64.26
[0.994, -0.244, -0.015, -0.0, -0.0, -0.007] 80.121
[0.995, -0.244, 0.037, -0.0, -0.0, -0.007] 63.137
[0.995, -0.244, 0.088, -0.0, -0.0, -0.007] 63.734
[0.995, -0.244, 0.139, -0.0, -0.0, -0.007] 63.207
[0.995, -0.244, 0.19, -0.0, -0.0, -0.007] 95.718
[0.995, -0.244, 0.241, -0.0, -0.0, -0.007] 64.274
[0.995, -0.244, 0.293, -0.0, -0.0, -0.007] 63.663
[0.995, -0.244, 0.344, -0.0, -0.0, -0.007] 62.627
[0.995, -0.244, 0.395, -0.0, -0.0, -0.007] 63.711
[0.995, -0.244, 0.446, -0.0, -0.0, -0.007] 79.857
[0.995, -0.244, 0.497, -0.0, -0.0, -0.007] 63.689
[0.995, -0.244, 0.549, -0.0, -0.0, -0.007] 64.721
[0.995, -0.244, 0.6, -0.0, -0.0, -0.007] 63.828
[0.995, -0.244, 0.651, -0.0, -0.0, -0.007] 95.066
[0.995, -0.244, 0.702, -0.0, -0.0, -0.007] 63.933
[0.995, -0.244, 0.753, -0.0, -0.0, -0.007] 64.027
[0.995, -0.244, 0.805, 0.0, -0.0, -0.007] 63.738
[0.995, -0.244, 0.856, 0.0, -0.0, -0.007] 64.074
[0.995, -0.244, 0.907, 0.0, -0.0, -0.007] 79.13
[0.995, -0.244, 0.954, 0.0, -0.0, -0.007] 63.506
[0.995, -0.244, 0.979, 0.0, -0.0, -0.007] 64.279
[0.995, -0.244, 0.99, 0.0, -0.0, -0.007] 63.666
[0.944, -0.295, 0.939, -0.051, -0.051, -0.002] 96.975
[0.893, -0.346, 0.888, -0.102, -0.102, 0.001] 62.658
[0.841, -0.398, 0.837, -0.154, -0.154, 0.002] 64.093
[0.79, -0.449, 0.785, -0.205, -0.205, 0.003] 63.662
[0.739, -0.5, 0.734, -0.256, -0.256, 0.003] 64.189
[0.688, -0.547, 0.701, -0.307, -0.307, 0.003] 79.884
[0.637, -0.571, 0.686, -0.358, -0.358, 0.003] 64.831
[0.585, -0.582, 0.679, -0.41, -0.41, 0.003] 62.062
[0.534, -0.588, 0.676, -0.461, -0.461, 0.003] 63.937
[0.483, -0.59, 0.674, -0.512, -0.512, 0.003] 79.945
[0.432, -0.591, 0.674, -0.563, -0.563, 0.003] 64.393
[0.381, -0.592, 0.673, -0.614, -0.614, 0.003] 64.248
[0.329, -0.592, 0.673, -0.666, -0.666, 0.003] 63.406
[0.278, -0.592, 0.673, -0.717, -0.717, 0.003] 64.096
[0.227, -0.592, 0.673, -0.768, -0.768, 0.003] 79.407
[0.176, -0.592, 0.673, -0.819, -0.819, 0.003] 64.6
[0.133, -0.592, 0.673, -0.87, -0.87, 0.003] 63.21
[0.113, -0.592, 0.673, -0.922, -0.922, 0.003] 63.814
[0.104, -0.592, 0.673, -0.973, -0.973, 0.003] 79.016
[0.1, -0.592, 0.673, -1.024, -1.024, 0.003] 63.823
[0.098, -0.592, 0.673, -1.075, -1.075, 0.003] 64.135
[0.097, -0.592, 0.673, -1.126, -1.126, 0.003] 63.541
[0.096, -0.592, 0.673, -1.178, -1.177, 0.003] 80.014
[0.096, -0.592, 0.673, -1.229, -1.229, 0.003] 63.689
[0.096, -0.592, 0.673, -1.28, -1.28, 0.003] 64.162
[0.096, -0.592, 0.673, -1.331, -1.331, 0.003] 64.407
[0.096, -0.592, 0.673, -1.382, -1.382, 0.003] 79.927
[0.096, -0.592, 0.673, -1.434, -1.433, 0.003] 64.961
[0.096, -0.592, 0.673, -1.485, -1.469, 0.003] 63.349
[0.096, -0.592, 0.673, -1.536, -1.485, 0.003] 63.821
[0.096, -0.592, 0.673, -1.587, -1.493, 0.003] 82.062
[0.096, -0.592, 0.673, -1.638, -1.496, 0.003] 61.992
[0.096, -0.592, 0.673, -1.688, -1.498, 0.003] 63.894
[0.096, -0.592, 0.673, -1.715, -1.498, 0.003] 64.149
[0.096, -0.592, 0.673, -1.727, -1.499, 0.003] 78.58
[0.096, -0.592, 0.673, -1.733, -1.499, 0.003] 61.627
[0.048, -0.541, 0.622, -1.682, -1.448, 0.003] 66.134
[0.022, -0.49, 0.571, -1.631, -1.397, 0.003] 63.634
[0.01, -0.438, 0.519, -1.58, -1.345, 0.003] 70.151
[0.005, -0.387, 0.468, -1.528, -1.294, 0.003] 72.935
[0.002, -0.336, 0.417, -1.477, -1.243, 0.003] 64.362
[0.001, -0.285, 0.366, -1.426, -1.192, 0.003] 64.126
[0.0, -0.234, 0.315, -1.375, -1.141, 0.003] 64.629
[0.0, -0.182, 0.264, -1.324, -1.089, 0.003] 79.122
[0.0, -0.131, 0.212, -1.272, -1.038, 0.003] 64.777
[0.0, -0.08, 0.161, -1.221, -0.987, 0.003] 62.554
[0.0, -0.029, 0.11, -1.17, -0.936, 0.003] 63.265
[0.0, 0.022, 0.059, -1.119, -0.885, 0.003] 79.511
[0.0, 0.074, 0.008, -1.068, -0.833, 0.003] 64.631
[0.0, 0.125, -0.044, -1.016, -0.782, 0.003] 63.446
[0.0, 0.176, -0.095, -0.965, -0.731, 0.003] 63.414
[0.0, 0.227, -0.146, -0.914, -0.68, 0.003] 80.05
[0.0, 0.278, -0.197, -0.863, -0.629, 0.003] 80.103
[0.0, 0.33, -0.248, -0.812, -0.578, 0.003] 63.887
[0.0, 0.381, -0.299, -0.76, -0.526, 0.003] 63.62
[0.0, 0.432, -0.351, -0.709, -0.475, 0.003] 63.32
[0.0, 0.469, -0.402, -0.658, -0.424, 0.003] 80.04
[0.0, 0.485, -0.453, -0.607, -0.373, 0.003] 64.769
[0.0, 0.493, -0.504, -0.556, -0.322, 0.003] 63.715
[0.0, 0.497, -0.555, -0.504, -0.271, 0.003] 63.546
[0.0, 0.499, -0.607, -0.453, -0.219, 0.003] 80.126
[0.0, 0.499, -0.658, -0.402, -0.168, 0.003] 47.775
[0.0, 0.5, -0.709, -0.351, -0.117, 0.003] 79.524
[0.0, 0.5, -0.76, -0.3, -0.066, 0.003] 96.151
[0.0, 0.5, -0.811, -0.248, -0.032, 0.003] 63.884
[0.0, 0.5, -0.863, -0.197, -0.016, 0.003] 64.115
[0.0, 0.5, -0.914, -0.146, -0.009, 0.003] 63.542
[0.0, 0.5, -0.965, -0.095, -0.006, 0.003] 80.015
[0.0, 0.5, -1.016, -0.047, -0.004, 0.003] 63.855
[0.0, 0.5, -1.067, -0.022, -0.004, 0.003] 64.107
[0.0, 0.5, -1.119, -0.01, -0.003, 0.003] 64.503
[0.0, 0.5, -1.17, -0.005, -0.003, 0.003] 63.533
[0.0, 0.5, -1.213, -0.002, -0.003, 0.003] 80.005
[0.0, 0.5, -1.233, -0.001, -0.003, 0.003] 78.912
[0.0, 0.5, -1.242, -0.0, -0.003, 0.003] 64.099
[0.0, 0.449, -1.191, -0.0, -0.001, 0.001] 63.754
[0.0, 0.398, -1.14, -0.0, -0.001, 0.001] 64.191
[0.0, 0.346, -1.089, -0.0, -0.0, 0.0] 79.981
[0.0, 0.295, -1.037, -0.0, -0.0, 0.0] 63.82
[0.0, 0.244, -0.986, -0.0, -0.0, 0.0] 64.256
[0.0, 0.193, -0.935, -0.0, -0.0, 0.0] 62.84
[0.0, 0.142, -0.884, 0.0, -0.0, 0.0] 79.623
[0.0, 0.09, -0.833, -0.0, -0.0, 0.0] 79.381
[-0.0, 0.044, -0.781, 0.0, -0.0, 0.0] 63.35
[-0.0, 0.02, -0.73, -0.0, -0.0, -0.0] 64.661
[-0.0, 0.009, -0.679, 0.0, -0.0, -0.0] 62.794
[-0.0, 0.004, -0.628, -0.0, -0.0, 0.0] 64.123
[-0.0, 0.002, -0.577, 0.0, -0.0, -0.0] 64.192
[-0.0, 0.001, -0.525, 0.0, -0.0, -0.0] 80.556
[-0.0, 0.0, -0.474, -0.0, -0.0, 0.0] 63.917
[-0.0, 0.0, -0.423, -0.0, 0.0, 0.0] 63.386
[-0.0, 0.0, -0.372, -0.0, -0.0, -0.0] 64.184
[-0.0, 0.0, -0.321, -0.0, -0.0, -0.0] 80.035
[-0.0, 0.0, -0.269, -0.0, -0.0, 0.0] 64.134
[-0.0, 0.0, -0.218, -0.0, -0.0, -0.0] 64.242
[-0.0, 0.0, -0.167, -0.0, -0.0, 0.0] 64.377
[-0.0, 0.0, -0.116, -0.0, -0.0, 0.0] 64.138
[-0.0, 0.0, -0.065, -0.0, -0.0, -0.0] 79.891
[-0.0, -0.0, -0.03, -0.0, -0.0, -0.0] 62.913
[-0.0, -0.0, -0.014, -0.0, -0.0, -0.0] 64.05
[-0.0, -0.0, -0.006, -0.0, -0.0, -0.0] 63.071
INFO: 'hari' controller exited successfully.