[INFO] [1680258809.294839]: Python ROS Wrapper ready
([-0.0014, 0.4916, -1.2454, 0.0001, -0.0001, -0.0071], 914)
([-0.0014, 0.4916, -1.2571, 0.0001, -0.0001, -0.0071], 60)
([-0.0014, 0.4916, -1.2571, 0.0001, -0.0093, -0.002], 61)
([-0.0014, 0.4921, -1.2766, 0.0001, -0.017, -0.0071], 61)
([-0.0014, 0.4921, -1.2939, 0.0001, -0.0308, -0.002], 61)
([-0.0014, 0.4921, -1.3103, 0.0001, -0.0492, -0.002], 61)
([-0.0014, 0.4921, -1.3103, 0.0001, -0.0645, -0.0071], 61)
([-0.0014, 0.4921, -1.3251, 0.0001, -0.0891, -0.0071], 61)
([-0.0014, 0.4921, -1.3276, 0.0001, -0.109, -0.0071], 61)
([-0.0014, 0.4921, -1.3282, 0.0001, -0.1382, -0.0071], 61)
([-0.0014, 0.4921, -1.3282, 0.0001, -0.1658, -0.0071], 61)
([-0.0014, 0.4921, -1.3282, 0.0001, -0.1857, -0.0071], 61)
([-0.0014, 0.4921, -1.3282, 0.0001, -0.2179, -0.0071], 61)
([-0.0014, 0.4921, -1.3282, 0.0001, -0.2409, -0.0071], 61)
([-0.0014, 0.4921, -1.3282, 0.0001, -0.2563, -0.0071], 61)
([-0.0014, 0.4921, -1.3282, 0.0001, -0.2747, -0.0071], 61)
([-0.0014, 0.4921, -1.3282, 0.0001, -0.2885, -0.0071], 61)
([-0.0014, 0.4921, -1.3282, 0.0001, -0.2992, -0.0071], 61)
([-0.0014, 0.4921, -1.3282, 0.0001, -0.3069, -0.0071], 60)
([-0.0014, 0.4921, -1.3282, 0.0001, -0.313, -0.0071], 61)
([-0.0014, 0.4921, -1.3282, 0.0001, -0.3146, -0.0071], 60)
([-0.0014, 0.4921, -1.3282, 0.0001, -0.3146, -0.0071], 61)
([-0.0014, 0.4921, -1.3282, 0.0001, -0.3146, -0.0071], 61)
([-0.0007, 0.4972, -1.3282, 0.0001, -0.3146, -0.0071], 61)
([-0.0007, 0.4972, -1.3282, 0.0001, -0.3192, -0.0071], 61)
([-0.0007, 0.4972, -1.3282, 0.0001, -0.3161, -0.0071], 61)
([-0.0007, 0.4972, -1.3282, 0.0001, -0.3176, -0.0071], 61)
([-0.0007, 0.4972, -1.3282, 0.0001, -0.3207, -0.002], 61)
([-0.0007, 0.4949, -1.3251, 0.0001, -0.3207, -0.0071], 61)
([-0.0007, 0.493, -1.3133, 0.0001, -0.3192, -0.0071], 61)
([-0.0007, 0.4861, -1.2939, 0.0001, -0.3161, -0.0071], 61)
([-0.0007, 0.4765, -1.2669, 0.0001, -0.3054, -0.0071], 61)
([-0.0007, 0.4765, -1.2669, 0.0001, -0.2962, -0.0071], 60)
([-0.0007, 0.4632, -1.2275, 0.0001, -0.2839, -0.0071], 61)
([-0.0007, 0.4462, -1.178, 0.0001, -0.2731, -0.0071], 60)
([-0.0007, 0.4251, -1.1197, 0.0001, -0.2593, -0.0071], 61)
([-0.0007, 0.4251, -1.1197, 0.0001, -0.2471, -0.0071], 60)
([-0.0007, 0.4022, -1.0564, 0.0001, -0.2317, -0.0071], 60)
([-0.0007, 0.3774, -0.99, 0.0001, -0.2179, -0.002], 60)
([-0.0007, 0.3527, -0.9226, 0.0001, -0.2072, -0.0071], 60)
([-0.0007, 0.3527, -0.9226, 0.0001, -0.1949, -0.0071], 61)
([-0.0007, 0.327, -0.8556, 0.0001, -0.1826, -0.0071], 60)
([-0.0007, 0.3018, -0.7872, 0.0001, -0.1704, -0.002], 61)
([-0.0007, 0.277, -0.7192, 0.0001, -0.1581, -0.0071], 61)
([-0.0007, 0.277, -0.7192, 0.0001, -0.1443, -0.002], 60)
([-0.0007, 0.2522, -0.6508, 0.0001, -0.1335, -0.002], 60)
([-0.0007, 0.2266, -0.5823, 0.0001, -0.1197, -0.0071], 61)
([-0.0007, 0.2009, -0.5149, 0.0001, -0.1075, -0.0071], 61)
([0.0, 0.1757, -0.4475, 0.0001, -0.0937, -0.002], 61)
([0.0, 0.1757, -0.4475, 0.0001, -0.0829, -0.002], 61)
([0.0, 0.15, -0.3795, 0.0001, -0.0645, -0.0071], 61)
([0.0, 0.1247, -0.3106, 0.0001, -0.0522, -0.002], 61)
([0.0, 0.0995, -0.2437, 0.0001, -0.043, -0.002], 60)
([0.0, 0.0995, -0.2437, 0.0001, -0.0292, -0.0071], 61)
([0.0, 0.0766, -0.1819, 0.0001, -0.0216, -0.0071], 60)
([0.0, 0.056, -0.1282, 0.0001, -0.0124, -0.0071], 61)
([0.0, 0.0394, -0.0868, 0.0001, -0.0062, -0.0071], 60)
([0.0, 0.0394, -0.0868, 0.0001, -0.0016, -0.0071], 61)
([0.0, 0.0271, -0.0547, 0.0001, -0.0001, -0.0071], 61)
([0.0, 0.017, -0.0301, 0.0001, 0.0014, -0.0071], 61)
([0.0, 0.0105, -0.0143, 0.0001, 0.006, -0.002], 60)
([0.0, 0.0105, -0.0143, 0.0001, 0.006, -0.0071], 60)
([0.0, 0.0073, -0.0077, 0.0001, 0.006, -0.0071], 60)
([0.0, 0.006, -0.0051, 0.0001, 0.006, -0.002], 60)
([0.0, 0.0055, -0.0051, 0.0001, 0.006, -0.0071], 60)
([0.0, 0.0055, -0.0051, 0.0001, 0.006, -0.0071], 60)
([0.0, 0.006, -0.0056, 0.0001, 0.006, -0.0071], 60)
([0.0, 0.0078, -0.0102, 0.0001, 0.006, -0.0071], 61)
([0.0, 0.0142, -0.023, 0.0001, 0.006, -0.002], 61)
([0.0, 0.0229, -0.0444, 0.0001, 0.006, -0.0071], 60)
([0.0, 0.0229, -0.0444, 0.0001, 0.006, -0.0071], 61)
([0.0, 0.0339, -0.072, 0.0001, 0.006, -0.0071], 60)
([0.0, 0.0486, -0.1098, 0.0001, 0.006, -0.0071], 61)
([0.0, 0.067, -0.1578, 0.0001, 0.006, -0.0071], 61)
([0.0, 0.067, -0.1578, 0.0001, 0.006, -0.002], 60)
([0.0, 0.0894, -0.2161, 0.0001, 0.006, -0.0071], 61)
([0.0, 0.1137, -0.2794, 0.0001, 0.006, -0.0071], 61)
([0.0, 0.1399, -0.3458, 0.0001, 0.006, -0.002], 60)
([0.0, 0.1399, -0.3458, 0.0001, 0.006, -0.0071], 60)
([0.0, 0.1669, -0.4133, 0.0001, 0.006, -0.0071], 60)
([0.0, 0.194, -0.4792, 0.0001, 0.006, -0.0071], 61)
([0.0, 0.2215, -0.5471, 0.0001, 0.006, -0.0071], 60)
([0.0, 0.2215, -0.5471, 0.0001, 0.006, -0.002], 61)
([0.0, 0.2486, -0.6155, 0.0001, 0.006, -0.0071], 61)
([0.0, 0.2756, -0.684, 0.0001, 0.006, -0.0071], 61)
([0.0, 0.3022, -0.7524, 0.0001, 0.006, -0.0071], 60)
([0.0, 0.3293, -0.8214, 0.0001, 0.006, -0.0071], 61)
([0.0, 0.3564, -0.8214, 0.0001, 0.006, -0.0071], 61)
([0.0, 0.3564, -0.8883, 0.0001, 0.006, -0.0071], 60)
([0.0, 0.3834, -0.9558, 0.0001, 0.006, -0.002], 61)
([0.0, 0.41, -1.0211, 0.0001, 0.006, -0.0071], 60)
([0.0, 0.41, -1.0211, 0.0001, 0.006, -0.0071], 60)
([0.0, 0.4339, -1.0814, 0.0001, 0.006, -0.0071], 60)
([0.0, 0.4545, -1.1315, 0.0001, 0.006, -0.0071], 61)
([0.0, 0.471, -1.1713, 0.0001, 0.006, -0.0071], 61)
([0.0, 0.471, -1.1713, 0.0001, 0.006, -0.0071], 60)
([0.0, 0.4839, -1.2035, 0.0001, 0.006, -0.0071], 60)
([0.0, 0.4939, -1.2275, 0.0001, 0.006, -0.0071], 60)
([0.0, 0.4994, -1.2403, 0.0001, 0.0045, -0.0071], 60)
([0.0, 0.4999, -1.2403, 0.0001, 0.003, -0.0071], 60)
([0.0, 0.4999, -1.2469, 0.0001, 0.0045, -0.0071], 65)
([0.0, 0.4999, -1.2495, 0.0001, 0.0045, -0.0071], 61)
([0.0, 0.4999, -1.2495, 0.0001, 0.0045, -0.002], 61)
([0.0, 0.4999, -1.2495, 0.0001, 0.003, -0.0071], 61)
([0.0029, 0.4999, -1.2495, 0.0001, 0.003, -0.0071], 61)
([0.0029, 0.4972, -1.2444, 0.0001, 0.003, -0.0071], 60)
([0.0079, 0.4949, -1.2296, 0.0001, 0.003, -0.0071], 61)
([0.0166, 0.4907, -1.2066, 0.0001, 0.0045, -0.0071], 61)
([0.0289, 0.4907, -1.2066, 0.0001, 0.003, -0.0071], 61)
([0.0289, 0.4825, -1.1754, 0.0001, 0.003, -0.002], 61)
([0.0448, 0.4701, -1.134, 0.0001, 0.003, -0.0071], 60)
([0.0657, 0.4545, -1.0835, 0.0001, 0.003, -0.0071], 60)
([0.0917, 0.4352, -1.0835, 0.0001, 0.003, -0.0071], 60)
([0.0917, 0.4352, -1.0227, 0.0001, 0.003, -0.0071], 61)
([0.1199, 0.4146, -0.9598, 0.0001, 0.003, -0.0071], 60)
([0.1495, 0.3926, -0.8929, 0.0001, 0.003, -0.0071], 61)
([0.1798, 0.3926, -0.8929, 0.0001, 0.003, -0.0071], 60)
([0.1798, 0.3701, -0.8255, 0.0001, 0.003, -0.002], 60)
([0.2102, 0.3476, -0.7565, 0.0001, 0.003, -0.0071], 61)
([0.2398, 0.3252, -0.6891, 0.0001, 0.003, -0.0071], 61)
([0.2701, 0.3252, -0.6891, 0.0001, 0.003, -0.0071], 61)
([0.2997, 0.2802, -0.6201, 0.0001, 0.003, -0.0071], 61)
([0.2997, 0.2802, -0.5517, 0.0001, 0.003, -0.0071], 61)
([0.3293, 0.2577, -0.4848, 0.0001, 0.003, -0.0071], 61)
([0.3589, 0.2353, -0.4184, 0.0001, 0.003, -0.0071], 61)
([0.3893, 0.2353, -0.4184, 0.0001, 0.003, -0.0071], 61)
([0.3893, 0.2123, -0.3489, 0.0001, 0.003, -0.0071], 61)
([0.4189, 0.1894, -0.2815, 0.0001, 0.003, -0.0071], 61)
([0.4485, 0.1669, -0.213, 0.0001, 0.003, -0.0071], 61)
([0.4788, 0.1669, -0.213, 0.0001, 0.003, -0.0071], 61)
([0.4788, 0.144, -0.1446, 0.0001, 0.003, -0.002], 60)
([0.5092, 0.1215, -0.0776, 0.0001, 0.003, -0.0071], 61)
([0.5388, 0.0991, -0.0092, 0.0001, 0.003, -0.0071], 61)
([0.5684, 0.077, -0.0092, 0.0001, 0.003, -0.0071], 60)
([0.5684, 0.077, 0.0587, 0.0001, 0.003, -0.0071], 60)
([0.5987, 0.0541, 0.1267, 0.0001, 0.003, -0.0071], 60)
([0.629, 0.0321, 0.1951, 0.0001, 0.003, -0.0071], 60)
([0.6587, 0.0321, 0.1951, 0.0001, 0.003, -0.002], 60)
([0.6587, 0.0092, 0.2636, 0.0001, 0.003, -0.0071], 61)
([0.689, -0.0138, 0.331, 0.0001, 0.003, -0.0071], 61)
([0.7193, -0.0367, 0.399, 0.0001, 0.003, -0.0071], 61)
([0.7496, -0.0592, 0.4674, 0.0001, 0.003, -0.0071], 61)
([0.7807, -0.0592, 0.4674, 0.0001, 0.003, -0.002], 60)
([0.7807, -0.0812, 0.5353, 0.0001, 0.003, -0.002], 60)
([0.8103, -0.1036, 0.6028, 0.0001, 0.003, -0.002], 60)
([0.8406, -0.1257, 0.6717, 0.0001, 0.003, -0.0071], 61)
([0.871, -0.1481, 0.6717, 0.0001, 0.003, -0.0071], 61)
([0.871, -0.1481, 0.7387, 0.0001, -0.0032, -0.0071], 60)
([0.8991, -0.1697, 0.802, 0.0001, -0.0016, -0.0071], 60)
([0.9251, -0.189, 0.8582, 0.0001, -0.0016, -0.0071], 60)
([0.9468, -0.2045, 0.8582, 0.0001, -0.0016, -0.002], 60)
([0.9468, -0.2045, 0.9037, 0.0001, -0.0016, -0.0071], 60)
([0.9634, -0.2169, 0.9389, 0.0001, -0.0016, -0.0071], 61)
([0.9771, -0.2266, 0.9655, 0.0001, -0.0016, -0.0071], 61)
([0.9858, -0.233, 0.9655, 0.0001, -0.0016, -0.0071], 61)
([0.9858, -0.233, 0.9839, 0.0001, -0.0016, -0.0071], 61)
([0.9909, -0.2362, 0.992, 0.0001, -0.0016, -0.0071], 60)
([0.9938, -0.2371, 0.9946, 0.0001, -0.0016, -0.0071], 60)
([0.9923, -0.2367, 0.9946, 0.0001, -0.0016, -0.0071], 60)
([0.9901, -0.2367, 0.993, 0.0001, -0.0016, -0.0071], 60)
([0.9901, -0.2371, 0.989, -0.0014, -0.0078, -0.0071], 61)
([0.9822, -0.2389, 0.9818, -0.0152, -0.0216, -0.002], 61)
([0.9685, -0.2422, 0.9818, -0.0521, -0.0522, -0.0071], 61)
([0.9446, -0.2422, 0.9741, -0.0935, -0.0783, -0.0071], 60)
([0.9446, -0.25, 0.9639, -0.1564, -0.1289, -0.0071], 60)
([0.9121, -0.2623, 0.9512, -0.2116, -0.1704, -0.0071], 60)
([0.871, -0.2784, 0.9512, -0.2914, -0.2333, -0.0071], 60)
([0.8211, -0.2784, 0.9358, -0.3573, -0.29, -0.002], 60)
([0.8211, -0.2986, 0.9174, -0.431, -0.356, -0.0071], 61)
([0.7641, -0.3215, 0.8965, -0.5598, -0.4649, -0.0071], 61)
([0.702, -0.3463, 0.875, -0.6442, -0.5324, -0.0071], 61)
([0.6377, -0.3719, 0.875, -0.7546, -0.6275, -0.0071], 61)
([0.6377, -0.3719, 0.8526, -0.8375, -0.6996, -0.0071], 61)
([0.5734, -0.3981, 0.8301, -0.9525, -0.7947, -0.0071], 61)
([0.5099, -0.4238, 0.8076, -1.043, -0.8714, -0.0071], 61)
([0.4449, -0.4495, 0.8076, -1.1258, -0.945, -0.0071], 61)
([0.3828, -0.4495, 0.7851, -1.224, -1.034, -0.0071], 61)
([0.3828, -0.4742, 0.7632, -1.3099, -1.1076, -0.0071], 61)
([0.3257, -0.4972, 0.7443, -1.4127, -1.1951, -0.0071], 61)
([0.2752, -0.5173, 0.7443, -1.4848, -1.2534, -0.002], 61)
([0.2297, -0.5173, 0.7274, -1.5569, -1.3239, -0.0071], 61)
([0.2297, -0.5357, 0.7126, -1.6244, -1.3899, -0.002], 61)
([0.1899, -0.5517, 0.6993, -1.6704, -1.4313, -0.0071], 61)
([0.1553, -0.565, 0.6993, -1.721, -1.4742, -0.0071], 60)
([0.1293, -0.565, 0.6881, -1.744, -1.4973, -0.0071], 60)
([0.1293, -0.5747, 0.6809, -1.7625, -1.5187, -0.002], 60)
([0.1119, -0.5815, 0.6753, -1.7671, -1.5249, -0.002], 60)
([0.1033, -0.5847, 0.6738, -1.7686, -1.5264, -0.0071], 61)
([0.1004, -0.5861, 0.6738, -1.7686, -1.5249, -0.0071], 61)
([0.0989, -0.5861, 0.6728, -1.7686, -1.5218, -0.002], 60)
([0.0989, -0.5861, 0.6728, -1.7686, -1.5141, -0.0071], 60)
([0.0989, -0.5861, 0.6728, -1.7686, -1.5172, -0.002], 60)
([0.0989, -0.5852, 0.6728, -1.7701, -1.5249, -0.0071], 61)
([0.0989, -0.5852, 0.6707, -1.7717, -1.5249, -0.0071], 61)
([0.0982, -0.5797, 0.662, -1.7717, -1.5187, -0.002], 74)
([0.0982, -0.571, 0.6477, -1.7701, -1.508, -0.0071], 73)
([0.0975, -0.5572, 0.6232, -1.7502, -1.4773, -0.0071], 74)
([0.0946, -0.5389, 0.5885, -1.6919, -1.4282, -0.0071], 73)
([0.0917, -0.5146, 0.5451, -1.6535, -1.4068, -0.0071], 73)
([0.0888, -0.4857, 0.4924, -1.5876, -1.35, -0.002], 73)
([0.0852, -0.4522, 0.4311, -1.517, -1.2932, -0.0071], 73)
([0.0816, -0.4155, 0.4311, -1.4787, -1.261, -0.0071], 74)
([0.0787, -0.3784, 0.3663, -1.4066, -1.1981, -0.0071], 74)
([0.0737, -0.3403, 0.3004, -1.3299, -1.1368, -0.002], 74)
([0.0715, -0.3403, 0.2334, -1.29, -1.1076, -0.0071], 60)
([0.0715, -0.3022, 0.1655, -1.2348, -1.0524, -0.0071], 60)
([0.0686, -0.2642, 0.0976, -1.1918, -1.0202, -0.0071], 61)
([0.0643, -0.227, 0.0976, -1.132, -0.9711, -0.002], 60)
([0.0599, -0.227, 0.0296, -1.0952, -0.9358, -0.0071], 60)
([0.0599, -0.188, -0.0393, -1.0522, -0.899, -0.0071], 60)
([0.0571, -0.1491, -0.1073, -1.0031, -0.8561, -0.002], 61)
([0.0534, -0.111, -0.1073, -0.9586, -0.8208, -0.0071], 60)
([0.0498, -0.111, -0.1752, -0.9034, -0.7748, -0.0071], 61)
([0.0498, -0.0729, -0.2432, -0.8651, -0.7364, -0.0071], 60)
([0.0455, -0.0349, -0.3106, -0.816, -0.6981, -0.002], 60)
([0.0426, 0.0046, -0.3106, -0.7623, -0.6551, -0.0071], 61)
([0.0397, 0.0046, -0.378, -0.7209, -0.6183, -0.002], 61)
([0.0397, 0.0431, -0.4465, -0.6534, -0.5569, -0.0071], 61)
([0.0354, 0.0816, -0.5139, -0.6089, -0.5186, -0.002], 61)
([0.0325, 0.1197, -0.5818, -0.569, -0.4864, -0.0071], 60)
([0.0282, 0.1582, -0.5818, -0.5169, -0.4403, -0.0071], 61)
([0.0253, 0.1582, -0.6503, -0.4739, -0.4035, -0.0071], 61)
([0.0253, 0.1972, -0.7187, -0.4202, -0.3575, -0.0071], 61)
([0.0217, 0.2362, -0.7872, -0.3788, -0.3222, -0.002], 61)
([0.0181, 0.2747, -0.7872, -0.3328, -0.2793, -0.0071], 61)
([0.0144, 0.2747, -0.8556, -0.2914, -0.2471, -0.0071], 60)
([0.0144, 0.3128, -0.922, -0.2392, -0.2056, -0.002], 60)
([0.0108, 0.3508, -0.9895, -0.1901, -0.1612, -0.0071], 60)
([0.0079, 0.3871, -0.9895, -0.1502, -0.1259, -0.0071], 61)
([0.0051, 0.3871, -1.0518, -0.0996, -0.0814, -0.0071], 60)
([0.0051, 0.4187, -1.107, -0.0597, -0.0522, -0.0071], 60)
([0.0036, 0.4458, -1.1529, -0.0398, -0.0323, -0.0071], 61)
([0.0022, 0.4673, -1.1529, -0.0198, -0.0154, -0.0071], 60)
([0.0007, 0.4673, -1.1897, -0.003, -0.0032, -0.0071], 60)
([0.0007, 0.4829, -1.2168, 0.0078, 0.006, -0.002], 61)
([0.0007, 0.4944, -1.2357, 0.0124, 0.0106, -0.002], 61)
([0.0, 0.4994, -1.2444, 0.0139, 0.0122, -0.002], 61)
([0.0, 0.4999, -1.2444, 0.0139, 0.0122, -0.0071], 61)
([0.0, 0.4999, -1.2485, 0.0139, 0.0122, -0.0071], 61)
([0.0, 0.4999, -1.2495, 0.0154, 0.0137, -0.0071], 60)
([0.0, 0.4999, -1.2485, 0.0185, 0.0152, -0.0071], 60)
([0.0, 0.4981, -1.2485, 0.02, 0.0168, -0.002], 61)
([0.0, 0.4981, -1.2464, 0.0216, 0.0168, -0.0071], 61)
([0.0, 0.4958, -1.2357, 0.0216, 0.0168, -0.002], 60)
([0.0, 0.4916, -1.2147, 0.0216, 0.0168, -0.0071], 60)
([0.0, 0.4825, -1.2147, 0.0216, 0.0168, -0.0071], 60)
([0.0, 0.4825, -1.1882, 0.0216, 0.0168, -0.0071], 60)
([0.0, 0.4701, -1.1519, 0.0216, 0.0168, -0.002], 61)
([0.0, 0.4527, -1.1044, 0.0216, 0.0168, -0.0071], 60)
([0.0, 0.4311, -1.1044, 0.0216, 0.0168, -0.002], 60)
([0.0, 0.4311, -1.0477, 0.0216, 0.0168, -0.002], 60)
([0.0, 0.4063, -0.9849, 0.0216, 0.0168, -0.002], 61)
([0.0, 0.3802, -0.9195, 0.02, 0.0168, -0.0071], 60)
([0.0, 0.3531, -0.9195, 0.02, 0.0168, -0.002], 61)
([0.0, 0.3531, -0.8541, 0.02, 0.0152, -0.0071], 61)
([0.0, 0.3261, -0.7857, 0.02, 0.0152, -0.002], 61)
([0.0, 0.2986, -0.7167, 0.0185, 0.0091, -0.0071], 61)
([0.0, 0.271, -0.6488, 0.017, 0.0091, -0.0071], 61)
([0.0, 0.244, -0.6488, 0.017, 0.0076, -0.0071], 61)
([0.0, 0.244, -0.5803, 0.017, 0.0076, -0.002], 61)
([0.0, 0.2165, -0.5124, 0.0139, 0.006, -0.0071], 61)
([0.0, 0.189, -0.4454, 0.0124, 0.006, -0.0071], 60)
([0.0, 0.1614, -0.4454, 0.0124, 0.0045, -0.002], 61)
([0.0, 0.1335, -0.377, 0.0078, 0.003, -0.002], 81)
([0.0, 0.1335, -0.3091, 0.0062, 0.003, -0.002], 60)
([0.0, 0.1064, -0.2421, 0.0032, 0.003, -0.0071], 60)
([0.0, 0.0816, -0.1803, 0.0016, 0.003, -0.002], 60)
([0.0, 0.0596, -0.1803, 0.0016, 0.003, -0.0071], 61)
([0.0, 0.0596, -0.1272, 0.0016, 0.003, -0.0071], 61)
([0.0, 0.0422, -0.0868, 0.0016, -0.0032, -0.002], 61)
([0.0, 0.0284, -0.0541, 0.0016, -0.0032, -0.002], 61)
([0.0, 0.0174, -0.0541, 0.0016, -0.0032, -0.002], 61)
([0.0, 0.0174, -0.0296, 0.0016, -0.0032, -0.002], 61)
([0.0, 0.0105, -0.0148, 0.0016, -0.0032, -0.0071], 61)
([0.0, 0.0078, -0.0072, 0.0001, -0.0032, -0.002], 61)
([0.0, 0.006, -0.0072, 0.0001, -0.0032, -0.002], 61)
([0.0, 0.006, -0.0051, -0.0014, -0.0032, -0.0071], 60)
([0.0, 0.006, -0.0051, -0.0014, -0.0032, -0.002], 60)
([0.0, 0.0041, -0.0036, -0.0014, -0.0032, -0.0071], 60)
([0.0, 0.0018, -0.0015, -0.0014, -0.0032, -0.002], 60)
([0.0, 0.0, -0.0015, -0.0014, -0.0032, -0.002], 60)
([0.0, 0.0, 0.0005, -0.0014, -0.0032, -0.0071], 60)
([0.0, 0.0, 0.0005, -0.0014, -0.0032, -0.002], 60)
([0.0, 0.0, 0.0, -0.0014, -0.0032, -0.002], 61)
([0.0, 0.0005, 0.0, -0.0014, -0.0032, -0.0071], 60)
([0.0, 0.0005, -0.0015, -0.0014, -0.0032, -0.0071], 61)
([0.0, 0.005, -0.0097, -0.0014, -0.0032, -0.002], 74)
([0.0, 0.0128, -0.0276, -0.0014, -0.0032, -0.0071], 61)
([0.0, 0.0229, -0.0526, -0.0014, -0.0032, -0.002], 60)
([0.0, 0.0353, -0.0526, -0.003, -0.0032, -0.002], 61)
([0.0, 0.0353, -0.0853, -0.003, -0.0032, -0.002], 60)
([0.0, 0.0527, -0.1292, -0.003, -0.0032, -0.002], 60)
([0.0, 0.0738, -0.1849, -0.003, -0.0032, -0.002], 61)
([0.0, 0.0986, -0.1849, -0.003, -0.0032, -0.002], 60)
([0.0, 0.0986, -0.2483, -0.003, -0.0032, -0.002], 61)
([0.0, 0.1243, -0.3131, -0.003, -0.0032, -0.002], 61)
([0.0, 0.1513, -0.3801, -0.003, -0.0032, -0.0071], 60)
([0.0, 0.1789, -0.3801, -0.003, -0.0032, -0.0071], 60)
([0.0, 0.1789, -0.4475, -0.003, -0.0032, -0.002], 60)
([0.0, 0.2064, -0.5149, -0.003, -0.0032, -0.0071], 61)
([0.0, 0.2334, -0.5823, -0.003, -0.0032, -0.002], 61)
([0.0, 0.2605, -0.6498, -0.003, -0.0032, -0.002], 61)
([0.0, 0.2876, -0.6498, -0.003, -0.0032, -0.002], 61)
([0.0, 0.2876, -0.7182, -0.003, -0.0032, -0.0071], 61)
([0.0, 0.3151, -0.7872, -0.003, -0.0032, -0.002], 61)
([0.0, 0.3421, -0.8556, -0.003, -0.0032, -0.002], 61)
([0.0, 0.3697, -0.8556, -0.003, -0.0016, -0.002], 61)
([0.0, 0.3697, -0.9236, -0.003, -0.0032, -0.002], 61)
([0.0, 0.3967, -0.9905, -0.003, -0.0032, -0.002], 61)
([0.0, 0.4224, -1.0538, -0.003, -0.0032, -0.002], 61)
([0.0, 0.4449, -1.0538, -0.003, -0.0032, -0.0071], 60)
([0.0, 0.4449, -1.1095, -0.003, -0.0032, -0.0071], 60)
([0.0, 0.4637, -1.1534, -0.003, -0.0032, -0.0173], 61)
([0.0, 0.4779, -1.1887, -0.003, -0.0032, -0.0071], 61)
([0.0, 0.4889, -1.1887, -0.003, -0.0032, -0.0071], 61)
([0.0, 0.4889, -1.2163, -0.003, -0.0032, -0.002], 61)
([0.0, 0.4976, -1.2352, -0.003, -0.0032, -0.0071], 61)
([0.0, 0.4999, -1.2444, -0.003, -0.0016, -0.0071], 61)
([0.0, 0.4999, -1.2485, -0.003, -0.0016, -0.0071], 61)
([0.0, 0.4999, -1.2485, -0.003, -0.0016, -0.002], 60)
([0.0, 0.4999, -1.249, -0.0045, -0.0016, -0.002], 60)
([0.0, 0.4999, -1.2485, -0.003, -0.0016, -0.002], 61)
([0.0007, 0.4981, -1.2459, -0.003, -0.0016, -0.0071], 61)
([0.0043, 0.4953, -1.2459, -0.003, -0.0016, -0.002], 60)
([0.0123, 0.4953, -1.2347, -0.003, -0.0016, -0.002], 61)
([0.0123, 0.4926, -1.2142, -0.003, -0.0016, -0.0071], 61)
([0.0224, 0.4861, -1.1872, -0.0045, -0.0016, -0.002], 61)
([0.0376, 0.4756, -1.1872, -0.0045, -0.0016, -0.0071], 60)
([0.0571, 0.4756, -1.1494, -0.0045, -0.0016, -0.0071], 61)
([0.0571, 0.4609, -1.1024, -0.0045, -0.0016, -0.002], 61)
([0.0802, 0.443, -1.0457, -0.003, -0.0016, -0.0071], 61)
([0.1083, 0.4229, -1.0457, -0.0045, -0.0016, -0.0071], 60)
([0.1379, 0.4229, -0.9823, -0.003, -0.0016, -0.002], 61)
([0.1379, 0.4013, -0.9169, -0.003, -0.0016, -0.002], 61)
([0.1676, 0.3788, -0.8505, -0.003, -0.0016, -0.0071], 61)
([0.1979, 0.3564, -0.8505, -0.003, -0.0016, -0.0071], 61)
([0.2275, 0.3334, -0.7826, -0.0045, -0.0016, -0.0071], 61)
([0.2578, 0.3334, -0.7136, -0.003, -0.0016, -0.002], 61)
([0.2578, 0.3109, -0.6452, -0.003, -0.0016, -0.0071], 60)
([0.2882, 0.2885, -0.5767, -0.003, -0.0016, -0.0071], 61)
([0.3178, 0.2665, -0.5767, -0.0045, -0.0016, -0.0071], 60)
([0.3474, 0.2665, -0.5098, -0.003, -0.0032, -0.002], 60)
([0.3474, 0.244, -0.4424, -0.003, -0.0032, -0.0071], 60)
([0.3777, 0.2211, -0.3739, -0.003, -0.0032, -0.0071], 61)
([0.408, 0.1981, -0.3739, -0.003, -0.0032, -0.002], 61)
([0.4369, 0.1981, -0.306, -0.003, -0.0032, -0.0071], 65)
([0.4369, 0.1757, -0.238, -0.003, -0.0032, -0.002], 60)
([0.4673, 0.1527, -0.1701, -0.003, -0.0032, -0.0071], 61)
([0.4976, 0.1298, -0.1701, -0.0014, -0.0032, -0.0071], 61)
([0.5272, 0.1298, -0.1027, -0.0014, -0.0032, -0.002], 61)
([0.5272, 0.1078, -0.0358, -0.0014, -0.0016, -0.002], 61)
([0.5568, 0.0853, 0.0327, -0.0014, -0.0032, -0.002], 61)
([0.5872, 0.0628, 0.1022, -0.0014, -0.0032, -0.002], 61)
([0.6175, 0.0404, 0.1022, -0.0014, -0.0032, -0.002], 60)
([0.6471, 0.0404, 0.1706, -0.0014, -0.0016, -0.0071], 61)
([0.6471, 0.0174, 0.2386, -0.0014, -0.0016, -0.002], 61)
([0.6774, -0.0055, 0.307, -0.0014, -0.0016, -0.0071], 61)
([0.7078, -0.028, 0.307, -0.0014, -0.0032, -0.002], 61)
([0.7388, -0.028, 0.3734, -0.0014, -0.0016, -0.002], 61)
([0.7388, -0.0509, 0.4419, -0.0014, -0.0016, -0.0071], 61)
([0.7684, -0.0729, 0.5098, -0.0014, -0.0016, -0.002], 61)
([0.7995, -0.0954, 0.5098, -0.0014, -0.0001, -0.002], 61)
([0.7995, -0.0954, 0.5777, -0.0014, 0.003, -0.002], 61)
([0.8291, -0.1179, 0.6462, -0.0014, 0.0045, -0.002], 61)
([0.8594, -0.1403, 0.7146, -0.0014, 0.006, -0.002], 61)
([0.889, -0.1619, 0.7146, -0.0014, 0.006, -0.002], 61)
([0.9158, -0.1619, 0.779, -0.0014, 0.006, -0.002], 61)
([0.9158, -0.1821, 0.8378, -0.0014, 0.006, -0.0071], 60)
([0.9396, -0.1995, 0.8883, -0.0014, 0.006, -0.002], 61)
([0.9576, -0.2128, 0.9272, -0.0014, 0.006, -0.002], 61)
([0.9714, -0.2234, 0.9272, -0.0014, 0.006, -0.0071], 61)
([0.9829, -0.2234, 0.9568, -0.0014, 0.006, -0.002], 61)
([0.9829, -0.2307, 0.9782, -0.0014, 0.006, -0.002], 61)
([0.9901, -0.2348, 0.99, -0.0014, 0.006, -0.0071], 61)
([0.993, -0.2376, 0.99, 0.0001, 0.006, -0.0071], 60)
([0.993, -0.2376, 0.9951, 0.0001, 0.0076, -0.002], 60)
([0.9938, -0.2376, 0.993, 0.0001, 0.006, -0.002], 60)
([0.9923, -0.2376, 0.9905, -0.0014, 0.006, -0.002], 61)
([0.9873, -0.2403, 0.9874, -0.0014, 0.003, -0.0071], 61)
([0.9757, -0.2426, 0.9874, -0.0198, -0.0124, -0.002], 61)
([0.9757, -0.2426, 0.9818, -0.0567, -0.043, -0.002], 60)
([0.9555, -0.2477, 0.9736, -0.1196, -0.086, -0.002], 61)
([0.9266, -0.2582, 0.9624, -0.1656, -0.1259, -0.002], 60)
([0.8883, -0.2729, 0.9624, -0.2377, -0.1811, -0.0071], 61)
([0.8883, -0.2729, 0.9481, -0.299, -0.2302, -0.0071], 60)
([0.8421, -0.2912, 0.9302, -0.3819, -0.3008, -0.002], 61)
([0.7879, -0.3132, 0.9103, -0.457, -0.3682, -0.0071], 60)
([0.7273, -0.3371, 0.9103, -0.5567, -0.4511, -0.002], 60)
([0.7273, -0.3371, 0.8883, -0.6626, -0.5416, -0.002], 60)
([0.6644, -0.3628, 0.8653, -0.7408, -0.6106, -0.002], 60)
([0.6002, -0.388, 0.8429, -0.8375, -0.695, -0.002], 60)
([0.5359, -0.4137, 0.8429, -0.9464, -0.784, -0.0071], 60)
([0.5359, -0.4137, 0.8199, -1.0415, -0.8699, -0.002], 60)
([0.4723, -0.4394, 0.7969, -1.1258, -0.9435, -0.002], 61)
([0.4088, -0.4646, 0.7749, -1.2378, -1.0401, -0.002], 61)
([0.3488, -0.4884, 0.7749, -1.3176, -1.1107, -0.002], 61)
([0.3488, -0.4884, 0.754, -1.4127, -1.1889, -0.002], 61)
([0.2954, -0.51, 0.7356, -1.5155, -1.284, -0.002], 61)
([0.2477, -0.5288, 0.7192, -1.5722, -1.3377, -0.002], 61)
([0.2058, -0.5458, 0.7055, -1.6351, -1.3914, -0.002], 61)
([0.169, -0.56, 0.7055, -1.6781, -1.4344, -0.002], 61)
([0.169, -0.56, 0.6927, -1.7195, -1.4773, -0.002], 61)
([0.1394, -0.571, 0.6835, -1.7471, -1.508, -0.0071], 60)
([0.1184, -0.5788, 0.6774, -1.7655, -1.5218, -0.0071], 61)
([0.1069, -0.5834, 0.6774, -1.7686, -1.5264, -0.002], 61)
([0.1069, -0.5834, 0.6743, -1.7686, -1.5264, -0.002], 60)
([0.1018, -0.5857, 0.6738, -1.7701, -1.5264, -0.002], 61)
([0.104, -0.5838, 0.6743, -1.7778, -1.5325, -0.002], 60)
([0.1054, -0.582, 0.6743, -1.7824, -1.5371, -0.002], 61)
([0.1047, -0.582, 0.6722, -1.7839, -1.5371, -0.002], 61)
([0.1047, -0.5756, 0.6636, -1.7839, -1.5325, -0.002], 61)
([0.104, -0.5669, 0.6488, -1.7809, -1.5172, -0.002], 60)
([0.1026, -0.5526, 0.6488, -1.7717, -1.4973, -0.002], 61)
([0.1011, -0.5526, 0.6232, -1.7318, -1.4574, -0.002], 61)
([0.1011, -0.5334, 0.5875, -1.6858, -1.4344, -0.002], 60)
([0.0968, -0.5086, 0.5425, -1.6459, -1.4129, -0.0071], 61)
([0.0939, -0.4788, 0.5425, -1.5968, -1.3546, -0.002], 61)
([0.0903, -0.4788, 0.4884, -1.5523, -1.3224, -0.002], 60)
([0.0903, -0.4449, 0.4265, -1.4971, -1.2779, -0.002], 60)
([0.0867, -0.4086, 0.3612, -1.4526, -1.2472, -0.002], 60)
([0.0831, -0.3706, 0.3612, -1.3943, -1.1935, -0.002], 61)
([0.0794, -0.3706, 0.2953, -1.3483, -1.146, -0.002], 60)
([0.0794, -0.3325, 0.2278, -1.2977, -1.1153, -0.0071], 61)
([0.0751, -0.2949, 0.1594, -1.2394, -1.0585, -0.002], 61)
([0.0722, -0.2573, 0.0914, -1.1857, -1.0141, -0.002], 61)
([0.0686, -0.2192, 0.0914, -1.1289, -0.9665, -0.002], 61)
([0.0643, -0.2192, 0.023, -1.0936, -0.9328, -0.002], 61)
([0.0643, -0.1812, -0.0455, -1.0415, -0.8898, -0.002], 61)
([0.0607, -0.1422, -0.1129, -0.9985, -0.853, -0.002], 61)
([0.0571, -0.1041, -0.1129, -0.9418, -0.8085, -0.002], 60)
([0.0534, -0.1041, -0.1813, -0.8988, -0.7717, -0.002], 61)
([0.0491, -0.0665, -0.2493, -0.8344, -0.7149, -0.002], 73)
([0.0491, -0.0284, -0.3162, -0.7838, -0.6704, -0.002], 73)
([0.0455, 0.0105, -0.3847, -0.727, -0.6214, -0.002], 73)
([0.0412, 0.0495, -0.4531, -0.6626, -0.5661, -0.002], 73)
([0.0376, 0.0871, -0.5195, -0.6212, -0.5309, -0.002], 73)
([0.0339, 0.1252, -0.588, -0.5598, -0.4848, -0.002], 73)
([0.0303, 0.1642, -0.6569, -0.4954, -0.4204, -0.002], 74)
([0.026, 0.2032, -0.6569, -0.4386, -0.3728, -0.002], 73)
([0.0231, 0.2417, -0.7249, -0.3865, -0.3299, -0.002], 66)
([0.0195, 0.2798, -0.7933, -0.3266, -0.2747, -0.002], 76)
([0.0152, 0.2798, -0.8613, -0.2822, -0.2363, -0.002], 76)
([0.0116, 0.3174, -0.9282, -0.207, -0.175, -0.0071], 75)
([0.0087, 0.3554, -0.9946, -0.1472, -0.1228, -0.002], 77)
([0.0058, 0.3907, -1.0569, -0.1027, -0.0875, -0.002], 77)
([0.0036, 0.4224, -1.1111, -0.0521, -0.0461, -0.002], 77)
([0.0014, 0.4485, -1.1565, -0.0229, -0.02, -0.002], 78)
([0.0, 0.4692, -1.1928, 0.0001, -0.0001, -0.002], 77)
([0.0, 0.4848, -1.2188, 0.0093, 0.0076, -0.002], 75)
([-0.0007, 0.4953, -1.2367, 0.0124, 0.0122, -0.002], 60)
([-0.0007, 0.4999, -1.2367, 0.0139, 0.0122, -0.0071], 61)
([0.0, 0.4999, -1.2449, 0.0154, 0.0122, -0.002], 61)
([0.0, 0.4999, -1.2485, 0.0154, 0.0122, -0.0071], 61)
([0.0, 0.4999, -1.2495, 0.017, 0.0152, -0.002], 61)
([0.0, 0.4999, -1.2474, 0.02, 0.0183, -0.002], 61)
([0.0, 0.4972, -1.2474, 0.0216, 0.0168, -0.002], 61)
([0.0, 0.4972, -1.2428, 0.0216, 0.0168, -0.002], 61)
([0.0, 0.4944, -1.2275, 0.0216, 0.0183, -0.002], 61)
([0.0, 0.488, -1.2035, 0.0216, 0.0183, -0.002], 61)
([0.0, 0.4774, -1.2035, 0.0216, 0.0183, -0.002], 60)
([0.0, 0.4774, -1.1729, 0.0216, 0.0183, -0.002], 60)
([0.0, 0.4623, -1.1315, 0.0216, 0.0183, -0.002], 61)
([0.0, 0.443, -1.0799, 0.0216, 0.0183, -0.002], 61)
([0.0, 0.4201, -1.0799, 0.0216, 0.0183, -0.002], 61)
([0.0, 0.4201, -1.0206, 0.0216, 0.0183, -0.002], 61)
([0.0, 0.394, -0.9558, 0.0216, 0.0168, -0.002], 61)
([0.0, 0.3669, -0.8888, 0.02, 0.0168, -0.002], 60)
([0.0, 0.3398, -0.8224, 0.02, 0.0122, -0.002], 60)
([0.0, 0.3398, -0.8224, 0.02, 0.0122, -0.002], 61)
([0.0, 0.3128, -0.7535, 0.02, 0.0122, -0.002], 60)
([0.0, 0.2853, -0.6855, 0.0185, 0.0091, -0.002], 61)
([0.0, 0.2587, -0.6171, 0.0185, 0.0076, -0.002], 87)
([0.0, 0.2311, -0.5497, 0.017, 0.006, -0.002], 61)
([0.0, 0.2032, -0.5497, 0.017, 0.006, -0.002], 61)
([0.0, 0.2032, -0.4822, 0.0139, 0.0045, -0.002], 61)
([0.0, 0.1761, -0.4153, 0.0124, 0.003, -0.002], 60)
([0.0, 0.1481, -0.3463, 0.0124, 0.003, -0.002], 60)
([0.0, 0.1206, -0.3463, 0.0078, 0.003, -0.002], 60)
([0.0, 0.1206, -0.2784, 0.0062, 0.003, -0.002], 61)
([0.0, 0.0949, -0.2135, 0.0032, 0.003, -0.002], 60)
([0.0, 0.0711, -0.1553, 0.0016, 0.003, -0.002], 60)
([0.0, 0.0518, -0.1553, 0.0032, 0.003, -0.002], 61)
([0.0, 0.0518, -0.1088, 0.0016, -0.0032, -0.002], 61)
([0.0, 0.0362, -0.0725, 0.0016, -0.0032, -0.002], 61)
([0.0, 0.0234, -0.0434, 0.0016, -0.0032, -0.002], 61)
([0.0, 0.0142, -0.0225, 0.0016, -0.0032, -0.002], 61)
([0.0, 0.0092, -0.0225, 0.0016, -0.0032, -0.002], 61)
([0.0, 0.0092, -0.0112, 0.0016, -0.0032, -0.002], 61)
([0.0, 0.0069, -0.0061, 0.0001, -0.0032, -0.002], 61)
([0.0, 0.006, -0.0041, -0.0014, -0.0032, -0.002], 60)
([0.0, 0.0069, -0.0041, -0.0014, -0.0032, -0.002], 61)
([0.0, 0.0069, -0.0061, -0.0014, -0.0032, -0.002], 61)
([0.0, 0.0046, -0.0046, -0.0014, -0.0032, -0.002], 61)
([0.0, 0.0046, -0.0036, -0.0014, -0.0032, -0.002], 61)
([0.0, 0.0037, -0.0031, -0.0014, -0.0032, -0.002], 60)
([0.0, 0.0023, -0.0031, -0.0014, -0.0032, -0.002], 61)
([0.0, 0.0023, -0.0026, -0.0014, -0.0032, -0.002], 61)
([0.0, 0.0032, -0.0031, -0.0014, -0.0032, -0.002], 61)
([0.0, 0.0055, -0.0066, -0.0014, -0.0032, -0.002], 61)
([0.0, 0.011, -0.0066, -0.003, -0.0032, -0.002], 60)
([0.0, 0.011, -0.0189, -0.003, -0.0032, -0.002], 61)
([0.0, 0.0202, -0.0398, -0.003, -0.0032, -0.002], 61)
([0.0, 0.0303, -0.0664, -0.003, -0.0032, -0.002], 60)
([0.0, 0.0303, -0.0664, -0.0045, -0.0032, -0.002], 60)
([0.0, 0.0449, -0.1032, -0.0045, -0.0032, -0.002], 60)
([0.0, 0.0628, -0.1507, -0.0045, -0.0032, -0.002], 61)
([0.0, 0.0848, -0.2074, -0.0045, -0.0032, -0.002], 66)
([0.0, 0.1096, -0.2712, -0.0045, -0.0032, -0.002], 61)
([0.0, 0.1362, -0.2712, -0.0045, -0.0032, -0.002], 61)
([0.0, 0.1362, -0.3371, -0.0045, -0.0032, -0.002], 61)
([0.0, 0.1628, -0.4046, -0.0045, -0.0032, -0.002], 61)
([0.0, 0.1903, -0.472, -0.0045, -0.0032, -0.002], 61)
([0.0, 0.2174, -0.472, -0.0045, -0.0032, -0.002], 60)
([0.0, 0.2174, -0.5389, -0.0045, -0.0032, -0.002], 60)
([0.0, 0.2449, -0.6074, -0.0045, -0.0032, -0.002], 60)
([0.0, 0.272, -0.6753, -0.0045, -0.0032, -0.002], 61)
([0.0, 0.299, -0.6753, -0.0045, -0.0032, -0.002], 61)
([0.0, 0.299, -0.7438, -0.0045, -0.0032, -0.002], 61)
([0.0, 0.3256, -0.8112, -0.0045, -0.0032, -0.002], 61)
([0.0, 0.3536, -0.8807, -0.0045, -0.0032, -0.002], 60)
([0.0, 0.3802, -0.8807, -0.0045, -0.0032, -0.002], 60)
([0.0, 0.3802, -0.9476, -0.0045, -0.0032, -0.002], 60)
([0.0, 0.4068, -1.0135, -0.0045, -0.0032, -0.002], 61)
([0.0, 0.4316, -1.0743, -0.0045, -0.0032, -0.002], 60)
([0.0, 0.4527, -1.0743, -0.0045, -0.0032, -0.002], 60)
([0.0, 0.4527, -1.1264, -0.0045, -0.0032, -0.002], 61)
([0.0, 0.4692, -1.1672, -0.003, -0.0016, -0.002], 61)
([0.0, 0.4825, -1.1999, -0.003, -0.0032, -0.002], 61)
([0.0, 0.493, -1.2245, -0.003, -0.0016, -0.002], 61)
([0.0, 0.4994, -1.2245, -0.003, -0.0032, -0.002], 61)
([0.0, 0.4994, -1.2398, -0.0014, -0.0016, -0.002], 60)
([0.0, 0.4999, -1.2464, -0.0014, -0.0016, -0.002], 61)
([0.0, 0.4999, -1.2464, -0.0014, -0.0016, -0.002], 61)
([0.0, 0.4999, -1.249, -0.0014, -0.0016, -0.002], 61)
([0.0, 0.4999, -1.249, -0.0014, -0.0016, -0.002], 61)
([0.0, 0.499, -1.2474, -0.0014, -0.0016, -0.002], 61)
([0.0036, 0.4972, -1.2388, -0.0014, -0.0016, -0.002], 61)
([0.0094, 0.4949, -1.2388, -0.0014, -0.0016, -0.002], 61)
([0.0188, 0.4949, -1.2219, -0.0014, -0.0016, -0.002], 61)
([0.0188, 0.4884, -1.1974, -0.0014, -0.0016, -0.002], 61)
([0.0325, 0.4788, -1.1626, -0.0014, -0.0016, -0.002], 60)
([0.0513, 0.465, -1.1626, -0.0014, -0.0016, -0.002], 61)
([0.0737, 0.465, -1.1187, -0.0014, -0.0032, -0.002], 60)
([0.0737, 0.4485, -1.0646, -0.0014, -0.0016, -0.002], 60)
([0.1004, 0.4284, -1.0022, -0.0014, -0.0016, -0.002], 61)
([0.1293, 0.4073, -1.0022, -0.0014, -0.0016, -0.002], 61)
([0.1596, 0.4073, -0.9374, -0.0014, -0.0016, -0.002], 61)
([0.1596, 0.3848, -0.871, -0.0014, -0.0016, -0.002], 60)
([0.1892, 0.3623, -0.803, -0.0014, -0.0032, -0.0071], 60)
([0.2196, 0.3398, -0.803, -0.0014, -0.0032, -0.002], 60)
([0.2492, 0.3398, -0.7346, -0.0014, -0.0016, -0.002], 61)
([0.2492, 0.3174, -0.6666, -0.0014, -0.0016, -0.002], 60)
([0.2788, 0.2949, -0.5987, -0.0014, -0.0016, -0.002], 61)
([0.3091, 0.2724, -0.5987, -0.0014, -0.0032, -0.002], 60)
([0.3394, 0.25, -0.5302, -0.0014, -0.0032, -0.002], 61)
([0.369, 0.25, -0.4628, -0.0014, -0.0032, -0.002], 61)
([0.369, 0.2275, -0.3949, -0.0014, -0.0032, -0.002], 61)
([0.3987, 0.2045, -0.3269, -0.0014, -0.0032, -0.002], 61)
([0.4283, 0.1821, -0.3269, -0.0014, -0.0032, -0.002], 61)
([0.4586, 0.1821, -0.259, -0.0014, -0.0032, -0.002], 60)
([0.4586, 0.1591, -0.1916, -0.0014, -0.0032, -0.002], 60)
([0.4889, 0.1362, -0.1231, -0.0014, -0.0032, -0.002], 60)
([0.5178, 0.1137, -0.1231, -0.0014, -0.0032, -0.002], 60)
([0.5482, 0.1137, -0.0557, -0.0014, -0.0016, -0.002], 61)
([0.5482, 0.0913, 0.0117, -0.0014, -0.0016, -0.002], 60)
([0.5785, 0.0693, 0.0807, -0.0014, -0.0016, -0.002], 61)
([0.6081, 0.0468, 0.0807, -0.0014, -0.0016, -0.002], 60)
([0.6384, 0.0468, 0.1497, -0.0014, -0.0016, -0.002], 60)
([0.6384, 0.0238, 0.2176, -0.0014, -0.0016, -0.002], 61)
([0.6688, 0.0014, 0.2856, 0.0001, -0.0016, -0.002], 60)
([0.6991, -0.0216, 0.2856, 0.0001, -0.0016, -0.002], 61)
([0.7294, -0.0216, 0.3525, -0.0014, -0.0016, -0.002], 60)
([0.7294, -0.044, 0.4199, 0.0001, -0.0016, -0.002], 60)
([0.759, -0.067, 0.4884, 0.0001, 0.0014, -0.002], 62)
([0.7901, -0.0894, 0.5568, -0.0014, 0.0045, -0.002], 61)
([0.8197, -0.1114, 0.5568, 0.0001, 0.0045, -0.002], 61)
([0.85, -0.1114, 0.6253, 0.0001, 0.006, -0.002], 61)
([0.85, -0.1335, 0.6927, 0.0001, 0.006, -0.002], 60)
([0.8804, -0.1559, 0.7591, 0.0001, 0.006, -0.002], 60)
([0.9078, -0.1766, 0.7591, 0.0001, 0.006, -0.002], 60)
([0.9331, -0.1766, 0.8204, 0.0001, 0.006, -0.002], 61)
([0.9331, -0.1949, 0.874, 0.0001, 0.006, -0.002], 60)
([0.9526, -0.2096, 0.9159, 0.0001, 0.006, -0.002], 60)
([0.9692, -0.2206, 0.9159, 0.0001, 0.006, -0.002], 61)
([0.98, -0.2206, 0.9481, 0.0001, 0.006, -0.002], 61)
([0.98, -0.2293, 0.9726, 0.0001, 0.006, -0.002], 60)
([0.9887, -0.2344, 0.9874, 0.0001, 0.006, -0.002], 60)
([0.9923, -0.2371, 0.9874, 0.0001, 0.006, -0.002], 60)
([0.9938, -0.2371, 0.9936, 0.0001, 0.006, -0.002], 65)
([0.993, -0.2371, 0.9946, 0.0001, 0.006, -0.002], 60)
([0.993, -0.2371, 0.993, 0.0001, 0.006, -0.002], 61)
([0.988, -0.2394, 0.9885, -0.0014, 0.003, -0.002], 61)
([0.9771, -0.2417, 0.9885, -0.0275, -0.02, -0.002], 61)
([0.9576, -0.2417, 0.9818, -0.0659, -0.0476, -0.002], 61)
([0.9576, -0.2463, 0.9736, -0.1042, -0.0799, -0.002], 60)
([0.9295, -0.2564, 0.9619, -0.161, -0.1305, -0.002], 60)
([0.8934, -0.2701, 0.9619, -0.2239, -0.175, -0.002], 61)
([0.8479, -0.2701, 0.9481, -0.3159, -0.244, -0.0071], 61)
([0.8479, -0.288, 0.9312, -0.3941, -0.3146, -0.002], 61)
([0.7951, -0.3096, 0.9118, -0.4647, -0.3759, -0.002], 61)
([0.7352, -0.3334, 0.9118, -0.5506, -0.4449, -0.002], 60)
([0.6731, -0.3334, 0.8904, -0.658, -0.5385, -0.002], 61)
([0.6731, -0.3586, 0.8679, -0.7408, -0.6137, -0.002], 61)
([0.6088, -0.3843, 0.8449, -0.8436, -0.6996, -0.002], 61)
([0.5453, -0.41, 0.8449, -0.9602, -0.7978, -0.002], 61)
([0.481, -0.41, 0.8235, -1.0353, -0.8622, -0.002], 61)
([0.481, -0.4362, 0.7994, -1.1351, -0.9512, -0.002], 61)
([0.4167, -0.4614, 0.777, -1.2685, -1.0631, -0.002], 61)
([0.3568, -0.4852, 0.777, -1.3161, -1.1061, -0.002], 61)
([0.3026, -0.5068, 0.756, -1.4372, -1.2089, -0.002], 61)
([0.2542, -0.5068, 0.7376, -1.5063, -1.2702, -0.002], 61)
([0.2542, -0.5265, 0.7213, -1.586, -1.35, -0.002], 61)
([0.2116, -0.5435, 0.707, -1.6275, -1.3899, -0.002], 61)
([0.1741, -0.5586, 0.707, -1.6781, -1.4405, -0.002], 61)
([0.143, -0.5586, 0.6947, -1.721, -1.4773, -0.002], 61)
([0.143, -0.5701, 0.6845, -1.7532, -1.5111, -0.002], 60)
([0.1213, -0.5783, 0.6784, -1.7655, -1.5218, -0.002], 61)
([0.1076, -0.5829, 0.6784, -1.7686, -1.5264, -0.002], 61)
([0.1018, -0.5829, 0.6743, -1.7686, -1.5264, -0.002], 60)
([0.1018, -0.5852, 0.6733, -1.7686, -1.5264, -0.0071], 60)
([0.0997, -0.5861, 0.6728, -1.7686, -1.5218, -0.002], 61)
([0.0982, -0.5861, 0.6728, -1.7686, -1.5141, -0.002], 61)
([0.0982, -0.5861, 0.6728, -1.7686, -1.5141, -0.002], 61)
([0.0982, -0.5861, 0.6728, -1.7686, -1.5203, -0.002], 61)
([0.0982, -0.5857, 0.6712, -1.7686, -1.5218, -0.002], 60)
([0.0982, -0.5806, 0.6646, -1.7686, -1.5218, -0.002], 61)
([0.0982, -0.5724, 0.6646, -1.7686, -1.5187, -0.002], 61)
([0.0982, -0.5724, 0.6508, -1.7686, -1.5095, -0.002], 60)
([0.0968, -0.5595, 0.6283, -1.7594, -1.4896, -0.002], 61)
([0.0946, -0.5416, 0.5956, -1.7287, -1.4604, -0.002], 60)
([0.0924, -0.5182, 0.5956, -1.6781, -1.419, -0.002], 61)
([0.0924, -0.5182, 0.5537, -1.6305, -1.396, -0.002], 60)
([0.0896, -0.4898, 0.5027, -1.5906, -1.3531, -0.002], 60)
([0.0852, -0.4573, 0.4434, -1.54, -1.3086, -0.002], 61)
([0.0823, -0.4215, 0.3785, -1.4725, -1.261, -0.002], 61)
([0.0787, -0.3839, 0.3785, -1.425, -1.215, -0.002], 61)
([0.0787, -0.3839, 0.3126, -1.3652, -1.1721, -0.002], 61)
([0.0751, -0.3458, 0.2462, -1.3237, -1.1352, -0.002], 61)
([0.0708, -0.3077, 0.1783, -1.27, -1.0831, -0.002], 60)
([0.0679, -0.2701, 0.1783, -1.2164, -1.0401, -0.002], 61)
([0.0679, -0.2701, 0.1103, -1.1795, -1.0064, -0.002], 61)
([0.065, -0.2325, 0.0419, -1.1274, -0.9604, -0.002], 60)
([0.0636, -0.194, -0.0271, -1.0752, -0.9159, -0.002], 60)
([0.0614, -0.1546, -0.0271, -1.0338, -0.8806, -0.002], 60)
([0.0614, -0.1546, -0.0945, -0.9801, -0.8376, -0.002], 60)
([0.0585, -0.116, -0.1624, -0.9418, -0.8054, -0.002], 60)
([0.0542, -0.0789, -0.2304, -0.8865, -0.7625, -0.002], 61)
([0.0506, -0.0399, -0.2304, -0.8528, -0.7318, -0.002], 61)
([0.0506, -0.0399, -0.2983, -0.793, -0.6827, -0.002], 60)
([0.0484, -0.0014, -0.3658, -0.7577, -0.652, -0.002], 60)
([0.0448, 0.0376, -0.4342, -0.7117, -0.6122, -0.002], 60)
([0.0412, 0.0761, -0.4342, -0.6611, -0.5631, -0.002], 61)
([0.0412, 0.0761, -0.5021, -0.6028, -0.5124, -0.002], 61)
([0.0376, 0.1142, -0.5696, -0.5506, -0.468, -0.0071], 61)
([0.0332, 0.1527, -0.6375, -0.5, -0.4235, -0.002], 61)
([0.0311, 0.1917, -0.706, -0.457, -0.3867, -0.002], 60)
([0.0274, 0.2302, -0.706, -0.4079, -0.3452, -0.002], 60)
([0.0274, 0.2302, -0.7744, -0.3681, -0.31, -0.002], 61)
([0.0238, 0.2683, -0.8418, -0.3159, -0.2655, -0.002], 61)
([0.0202, 0.3068, -0.9103, -0.2714, -0.2287, 0.0031], 61)
([0.0166, 0.3068, -0.9103, -0.2162, -0.1811, -0.002], 61)
([0.0166, 0.3453, -0.9772, -0.1656, -0.1382, -0.002], 61)
([0.013, 0.382, -1.0411, -0.1334, -0.109, -0.002], 61)
([0.0101, 0.4146, -1.0973, -0.0858, -0.0737, -0.002], 61)
([0.0065, 0.4421, -1.0973, -0.0582, -0.0522, -0.002], 61)
([0.0065, 0.4421, -1.1448, -0.0337, -0.0277, -0.002], 61)
([0.0058, 0.4646, -1.1836, -0.0106, -0.0078, -0.002], 60)
([0.0043, 0.4806, -1.2122, 0.0032, 0.0014, -0.002], 61)
([0.0029, 0.493, -1.2122, 0.0078, 0.006, -0.002], 60)
([0.0029, 0.493, -1.2326, 0.0124, 0.0122, -0.002], 61)
([0.0022, 0.4994, -1.2434, 0.0139, 0.0122, -0.002], 65)
([0.0007, 0.4999, -1.248, 0.0139, 0.0122, -0.002], 60)
([0.0007, 0.4999, -1.248, 0.0139, 0.0122, -0.002], 60)
([0.0007, 0.4999, -1.249, 0.0185, 0.0168, -0.002], 60)
([0.0007, 0.4994, -1.2469, 0.0216, 0.0183, -0.002], 60)
([0.0007, 0.4967, -1.2423, 0.0216, 0.0183, -0.002], 61)
([0.0014, 0.4949, -1.2423, 0.0216, 0.0183, -0.002], 61)
([0.0014, 0.4949, -1.2275, 0.0216, 0.0183, -0.002], 61)
([0.0022, 0.4875, -1.2035, 0.0216, 0.0183, -0.002], 61)
([0.0022, 0.4774, -1.1734, 0.0216, 0.0183, -0.002], 61)
([0.0014, 0.4623, -1.1315, 0.0216, 0.0183, -0.002], 60)
([0.0014, 0.4426, -1.1315, 0.0216, 0.0183, -0.002], 61)
([0.0022, 0.4426, -1.0799, 0.0216, 0.0183, -0.002], 61)
([0.0022, 0.4196, -1.0201, 0.0216, 0.0183, -0.002], 61)
([0.0014, 0.394, -0.9558, 0.0216, 0.0183, -0.002], 61)
([0.0014, 0.3674, -0.8899, 0.02, 0.0168, -0.002], 61)
([0.0014, 0.3674, -0.8899, 0.02, 0.0152, -0.002], 60)
([0.0014, 0.3398, -0.8224, 0.02, 0.0152, -0.002], 60)
([0.0014, 0.3128, -0.7545, 0.02, 0.0137, -0.002], 61)
([0.0014, 0.2853, -0.7545, 0.0185, 0.0091, -0.002], 60)
([0.0007, 0.2853, -0.686, 0.017, 0.0076, -0.002], 60)
([0.0007, 0.2582, -0.6171, 0.017, 0.0076, -0.002], 60)
([0.0007, 0.2307, -0.5497, 0.017, 0.006, -0.002], 60)
([0.0007, 0.2032, -0.5497, 0.0139, 0.006, -0.002], 60)
([0.0007, 0.2032, -0.4822, 0.0139, 0.0045, -0.002], 60)
([0.0007, 0.1757, -0.4143, 0.0124, 0.003, -0.002], 60)
([0.0007, 0.1481, -0.3463, 0.0093, 0.003, -0.002], 61)
([0.0007, 0.1206, -0.2784, 0.0062, 0.003, -0.002], 61)
([0.0, 0.094, -0.2784, 0.0032, 0.003, -0.002], 61)
([0.0, 0.094, -0.2135, 0.0032, 0.003, -0.002], 61)
([0.0, 0.0702, -0.1548, 0.0016, 0.003, -0.002], 61)
([0.0, 0.0504, -0.1078, 0.0016, 0.0014, -0.002], 61)
([0.0, 0.0353, -0.1078, 0.0016, -0.0032, -0.002], 60)
([0.0, 0.0353, -0.071, 0.0016, -0.0032, -0.002], 61)
([0.0, 0.0229, -0.0419, 0.0016, -0.0032, -0.002], 61)
([0.0, 0.0138, -0.0215, 0.0016, -0.0032, -0.002], 61)
([0.0, 0.0087, -0.0107, 0.0016, -0.0032, -0.002], 60)
([0.0, 0.0087, -0.0107, 0.0016, -0.0032, -0.002], 61)
([0.0, 0.0069, -0.0061, -0.0014, -0.0032, -0.002], 60)
([0.0, 0.006, -0.0041, -0.0014, -0.0032, -0.002], 60)
([0.0, 0.0069, -0.0056, -0.0014, -0.0032, -0.002], 61)
([0.0, 0.0069, -0.0056, -0.0014, -0.0032, -0.002], 61)
([0.0, 0.0046, -0.0046, -0.0014, -0.0032, -0.002], 60)
([0.0, 0.0046, -0.0036, -0.0014, -0.0032, -0.002], 60)
([0.0, 0.0037, -0.0031, -0.0014, -0.0032, -0.002], 61)
([0.0, 0.0037, -0.0031, -0.0014, -0.0032, -0.002], 60)
([0.0, 0.0032, -0.0026, -0.0014, -0.0032, -0.002], 61)
([0.0, 0.0037, -0.0031, -0.0014, -0.0032, -0.002], 61)
([0.0, 0.0064, -0.0077, -0.003, -0.0032, -0.002], 60)
([0.0, 0.0124, -0.0204, -0.003, -0.0032, -0.002], 60)
([0.0, 0.0124, -0.0204, -0.003, -0.0032, -0.002], 61)
([0.0, 0.0211, -0.0414, -0.0045, -0.0032, -0.002], 61)
([0.0, 0.0326, -0.0695, -0.0045, -0.0032, -0.002], 61)
([0.0, 0.0472, -0.1073, -0.0045, -0.0032, -0.002], 60)
([0.0, 0.0472, -0.1073, -0.0045, -0.0032, -0.002], 60)
([0.0, 0.066, -0.1558, -0.0045, -0.0032, -0.002], 60)
([0.0, 0.0885, -0.214, -0.0045, -0.0032, -0.002], 60)
([0.0, 0.1133, -0.2774, -0.0045, -0.0032, -0.002], 60)
([0.0, 0.1133, -0.2774, -0.0045, -0.0032, -0.002], 61)
([0.0, 0.1394, -0.3428, -0.0045, -0.0032, -0.002], 60)
([0.0, 0.1665, -0.4102, -0.0045, -0.0032, -0.002], 61)
([0.0, 0.1935, -0.4781, -0.0045, -0.0032, -0.002], 60)
([0.0, 0.1935, -0.4781, -0.0045, -0.0032, -0.002], 60)
([0.0, 0.2211, -0.544, -0.0045, -0.0032, -0.002], 60)
([0.0, 0.2481, -0.613, -0.0045, -0.0032, -0.002], 61)
([0.0, 0.2752, -0.682, -0.0045, -0.0032, -0.002], 61)
([0.0, 0.3022, -0.7504, -0.0045, -0.0032, -0.002], 61)
([0.0, 0.3022, -0.7504, -0.0045, -0.0032, -0.002], 61)
([0.0, 0.3293, -0.8189, -0.0045, -0.0032, -0.002], 61)
([0.0, 0.3564, -0.8863, -0.0045, -0.0032, -0.002], 61)
([0.0, 0.3834, -0.9532, -0.0045, -0.0032, -0.002], 61)
([0.0, 0.3834, -0.9532, -0.0045, -0.0016, -0.002], 61)
([0.0, 0.41, -1.0196, -0.0045, -0.0016, -0.002], 60)
([0.0, 0.4343, -1.0804, -0.0045, -0.0032, -0.002], 61)
([0.0, 0.4554, -1.0804, -0.0045, -0.0032, -0.002], 60)
([0.0, 0.4554, -1.132, -0.0045, -0.0032, -0.002], 60)
([0.0, 0.4715, -1.1718, -0.003, -0.0032, -0.002], 60)
([0.0, 0.4839, -1.2035, -0.003, -0.0032, -0.002], 60)
([0.0, 0.4939, -1.2275, -0.003, -0.0032, -0.002], 60)
([0.0, 0.4939, -1.2275, -0.003, -0.0032, -0.002], 60)
([0.0, 0.4999, -1.2408, -0.0014, -0.0016, -0.002], 61)
([0.0, 0.5004, -1.2469, -0.0014, -0.0016, -0.002], 61)
([0.0, 0.5004, -1.2469, -0.0014, -0.0016, -0.002], 61)
([0.0, 0.4999, -1.2495, -0.0014, -0.0016, -0.002], 60)
([0.0, 0.4999, -1.249, -0.0014, -0.0016, -0.002], 61)
([0.0, 0.4994, -1.2474, -0.0014, -0.0016, -0.002], 61)
([0.0029, 0.4962, -1.2398, -0.0014, -0.0016, -0.002], 60)
([0.0094, 0.4935, -1.2229, -0.0014, -0.0016, -0.002], 61)
([0.0188, 0.4935, -1.2229, -0.0014, -0.0016, -0.002], 61)
([0.0188, 0.4889, -1.1989, -0.0014, -0.0016, -0.002], 60)
([0.0325, 0.4793, -1.1647, -0.0014, -0.0016, -0.002], 61)
([0.0506, 0.466, -1.1208, -0.0014, -0.0016, -0.002], 60)
([0.0729, 0.466, -1.1208, -0.0014, -0.0016, -0.002], 60)
([0.0729, 0.449, -1.0666, -0.0014, -0.0016, -0.002], 61)
([0.0997, 0.4293, -1.0048, -0.0014, -0.0016, -0.002], 60)
([0.1293, 0.4077, -0.9399, -0.0014, -0.0016, -0.002], 60)
([0.1582, 0.4077, -0.9399, -0.0014, -0.0016, -0.002], 61)
([0.1582, 0.3857, -0.8735, -0.0014, -0.0016, -0.002], 61)
([0.1885, 0.3632, -0.8066, -0.0014, -0.0016, -0.002], 61)
([0.2188, 0.3408, -0.7387, -0.0014, -0.0016, -0.002], 61)
([0.2484, 0.3408, -0.7387, -0.0014, -0.0016, -0.002], 61)
([0.2484, 0.3178, -0.6702, -0.0014, -0.0016, -0.002], 61)
([0.2788, 0.2958, -0.6012, -0.0014, -0.0016, -0.002], 61)
([0.3084, 0.2733, -0.5343, -0.0014, -0.0032, -0.002], 61)
([0.338, 0.2509, -0.5343, -0.0014, -0.0032, -0.002], 61)
([0.3676, 0.2509, -0.4659, -0.0014, -0.0032, -0.002], 61)
([0.3676, 0.2284, -0.3984, -0.0014, -0.0032, -0.002], 61)
([0.3972, 0.2055, -0.3305, -0.0014, -0.0032, -0.002], 61)
([0.4268, 0.1825, -0.2621, -0.0014, -0.0032, -0.002], 61)
([0.4572, 0.1825, -0.2621, -0.0014, -0.0032, -0.002], 61)
([0.4572, 0.1601, -0.1941, -0.0014, -0.0032, -0.002], 61)
([0.4875, 0.1371, -0.1267, -0.0014, -0.0032, -0.002], 60)
([0.5171, 0.1147, -0.0587, -0.0014, -0.0032, -0.002], 60)
([0.5474, 0.1147, -0.0587, -0.0014, -0.0032, -0.002], 60)
([0.5474, 0.0922, 0.0092, -0.0014, -0.0016, -0.002], 60)
([0.577, 0.0697, 0.0782, 0.0001, -0.0016, -0.002], 60)
([0.6074, 0.0472, 0.0782, -0.0014, -0.0016, -0.002], 60)
([0.6377, 0.0472, 0.1466, -0.0014, -0.0016, -0.002], 60)
([0.6377, 0.0248, 0.2145, -0.0014, -0.0016, -0.002], 60)
([0.6673, 0.0018, 0.2825, -0.0014, -0.0016, -0.002], 60)
([0.6977, -0.0211, 0.3499, 0.0001, -0.0016, -0.002], 61)
([0.728, -0.0436, 0.4179, -0.0014, -0.0016, -0.002], 61)
([0.7583, -0.0436, 0.4179, 0.0001, -0.0001, -0.002], 61)
([0.7583, -0.066, 0.4858, -0.0014, 0.003, -0.002], 61)
([0.7886, -0.0885, 0.5537, 0.0001, 0.0045, -0.002], 61)
([0.819, -0.1105, 0.6217, -0.0014, 0.006, -0.002], 61)
([0.8493, -0.1105, 0.6217, 0.0001, 0.0045, -0.002], 61)
([0.8493, -0.133, 0.6901, 0.0001, 0.006, -0.002], 61)
([0.8789, -0.1555, 0.7565, 0.0001, 0.006, -0.002], 61)
([0.9071, -0.1757, 0.8178, 0.0001, 0.006, -0.002], 61)
([0.9324, -0.1757, 0.8178, 0.0001, 0.006, -0.002], 61)
([0.9324, -0.1945, 0.872, 0.0001, 0.006, -0.002], 61)
([0.9519, -0.2087, 0.9144, 0.0001, 0.006, -0.002], 61)
([0.9678, -0.2201, 0.9144, 0.0001, 0.006, -0.002], 60)
([0.98, -0.2201, 0.9471, 0.0001, 0.006, -0.002], 61)
([0.98, -0.2289, 0.9716, 0.0001, 0.006, -0.002], 60)
([0.9887, -0.2344, 0.9874, 0.0001, 0.006, -0.002], 60)
([0.9923, -0.2367, 0.9941, 0.0001, 0.006, -0.002], 61)
([0.9938, -0.2367, 0.9941, 0.0001, 0.006, -0.002], 61)
([0.9938, -0.2376, 0.9961, 0.0001, 0.006, -0.002], 61)
([0.993, -0.2367, 0.9946, 0.0001, 0.006, -0.002], 61)
([0.9916, -0.2385, 0.993, -0.0014, 0.006, -0.002], 61)
([0.9858, -0.2408, 0.993, -0.003, -0.0016, -0.002], 61)
([0.9858, -0.2408, 0.99, -0.0275, -0.02, -0.002], 60)
([0.9721, -0.2435, 0.9839, -0.0705, -0.0522, -0.002], 60)
([0.9497, -0.2513, 0.9747, -0.118, -0.0875, -0.002], 61)
([0.9179, -0.2637, 0.9747, -0.1671, -0.132, -0.002], 61)
([0.9179, -0.2637, 0.9624, -0.2407, -0.1872, -0.002], 61)
([0.8775, -0.2798, 0.9466, -0.3082, -0.2394, -0.002], 60)
([0.8291, -0.299, 0.9282, -0.4233, -0.3422, -0.002], 61)
([0.772, -0.322, 0.9072, -0.5031, -0.4097, -0.002], 61)
([0.7099, -0.3463, 0.9072, -0.6166, -0.5017, -0.002], 61)
([0.7099, -0.3463, 0.8848, -0.7117, -0.5845, -0.002], 61)
([0.6464, -0.3719, 0.8618, -0.7914, -0.6536, -0.002], 60)
([0.5821, -0.3972, 0.8383, -0.8973, -0.7395, -0.002], 61)
([0.5178, -0.4229, 0.8383, -0.9832, -0.8162, -0.002], 61)
([0.5178, -0.4229, 0.8153, -1.0829, -0.9051, -0.002], 60)
([0.4535, -0.4485, 0.7923, -1.1765, -0.9895, -0.002], 61)
([0.3914, -0.4733, 0.7698, -1.2624, -1.0601, -0.002], 61)
([0.3315, -0.4967, 0.7698, -1.3636, -1.1506, -0.002], 61)
([0.3315, -0.4967, 0.7489, -1.4418, -1.2135, -0.0071], 60)
([0.2788, -0.5173, 0.731, -1.5293, -1.2948, -0.002], 60)
([0.2326, -0.5357, 0.7146, -1.5937, -1.3561, -0.002], 61)
([0.1914, -0.5522, 0.7146, -1.6382, -1.3975, -0.0071], 61)
([0.156, -0.5655, 0.7009, -1.7072, -1.4635, -0.002], 66)
([0.156, -0.5655, 0.6891, -1.7456, -1.4988, -0.002], 61)
([0.1307, -0.5751, 0.6814, -1.7609, -1.5187, -0.002], 61)
([0.1127, -0.5815, 0.6763, -1.7686, -1.5264, -0.002], 61)
([0.1033, -0.5847, 0.6763, -1.7686, -1.5279, -0.002], 61)
([0.1033, -0.5847, 0.6738, -1.7686, -1.5279, -0.002], 60)
([0.1004, -0.5847, 0.6733, -1.7701, -1.5264, -0.002], 61)
([0.1018, -0.5847, 0.6733, -1.7809, -1.5387, -0.002], 61)
([0.104, -0.5815, 0.6702, -1.7824, -1.5387, -0.002], 61)
([0.1076, -0.5815, 0.6702, -1.7824, -1.5387, -0.002], 61)
([0.1076, -0.5747, 0.661, -1.7824, -1.5279, -0.002], 61)
([0.1098, -0.5632, 0.6447, -1.7763, -1.5095, -0.002], 61)
([0.1083, -0.5481, 0.6171, -1.7609, -1.4881, -0.002], 61)
([0.1062, -0.5481, 0.6171, -1.7134, -1.4482, -0.002], 60)
([0.1062, -0.5279, 0.5808, -1.6765, -1.4267, -0.002], 61)
([0.1026, -0.5022, 0.5348, -1.629, -1.396, -0.002], 61)
([0.0989, -0.4719, 0.4797, -1.5876, -1.3515, -0.002], 61)
([0.0953, -0.4719, 0.4797, -1.5416, -1.3209, -0.002], 60)
([0.0953, -0.4375, 0.4173, -1.4971, -1.2917, -0.002], 60)
([0.0903, -0.4008, 0.3514, -1.4342, -1.2165, -0.002], 60)
([0.0874, -0.3632, 0.2856, -1.3851, -1.1828, -0.002], 60)
([0.0831, -0.3632, 0.2856, -1.3253, -1.1383, -0.002], 60)
([0.0831, -0.3252, 0.2181, -1.2838, -1.103, -0.002], 61)
([0.0787, -0.288, 0.1502, -1.2256, -1.0509, -0.002], 61)
([0.0751, -0.25, 0.0812, -1.1857, -1.0141, -0.002], 61)
([0.0715, -0.25, 0.0812, -1.1335, -0.9711, -0.002], 61)
([0.0672, -0.2123, 0.0133, -1.0691, -0.9159, -0.002], 61)
([0.0672, -0.1734, -0.0552, -1.0277, -0.8806, -0.002], 61)
([0.0636, -0.1348, -0.1226, -0.9755, -0.8376, -0.002], 61)
([0.0585, -0.0972, -0.1905, -0.928, -0.7947, -0.002], 61)
([0.0556, -0.0972, -0.1905, -0.885, -0.7579, -0.002], 60)
([0.0556, -0.0596, -0.258, -0.8467, -0.7241, -0.002], 61)
([0.0513, -0.0211, -0.3259, -0.7991, -0.6919, -0.002], 61)
([0.0477, 0.0174, -0.3933, -0.7531, -0.6474, -0.002], 60)
([0.0455, 0.0174, -0.3933, -0.7025, -0.6045, -0.002], 60)
([0.0455, 0.056, -0.4608, -0.6472, -0.5539, -0.002], 60)
([0.0426, 0.094, -0.5287, -0.5982, -0.5094, -0.002], 60)
([0.0397, 0.1321, -0.5966, -0.5613, -0.4787, -0.002], 61)
([0.0361, 0.1321, -0.5966, -0.5107, -0.4327, -0.002], 60)
([0.0361, 0.1711, -0.6656, -0.4693, -0.3989, -0.002], 60)
([0.0325, 0.2096, -0.7341, -0.4172, -0.3544, -0.002], 61)
([0.0289, 0.2481, -0.8025, -0.3742, -0.3176, -0.002], 61)
([0.0246, 0.2481, -0.8025, -0.3205, -0.2716, -0.002], 61)
([0.0246, 0.2857, -0.871, -0.2776, -0.2363, -0.002], 61)
([0.0209, 0.3242, -0.9379, -0.2193, -0.1857, -0.002], 61)
([0.0166, 0.3619, -1.0028, -0.1686, -0.1412, -0.002], 61)
([0.0123, 0.3963, -1.0641, -0.1288, -0.1059, -0.002], 61)
([0.0101, 0.3963, -1.0641, -0.0873, -0.0753, -0.002], 61)
([0.0101, 0.427, -1.1172, -0.0505, -0.043, -0.002], 61)
([0.0072, 0.4522, -1.1616, -0.0306, -0.0246, -0.002], 60)
([0.0051, 0.4719, -1.1964, -0.0122, -0.0093, -0.002], 61)
([0.0036, 0.4719, -1.1964, 0.0016, 0.0014, -0.002], 61)
([0.0036, 0.4866, -1.2214, 0.0093, 0.0091, -0.002], 61)
([0.0022, 0.4962, -1.2377, 0.0124, 0.0122, -0.002], 60)
([0.0014, 0.4999, -1.2377, 0.0139, 0.0122, -0.002], 60)
([0.0007, 0.4999, -1.2454, 0.0139, 0.0122, -0.002], 60)
([0.0007, 0.4999, -1.2485, 0.0139, 0.0122, -0.002], 61)
([0.0, 0.4999, -1.249, 0.0139, 0.0137, -0.002], 61)
([0.0007, 0.4999, -1.248, 0.017, 0.0152, -0.002], 61)
([0.0007, 0.4999, -1.248, 0.017, 0.0168, -0.002], 60)
([0.0007, 0.4976, -1.2449, 0.017, 0.0168, -0.002], 60)
([0.0007, 0.4953, -1.2331, 0.017, 0.0168, -0.002], 61)
([0.0007, 0.4903, -1.2117, 0.0185, 0.0168, -0.002], 61)
([0.0, 0.4806, -1.1841, 0.0185, 0.0168, -0.002], 61)
([0.0, 0.4806, -1.1841, 0.0185, 0.0168, -0.002], 60)
([0.0, 0.4673, -1.1463, 0.0185, 0.0168, -0.002], 61)
([0.0007, 0.449, -1.0978, 0.0185, 0.0168, -0.002], 60)
([0.0007, 0.4265, -1.0406, 0.0185, 0.0168, -0.002], 61)
([0.0007, 0.4265, -1.0406, 0.0185, 0.0168, -0.002], 60)
([0.0007, 0.4018, -0.9767, 0.0185, 0.0168, -0.002], 61)
([0.0007, 0.3752, -0.9108, 0.0185, 0.0168, -0.002], 61)
([0.0007, 0.3481, -0.8439, 0.0185, 0.0152, -0.002], 61)
([0.0007, 0.3481, -0.8439, 0.017, 0.0152, -0.002], 61)
([0.0007, 0.3206, -0.7759, 0.017, 0.0152, -0.002], 61)
([0.0007, 0.2931, -0.7075, 0.017, 0.0091, -0.002], 61)
([0.0007, 0.266, -0.6385, 0.017, 0.0091, -0.002], 61)
([0.0, 0.266, -0.6385, 0.0154, 0.0076, -0.002], 60)
([0.0, 0.2389, -0.5706, 0.0154, 0.0076, -0.002], 60)
([0.0, 0.2114, -0.5032, 0.0154, 0.006, -0.002], 60)
([0.0, 0.1839, -0.4362, 0.0154, 0.006, -0.002], 60)
([0.0, 0.1839, -0.4362, 0.0139, 0.0045, -0.002], 61)
([0.0, 0.1559, -0.3673, 0.0124, 0.003, -0.002], 61)
([0.0, 0.1284, -0.2999, 0.0124, 0.003, -0.002], 66)
([0.0, 0.1023, -0.234, 0.0108, 0.003, -0.002], 60)
([0.0, 0.078, -0.1737, 0.0078, 0.003, -0.002], 60)
([0.0, 0.078, -0.1737, 0.0047, 0.003, -0.002], 60)
([0.0, 0.0569, -0.1231, 0.0047, 0.003, -0.002], 61)
([0.0, 0.0404, -0.0833, 0.0032, -0.0016, -0.002], 61)
([0.0, 0.0271, -0.0516, 0.0016, -0.0032, -0.002], 60)
([0.0, 0.0271, -0.0516, 0.0016, -0.0032, -0.002], 61)
([0.0, 0.017, -0.0281, 0.0016, -0.0032, -0.002], 60)
([0.0, 0.0101, -0.0133, 0.0016, -0.0032, -0.002], 60)
([0.0, 0.0073, -0.0072, 0.0016, -0.0032, -0.002], 60)
([0.0, 0.0073, -0.0072, 0.0001, -0.0032, -0.002], 60)
([0.0, 0.006, -0.0046, 0.0001, -0.0032, -0.002], 60)
([0.0, 0.006, -0.0046, -0.0014, -0.0032, -0.002], 61)
([0.0, 0.0046, -0.0031, -0.0014, -0.0032, -0.002], 61)
([0.0, 0.0037, -0.0031, -0.0014, -0.0032, -0.002], 61)
([0.0, 0.0037, -0.0015, -0.0014, -0.0032, -0.002], 60)
([0.0, 0.0018, -0.0015, -0.0014, -0.0032, -0.002], 60)
([0.0, 0.0, 0.0005, -0.0014, -0.0032, -0.002], 60)
([0.0, 0.0014, 0.0005, -0.0014, -0.0032, -0.002], 60)
([0.0, 0.0014, -0.0015, -0.0014, -0.0032, -0.002], 61)
([0.0, 0.0023, -0.0036, -0.0014, -0.0032, -0.002], 61)
([0.0, 0.0073, -0.0123, -0.0014, -0.0032, -0.002], 61)
([0.0, 0.0156, -0.0306, -0.0014, -0.0032, -0.002], 61)
([0.0, 0.0252, -0.0306, -0.0014, -0.0032, -0.002], 61)
([0.0, 0.0252, -0.0552, -0.003, -0.0032, -0.002], 61)
([0.0, 0.0385, -0.0884, -0.003, -0.0032, -0.002], 60)
([0.0, 0.056, -0.1328, -0.0014, -0.0032, -0.002], 61)
([0.0, 0.0775, -0.1328, -0.003, -0.0032, -0.002], 61)
([0.0, 0.0775, -0.1885, -0.003, -0.0032, -0.002], 60)
([0.0, 0.1018, -0.2508, -0.003, -0.0032, -0.002], 60)
([0.0, 0.128, -0.3162, -0.003, -0.0032, -0.002], 60)
([0.0, 0.155, -0.3162, -0.003, -0.0032, -0.002], 61)
([0.0, 0.155, -0.3836, -0.003, -0.0032, -0.002], 60)
([0.0, 0.1821, -0.4511, -0.003, -0.0032, -0.002], 61)
([0.0, 0.2096, -0.5185, -0.003, -0.0032, -0.002], 60)
([0.0, 0.2367, -0.5185, -0.003, -0.0032, -0.002], 60)
([0.0, 0.2367, -0.5859, -0.003, -0.0032, -0.002], 61)
([0.0, 0.2637, -0.6544, -0.003, -0.0032, -0.002], 61)
([0.0, 0.2908, -0.7223, -0.003, -0.0032, -0.002], 61)
([0.0, 0.3178, -0.7223, -0.003, -0.0032, -0.002], 61)
([0.0, 0.3178, -0.7913, -0.003, -0.0032, -0.002], 61)
([0.0, 0.3449, -0.8587, -0.003, -0.0032, -0.002], 61)
([0.0, 0.3729, -0.9266, -0.003, -0.0032, 0.0031], 61)
([0.0, 0.3995, -0.9936, -0.003, -0.0032, -0.002], 61)
([0.0, 0.4251, -0.9936, -0.003, -0.0032, -0.002], 61)
([0.0, 0.4251, -1.0569, -0.003, -0.0032, -0.002], 60)
([0.0, 0.4472, -1.1126, -0.003, -0.0032, -0.002], 60)
([0.0, 0.465, -1.1555, -0.003, -0.0032, -0.002], 61)
([0.0, 0.4793, -1.1555, -0.003, -0.0032, -0.002], 60)
([0.0, 0.4793, -1.1902, -0.003, -0.0032, -0.002], 61)
([0.0, 0.4907, -1.2178, -0.003, -0.0032, -0.002], 61)
([0.0, 0.4981, -1.2362, -0.003, -0.0016, -0.002], 61)
([0.0, 0.4999, -1.2362, -0.003, -0.0016, -0.002], 61)
([0.0, 0.4999, -1.2449, -0.003, -0.0032, -0.002], 60)
([0.0, 0.4999, -1.2485, -0.003, -0.0016, -0.002], 60)
([0.0, 0.4999, -1.2495, -0.003, -0.0016, -0.002], 61)
([0.0, 0.4999, -1.2495, -0.003, -0.0016, -0.002], 60)
([0.0014, 0.4999, -1.249, -0.003, -0.0016, -0.002], 60)
([0.0014, 0.4967, -1.2444, -0.003, -0.0016, -0.002], 60)
([0.0058, 0.4949, -1.2306, -0.003, -0.0016, -0.002], 60)
([0.0152, 0.4912, -1.2081, -0.003, -0.0016, -0.002], 61)
([0.0274, 0.4829, -1.2081, -0.003, -0.0016, -0.002], 61)
([0.0426, 0.4829, -1.1785, -0.003, -0.0016, -0.002], 61)
([0.0426, 0.471, -1.1386, -0.003, -0.0016, -0.002], 61)
([0.0636, 0.4559, -1.0896, -0.003, -0.0016, -0.002], 61)
([0.0888, 0.4371, -1.0896, -0.003, -0.0016, -0.002], 61)
([0.1163, 0.4371, -1.0293, -0.003, -0.0016, -0.002], 60)
([0.1163, 0.4164, -0.965, -0.003, -0.0016, -0.002], 61)
([0.1459, 0.3944, -0.8996, -0.003, -0.0016, -0.002], 61)
([0.1762, 0.3719, -0.8996, -0.003, -0.0016, -0.002], 60)
([0.2066, 0.3719, -0.8321, -0.003, -0.0016, -0.002], 60)
([0.2066, 0.3495, -0.7642, -0.003, -0.0016, -0.002], 60)
([0.2362, 0.327, -0.6963, -0.003, -0.0032, -0.002], 60)
([0.2665, 0.3041, -0.6963, -0.003, -0.0016, -0.002], 61)
([0.2961, 0.3041, -0.6278, -0.003, -0.0016, -0.002], 60)
([0.2961, 0.2816, -0.5594, -0.003, -0.0032, -0.002], 61)
([0.3257, 0.2591, -0.4914, -0.003, -0.0032, -0.002], 60)
([0.356, 0.2367, -0.4914, -0.003, -0.0032, -0.002], 61)
([0.3864, 0.2367, -0.424, -0.003, -0.0032, -0.002], 61)
([0.4153, 0.2137, -0.3555, -0.003, -0.0032, -0.002], 61)
([0.4153, 0.1912, -0.2881, -0.003, -0.0032, -0.002], 61)
([0.4456, 0.1688, -0.2202, -0.003, -0.0032, -0.002], 61)
([0.4752, 0.1458, -0.2202, -0.003, -0.0032, -0.002], 60)
([0.4752, 0.1458, -0.1522, -0.003, -0.0032, -0.002], 61)
([0.5055, 0.1229, -0.0848, -0.003, -0.0032, -0.002], 61)
([0.5359, 0.1004, -0.0169, -0.003, -0.0032, -0.002], 61)
([0.5655, 0.0784, -0.0169, -0.003, -0.0032, -0.002], 60)
([0.5951, 0.0784, 0.0516, -0.003, -0.0032, -0.002], 60)
([0.5951, 0.056, 0.12, -0.003, -0.0032, -0.002], 61)
([0.6254, 0.0335, 0.188, -0.003, -0.0032, -0.002], 60)
([0.6558, 0.0105, 0.188, -0.003, -0.0032, -0.002], 60)
([0.6861, 0.0105, 0.2564, -0.0014, -0.0032, -0.002], 61)
([0.6861, -0.0124, 0.3234, -0.0014, -0.0032, -0.002], 61)
([0.7164, -0.0353, 0.3908, -0.0014, -0.0032, -0.002], 61)
([0.7468, -0.0573, 0.3908, -0.0014, -0.0032, -0.002], 61)
([0.7771, -0.0573, 0.4587, -0.0014, -0.0016, -0.002], 61)
([0.7771, -0.0798, 0.5267, 0.0001, -0.0016, -0.002], 61)
([0.8074, -0.1023, 0.5951, 0.0001, -0.0016, -0.002], 61)
([0.8378, -0.1243, 0.6641, 0.0001, -0.0016, -0.002], 61)
([0.8674, -0.1468, 0.6641, 0.0001, -0.0016, -0.002], 61)
([0.8963, -0.1468, 0.731, 0.0001, -0.0001, -0.002], 61)
([0.8963, -0.1683, 0.7938, 0.0001, 0.0014, -0.002], 60)
([0.923, -0.188, 0.8516, 0.0001, 0.003, -0.002], 61)
([0.9446, -0.2041, 0.8516, 0.0001, 0.0045, -0.002], 61)
([0.962, -0.2041, 0.8991, 0.0001, 0.006, -0.002], 61)
([0.962, -0.2165, 0.9353, 0.0001, 0.006, -0.002], 61)
([0.9757, -0.2261, 0.9634, 0.0001, 0.006, -0.002], 61)
([0.9851, -0.2325, 0.9634, 0.0001, 0.006, -0.002], 61)
([0.9909, -0.2362, 0.9823, 0.0001, 0.006, -0.002], 74)
([0.993, -0.2362, 0.992, 0.0001, 0.006, -0.002], 60)
([0.993, -0.2376, 0.9961, 0.0001, 0.006, -0.002], 60)
([0.9938, -0.2367, 0.9941, 0.0001, 0.006, -0.002], 60)
([0.9923, -0.2376, 0.9941, 0.0001, 0.006, -0.002], 60)
([0.9865, -0.2376, 0.992, 0.0001, 0.006, -0.002], 60)
([0.9865, -0.2389, 0.9885, -0.0152, -0.0047, -0.002], 61)
([0.9743, -0.2417, 0.9828, -0.049, -0.0308, -0.002], 61)
([0.9526, -0.25, 0.9828, -0.0858, -0.0599, -0.0071], 61)
([0.9223, -0.25, 0.9741, -0.1518, -0.1121, -0.002], 61)
([0.9223, -0.2614, 0.9629, -0.2039, -0.155, -0.002], 60)
([0.884, -0.2766, 0.9481, -0.2806, -0.2164, -0.002], 61)
([0.8363, -0.2958, 0.9481, -0.3543, -0.2762, -0.002], 61)
([0.7807, -0.2958, 0.9297, -0.4478, -0.3575, -0.002], 60)
([0.7807, -0.3178, 0.9093, -0.523, -0.4189, -0.002], 61)
([0.7193, -0.3421, 0.8873, -0.6549, -0.5324, -0.002], 61)
([0.6565, -0.3674, 0.8643, -0.7316, -0.6045, -0.002], 61)
([0.5929, -0.393, 0.8643, -0.8421, -0.6981, -0.002], 61)
([0.5279, -0.393, 0.8413, -0.9295, -0.7686, -0.002], 60)
([0.5279, -0.4183, 0.8183, -1.0338, -0.8607, -0.002], 60)
([0.4637, -0.444, 0.7948, -1.1427, -0.9604, -0.002], 61)
([0.4008, -0.4692, 0.7948, -1.2256, -1.0325, -0.002], 60)
([0.4008, -0.4692, 0.7724, -1.3099, -1.103, -0.002], 60)
([0.3409, -0.493, 0.7519, -1.4112, -1.1859, -0.002], 61)
([0.2867, -0.5141, 0.733, -1.4848, -1.2488, 0.0031], 61)
([0.2398, -0.5329, 0.733, -1.5615, -1.327, -0.002], 61)
([0.1979, -0.5329, 0.7172, -1.6137, -1.3822, 0.0031], 60)
([0.1979, -0.5476, 0.7029, -1.6643, -1.4252, -0.002], 60)
([0.1611, -0.5632, 0.6906, -1.7149, -1.4696, -0.002], 60)
([0.1336, -0.5737, 0.6906, -1.7471, -1.5034, -0.002], 61)
([0.1336, -0.5737, 0.682, -1.7609, -1.5187, -0.002], 61)
([0.1148, -0.5806, 0.6768, -1.7671, -1.5264, -0.002], 61)
([0.0852, -0.4059, 0.3637, -1.4357, -1.2257, 0.0031], 948)
([0.0809, -0.3683, 0.2978, -1.3636, -1.169, -0.002], 77)
([0.078, -0.3302, 0.2299, -1.3115, -1.126, -0.002], 75)
([0.0737, -0.2921, 0.1609, -1.2532, -1.0693, -0.002], 60)
([0.0701, -0.2921, 0.1609, -1.201, -1.0294, -0.002], 60)
([0.0701, -0.255, 0.093, -1.1627, -0.9972, -0.002], 61)
([0.0664, -0.2174, 0.0245, -1.109, -0.9481, -0.002], 60)
([0.0628, -0.1789, -0.0434, -1.0522, -0.9005, -0.002], 72)
([0.0599, -0.1399, -0.1114, -0.9893, -0.8453, -0.002], 77)
([0.0556, -0.1023, -0.1788, -0.9341, -0.8008, 0.0031], 67)
([0.0513, -0.1023, -0.1788, -0.8942, -0.7671, -0.002], 61)
([0.0513, -0.0647, -0.2467, -0.8451, -0.7241, -0.002], 61)
([0.0484, -0.0271, -0.3142, -0.796, -0.6827, -0.002], 60)
([0.0441, 0.0124, -0.3821, -0.7531, -0.6444, -0.002], 61)
([0.0404, 0.0124, -0.3821, -0.7025, -0.6029, -0.002], 61)
([0.0404, 0.0509, -0.4506, -0.6657, -0.5707, -0.002], 61)
([0.0376, 0.089, -0.518, -0.6135, -0.5232, -0.002], 61)
([0.0325, 0.1266, -0.5859, -0.5506, -0.468, -0.002], 61)
([0.0296, 0.1656, -0.6544, -0.5092, -0.4311, 0.0031], 61)
([0.026, 0.1656, -0.6544, -0.454, -0.3867, -0.002], 60)
([0.026, 0.2041, -0.7228, -0.4125, -0.3498, -0.002], 60)
([0.0231, 0.2422, -0.7908, -0.3604, -0.3038, -0.002], 61)
([0.0188, 0.2802, -0.8592, -0.3236, -0.2716, -0.002], 60)
([0.0152, 0.2802, -0.8592, -0.2684, -0.2256, -0.002], 60)
([0.0152, 0.3183, -0.9266, -0.2223, -0.1857, -0.002], 60)
([0.0116, 0.3559, -0.9925, -0.1702, -0.1443, -0.002], 61)
([0.0079, 0.3917, -1.0549, -0.1242, -0.1044, -0.002], 61)
([0.0058, 0.3917, -1.0549, -0.0904, -0.0768, -0.002], 61)
([0.0058, 0.4229, -1.1095, -0.0567, -0.0522, -0.002], 60)
([0.0036, 0.449, -1.1555, -0.0383, -0.0323, -0.002], 61)
([0.0022, 0.4696, -1.1918, -0.0122, -0.0108, -0.002], 61)
([0.0007, 0.4696, -1.1918, 0.0016, -0.0001, -0.002], 61)
([0.0007, 0.4848, -1.2178, 0.0093, 0.0076, -0.002], 61)
([0.0007, 0.4949, -1.2362, 0.0124, 0.0137, -0.002], 61)
([0.0, 0.4999, -1.2449, 0.0139, 0.0137, -0.002], 61)
([0.0, 0.4999, -1.2449, 0.0139, 0.0137, -0.002], 60)
([0.0, 0.4999, -1.2485, 0.0139, 0.0122, -0.002], 61)
([0.0, 0.4999, -1.2485, 0.017, 0.0152, -0.002], 60)
([0.0, 0.4994, -1.248, 0.0185, 0.0183, -0.002], 60)
([0.0, 0.4972, -1.248, 0.02, 0.0183, -0.002], 60)
([0.0, 0.4972, -1.2434, 0.02, 0.0183, 0.0031], 61)
([0.0, 0.4939, -1.228, 0.0216, 0.0183, -0.002], 61)
([0.0, 0.4871, -1.2035, 0.0216, 0.0183, -0.002], 60)
([0.0, 0.477, -1.2035, 0.0216, 0.0183, -0.002], 61)
([0.0, 0.477, -1.1729, 0.0216, 0.0183, -0.002], 61)
([0.0, 0.4609, -1.1305, 0.0216, 0.0183, -0.002], 61)
([0.0, 0.4417, -1.0789, 0.0216, 0.0183, -0.002], 61)
([0.0, 0.4183, -1.0196, 0.0216, 0.0183, -0.002], 61)
([0.0, 0.393, -1.0196, 0.02, 0.0183, -0.002], 61)
([0.0, 0.393, -0.9558, 0.02, 0.0168, -0.002], 61)
([0.0, 0.366, -0.8894, 0.02, 0.0152, -0.002], 60)
([0.0, 0.3389, -0.8224, 0.02, 0.0137, -0.002], 61)
([0.0, 0.3114, -0.8224, 0.02, 0.0122, -0.002], 60)
([0.0, 0.3114, -0.754, 0.0185, 0.0091, -0.002], 60)
([0.0, 0.2843, -0.685, 0.0185, 0.0091, -0.002], 61)
([0.0, 0.2568, -0.6166, 0.017, 0.0076, 0.0031], 61)
([0.0, 0.2298, -0.6166, 0.017, 0.0076, -0.002], 61)
([0.0, 0.2298, -0.5486, 0.0139, 0.006, -0.002], 61)
([0.0, 0.2023, -0.4817, 0.0139, 0.0045, -0.002], 61)
([0.0, 0.1743, -0.4138, 0.0124, 0.003, -0.002], 60)
([0.0, 0.1468, -0.4138, 0.0108, 0.003, -0.002], 60)
([0.0, 0.1468, -0.3453, 0.0078, 0.003, 0.0031], 60)
([0.0, 0.1192, -0.2779, 0.0062, 0.003, -0.002], 60)
([0.0, 0.0936, -0.214, 0.0032, 0.003, -0.002], 60)
([0.0, 0.0702, -0.214, 0.0032, 0.003, 0.0031], 61)
([0.0, 0.0504, -0.1558, 0.0016, 0.003, 0.0031], 61)
([0.0, 0.0504, -0.1088, 0.0016, -0.0001, -0.002], 61)
([0.0, 0.0353, -0.0725, 0.0016, -0.0032, 0.0031], 61)
([0.0, 0.0229, -0.0434, 0.0016, -0.0032, 0.0031], 61)
([0.0, 0.0138, -0.0434, 0.0016, -0.0032, -0.002], 60)
([0.0, 0.0138, -0.022, 0.0016, -0.0032, -0.002], 61)
([0.0, 0.0087, -0.0112, 0.0016, -0.0032, -0.002], 61)
([0.0, 0.0069, -0.0061, 0.0001, -0.0032, 0.0031], 60)
([0.0, 0.006, -0.0061, -0.0014, -0.0032, -0.002], 61)
([0.0, 0.006, -0.0041, -0.0014, -0.0032, -0.002], 60)
([0.0, 0.0055, -0.0031, -0.0014, -0.0032, -0.002], 61)
([0.0, 0.0046, -0.0031, -0.0014, -0.0032, -0.002], 60)
([0.0, 0.0041, -0.0031, -0.0014, -0.0032, 0.0031], 61)
([0.0, 0.0041, -0.002, -0.0014, -0.0032, -0.002], 61)
([0.0, 0.0032, -0.0015, -0.0014, -0.0032, -0.002], 61)
([0.0, 0.0009, 0.0, -0.0014, -0.0032, -0.002], 60)
([0.0, 0.0, 0.0, -0.0014, -0.0032, -0.002], 60)
([0.0, 0.0, 0.0005, -0.0014, -0.0032, -0.002], 60)
([0.0, 0.0, 0.001, -0.0014, -0.0032, -0.002], 60)
([0.0, 0.0, 0.001, -0.0014, -0.0032, -0.002], 61)
([0.0, 0.0, 0.001, -0.0014, -0.0032, -0.002], 61)
([0.0, 0.0, 0.001, -0.0014, -0.0032, -0.002], 61)
([0.0, 0.0, 0.001, -0.0014, -0.0032, -0.002], 60)
([0.0, 0.0, 0.001, -0.0014, -0.0032, -0.002], 61)
([0.0, 0.0, 0.001, -0.0014, -0.0032, -0.002], 61)
([0.0, 0.0, 0.001, -0.0014, -0.0032, -0.002], 61)
([0.0, 0.0, 0.001, -0.0014, -0.0032, -0.002], 66)
([0.0, 0.0, 0.001, -0.0014, -0.0032, -0.002], 60)
([0.0, 0.0, 0.001, -0.0014, -0.0032, -0.002], 60)
([0.0, 0.0, 0.001, -0.0014, -0.0032, -0.002], 60)
([0.0, 0.0, 0.001, -0.0014, -0.0032, -0.002], 60)
([0.0, 0.0, 0.001, -0.0014, -0.0032, -0.002], 61)
([0.0, 0.0, 0.001, -0.0014, -0.0032, 0.0031], 60)
([0.0, 0.0, 0.001, -0.0014, -0.0032, -0.002], 61)
([0.0, 0.0, 0.001, -0.0014, -0.0032, -0.002], 61)
([0.0, 0.0, 0.001, -0.0014, -0.0032, -0.002], 60)
([0.0, 0.0, 0.001, -0.0014, -0.0032, -0.002], 61)
([0.0, 0.0, 0.001, -0.0014, -0.0032, 0.0031], 61)
([0.0, 0.0, 0.001, -0.0014, -0.0032, 0.0031], 61)
([0.0, 0.0, 0.001, -0.0014, -0.0032, -0.002], 61)
([0.0, 0.0, 0.001, -0.0014, -0.0032, 0.0031], 60)
([0.0, 0.0, 0.001, -0.0014, -0.0032, -0.002], 61)
([0.0, 0.0, 0.001, -0.0014, -0.0032, -0.002], 60)
([0.0, 0.0, 0.001, -0.0014, -0.0032, -0.002], 61)