# scenario0:
[
 [0, 0, 0, 0,0, 0],
 [0.096,-0.592,0.673, -1.738, -1.499, 0.003],
 [-1.253,-0.592,-0.079,-0.054,-0.750,0.003],
 [2.495, 0.610, 0.074, 1.770, -1.441, 0.003],
 [0.000, 0.500, -1.250, 0.000, -0.003, 0.003],
 [0, 0, 0, 0,0, 0]
]

# scenario1:
[
 [0, 0, 0, 0,0, 0],
 [0.00,0.50,-1.25,0.00,0.00,0.00],
 [0.995, -0.244, 1.0, 0.000, 0.000, -0.007],
 [0.096,-0.592,0.673, -1.738, -1.499, 0.003],
 [0.000, 0.500, -1.250, 0.000, -0.003, 0.003],
 [0, 0, 0, 0,0, 0]
]

# scenario2:
[
 [0.00,0.50,-1.25,0.00,0.00,0.00],
 [0, 0, 0, 0,0, 0],
 [1.253,0.592,-0.079,-0.054,-0.750,0.003],
 [0.096,-0.592,0.673, -1.4, -1.499, 0.003],
 [0.90, 0.5, 0.5,-1.56, 0.0, 0.0],
 [0.000, 0.500, -1.250, 0.000, -0.003, 0.003],
 [0.00,0.50,-1.25,0.00,0.00,0.00]
]      

# scenario3:
[
 [0.00,0.50,-1.25,0.00,0.00,0.00],
 [0, 0, 0, 0,0, 0],
 [1.253,0.592,-0.079,-0.054,-0.750,0.003],
 [0.096,-0.592,0.673, -1.4, -1.499, 0.003],
 [0.90, 0.5, 0.5,-1.56, 0.0, 0.0],
 [0.000, 0.500, -1.250, 0.000, -0.003, 0.003],
 [0.00,0.50,-1.25,0.00,0.00,0.00]
]   

# scenario4:
[
 [0, 0, 0, 0,0, 0],
 [0.00,0.50,-1.25,0.00,0.00,0.00],
 [0.995, -0.244, 1.0, 0.000, 0.000, -0.007],
 [-1.253,-0.592,-0.079,-0.054,-0.750,0.003],
 [0.096,-0.592,0.673, -1.738, -1.499, 0.003],
 [2.495, 0.610, 0.074, 1.770, -1.441, 0.003],
 [0.000, 0.500, -1.250, 0.000, -0.003, 0.003],
 [0.00, 0.20, 0.00, -0.02, -1.56, -0.01],
 [0.00,0.50,-1.25,0.00,0.00,0.00]
]
