[-0.0, -0.0, -0.003, -0.0, -0.0, -0.0] 50.232
[-0.0, 0.051, -0.054, -0.0, -0.0, -0.0] 65.548
[-0.0, 0.102, -0.105, -0.0, -0.0, -0.0] 66.267
[-0.0, 0.154, -0.156, -0.0, -0.0, -0.0] 65.877
[-0.0, 0.205, -0.208, -0.0, -0.0, -0.0] 51.089
[-0.0, 0.256, -0.259, -0.0, -0.0, 0.0] 67.066
[-0.0, 0.307, -0.31, -0.0, -0.0, -0.0] 64.586
[-0.0, 0.358, -0.361, -0.0, -0.0, -0.0] 69.165
[0.0, 0.41, -0.412, -0.0, -0.0, -0.0] 53.427
[0.0, 0.456, -0.464, -0.0, 0.0, -0.0] 61.83
[0.0, 0.48, -0.515, 0.0, 0.0, -0.0] 66.694
[0.0, 0.491, -0.566, 0.0, 0.0, -0.0] 68.434
[0.0, 0.496, -0.617, 0.0, 0.0, -0.0] 64.771
[0.0, 0.498, -0.668, 0.0, 0.0, -0.0] 55.022
[0.0, 0.499, -0.72, 0.0, 0.0, 0.0] 65.419
[0.0, 0.5, -0.771, 0.0, 0.0, -0.0] 63.019
[0.0, 0.5, -0.822, 0.0, 0.0, 0.0] 66.195
[0.0, 0.5, -0.873, 0.0, 0.0, 0.0] 67.14
[0.0, 0.5, -0.924, 0.0, 0.0, 0.0] 82.184
[0.0, 0.5, -0.976, 0.0, 0.0, 0.0] 66.405
[0.0, 0.5, -1.027, 0.0, 0.0, 0.0] 42.113
[0.0, 0.5, -1.078, 0.0, 0.0, 0.0] 58.309
[0.0, 0.5, -1.129, 0.0, 0.0, 0.0] 50.154
[0.0, 0.5, -1.18, 0.0, 0.0, 0.0] 66.732
[0.0, 0.5, -1.218, 0.0, 0.0, 0.0] 67.188
[0.0, 0.5, -1.235, 0.0, 0.0, 0.0] 65.318
[0.0, 0.5, -1.243, 0.0, 0.0, 0.0] 67.294
[0.051, 0.449, -1.192, 0.0, 0.0, -0.004] 66.298
[0.102, 0.398, -1.141, 0.0, 0.0, -0.006] 66.07
[0.154, 0.346, -1.09, 0.0, 0.0, -0.006] 51.365
[0.205, 0.295, -1.038, 0.0, 0.0, -0.007] 66.915
[0.256, 0.244, -0.987, 0.0, 0.0, -0.007] 66.257
[0.307, 0.193, -0.936, 0.0, 0.0, -0.007] 65.865
[0.358, 0.142, -0.885, 0.0, -0.0, -0.007] 66.346
[0.41, 0.09, -0.834, 0.0, -0.0, -0.007] 50.302
[0.461, 0.039, -0.783, 0.0, 0.0, -0.007] 67.012
[0.512, -0.012, -0.731, 0.0, 0.0, -0.007] 66.261
[0.563, -0.063, -0.68, 0.0, 0.0, -0.007] 66.71
[0.614, -0.114, -0.629, 0.0, 0.0, -0.007] 67.208
[0.666, -0.166, -0.578, 0.0, 0.0, -0.007] 66.176
[0.717, -0.208, -0.527, 0.0, -0.0, -0.007] 50.85
[0.768, -0.227, -0.475, 0.0, -0.0, -0.007] 65.749
[0.819, -0.236, -0.424, 0.0, -0.0, -0.007] 49.903
[0.87, -0.24, -0.373, 0.0, -0.0, -0.007] 66.283
[0.922, -0.242, -0.322, 0.0, -0.0, -0.007] 67.416
[0.961, -0.243, -0.271, -0.0, -0.0, -0.007] 65.568
[0.979, -0.244, -0.219, -0.0, 0.0, -0.007] 67.299
[0.988, -0.244, -0.168, -0.0, 0.0, -0.007] 65.117
[0.992, -0.244, -0.117, -0.0, -0.0, -0.007] 67.825
[0.993, -0.244, -0.066, -0.0, -0.0, -0.007] 65.741
[0.994, -0.244, -0.015, -0.0, -0.0, -0.007] 52.385
[0.995, -0.244, 0.037, -0.0, -0.0, -0.007] 65.469
[0.995, -0.244, 0.088, -0.0, -0.0, -0.007] 66.451
[0.995, -0.244, 0.139, -0.0, -0.0, -0.007] 53.745
[0.995, -0.244, 0.19, -0.0, -0.0, -0.007] 80.224
[0.995, -0.244, 0.241, -0.0, -0.0, -0.007] 53.094
[0.995, -0.244, 0.293, -0.0, -0.0, -0.007] 40.445
[0.995, -0.244, 0.344, -0.0, -0.0, -0.007] 71.466
[0.995, -0.244, 0.395, -0.0, -0.0, -0.007] 84.691
[0.995, -0.244, 0.446, -0.0, -0.0, -0.007] 65.639
[0.995, -0.244, 0.497, -0.0, -0.0, -0.007] 54.677
[0.995, -0.244, 0.549, -0.0, -0.0, -0.007] 61.591
[0.995, -0.244, 0.6, -0.0, -0.0, -0.007] 68.361
[0.995, -0.244, 0.651, -0.0, -0.0, -0.007] 65.15
[0.995, -0.244, 0.702, -0.0, -0.0, -0.007] 68.205
[0.995, -0.244, 0.753, -0.0, -0.0, -0.007] 46.433
[0.995, -0.244, 0.805, 0.0, -0.0, -0.007] 68.781
[0.995, -0.244, 0.856, 0.0, -0.0, -0.007] 66.317
[0.995, -0.244, 0.907, 0.0, -0.0, -0.007] 67.207
[0.995, -0.244, 0.954, 0.0, -0.0, -0.007] 52.778
[0.995, -0.244, 0.979, 0.0, -0.0, -0.007] 65.278
[0.995, -0.244, 0.99, 0.0, -0.0, -0.007] 65.103
[0.944, -0.295, 0.939, -0.051, -0.051, -0.002] 62.942
[0.893, -0.346, 0.888, -0.102, -0.102, 0.001] 69.319
[0.841, -0.398, 0.837, -0.154, -0.154, 0.002] 53.714
[0.79, -0.449, 0.785, -0.205, -0.205, 0.003] 64.807
[0.739, -0.5, 0.734, -0.256, -0.256, 0.003] 65.684
[0.688, -0.547, 0.701, -0.307, -0.307, 0.003] 63.858
[0.637, -0.571, 0.686, -0.358, -0.358, 0.003] 54.424
[0.585, -0.582, 0.679, -0.41, -0.41, 0.003] 64.438
[0.534, -0.588, 0.676, -0.461, -0.461, 0.003] 66.716
[0.483, -0.59, 0.674, -0.512, -0.512, 0.003] 59.247
[0.432, -0.591, 0.674, -0.563, -0.563, 0.003] 73.489
[0.381, -0.592, 0.673, -0.614, -0.614, 0.003] 66.705
[0.329, -0.592, 0.673, -0.666, -0.666, 0.003] 59.243
[0.278, -0.592, 0.673, -0.717, -0.717, 0.003] 73.955
[0.227, -0.592, 0.673, -0.768, -0.768, 0.003] 48.681
[0.176, -0.592, 0.673, -0.819, -0.819, 0.003] 67.673
[0.133, -0.592, 0.673, -0.87, -0.87, 0.003] 67.655
[0.113, -0.592, 0.673, -0.922, -0.922, 0.003] 65.624
[0.104, -0.592, 0.673, -0.973, -0.973, 0.003] 49.69
[0.1, -0.592, 0.673, -1.024, -1.024, 0.003] 66.855
[0.098, -0.592, 0.673, -1.075, -1.075, 0.003] 66.425
[0.097, -0.592, 0.673, -1.126, -1.126, 0.003] 66.861
[0.096, -0.592, 0.673, -1.178, -1.177, 0.003] 66.767
[0.096, -0.592, 0.673, -1.229, -1.229, 0.003] 66.341
[0.096, -0.592, 0.673, -1.28, -1.28, 0.003] 54.26
[0.096, -0.592, 0.673, -1.331, -1.331, 0.003] 63.534
[0.096, -0.592, 0.673, -1.382, -1.382, 0.003] 65.65
[0.096, -0.592, 0.673, -1.434, -1.433, 0.003] 66.563
[0.096, -0.592, 0.673, -1.485, -1.469, 0.003] 65.283
[0.096, -0.592, 0.673, -1.536, -1.485, 0.003] 51.188
[0.096, -0.592, 0.673, -1.587, -1.493, 0.003] 67.145
[0.096, -0.592, 0.673, -1.638, -1.496, 0.003] 66.225
[0.096, -0.592, 0.673, -1.688, -1.498, 0.003] 67.449
[0.096, -0.592, 0.673, -1.715, -1.498, 0.003] 48.664
[0.096, -0.592, 0.673, -1.727, -1.499, 0.003] 67.461
[0.096, -0.592, 0.673, -1.733, -1.499, 0.003] 65.643
[0.048, -0.541, 0.622, -1.682, -1.448, 0.003] 67.068
[0.022, -0.49, 0.571, -1.631, -1.397, 0.003] 65.678
[0.01, -0.438, 0.519, -1.58, -1.345, 0.003] 67.228
[0.005, -0.387, 0.468, -1.528, -1.294, 0.003] 50.883
[0.002, -0.336, 0.417, -1.477, -1.243, 0.003] 65.909
[0.001, -0.285, 0.366, -1.426, -1.192, 0.003] 66.897
[0.0, -0.234, 0.315, -1.375, -1.141, 0.003] 57.059
[0.0, -0.182, 0.264, -1.324, -1.089, 0.003] 59.162
[0.0, -0.131, 0.212, -1.272, -1.038, 0.003] 64.495
[0.0, -0.08, 0.161, -1.221, -0.987, 0.003] 66.002
[0.0, -0.029, 0.11, -1.17, -0.936, 0.003] 69.287
[0.0, 0.022, 0.059, -1.119, -0.885, 0.003] 66.932
[0.0, 0.074, 0.008, -1.068, -0.833, 0.003] 47.818
[0.0, 0.125, -0.044, -1.016, -0.782, 0.003] 58.546
[0.0, 0.176, -0.095, -0.965, -0.731, 0.003] 76.321
[0.0, 0.227, -0.146, -0.914, -0.68, 0.003] 67.343
[0.0, 0.278, -0.197, -0.863, -0.629, 0.003] 65.031
[0.0, 0.33, -0.248, -0.812, -0.578, 0.003] 53.397
[0.0, 0.381, -0.299, -0.76, -0.526, 0.003] 64.149
[0.0, 0.432, -0.351, -0.709, -0.475, 0.003] 66.501
[0.0, 0.469, -0.402, -0.658, -0.424, 0.003] 58.713
[0.0, 0.485, -0.453, -0.607, -0.373, 0.003] 75.241
[0.0, 0.493, -0.504, -0.556, -0.322, 0.003] 56.126
[0.0, 0.497, -0.555, -0.504, -0.271, 0.003] 42.794
[0.0, 0.499, -0.607, -0.453, -0.219, 0.003] 84.922
[0.0, 0.499, -0.658, -0.402, -0.168, 0.003] 65.13
[0.0, 0.5, -0.709, -0.351, -0.117, 0.003] 51.11
[0.0, 0.5, -0.76, -0.3, -0.066, 0.003] 66.172
[0.0, 0.5, -0.811, -0.248, -0.032, 0.003] 66.333
[0.0, 0.5, -0.863, -0.197, -0.016, 0.003] 66.772
[0.0, 0.5, -0.914, -0.146, -0.009, 0.003] 65.911
[0.0, 0.5, -0.965, -0.095, -0.006, 0.003] 49.726
[0.0, 0.5, -1.016, -0.047, -0.004, 0.003] 67.617
[0.0, 0.5, -1.067, -0.022, -0.004, 0.003] 65.37
[0.0, 0.5, -1.119, -0.01, -0.003, 0.003] 65.035
[0.0, 0.5, -1.17, -0.005, -0.003, 0.003] 52.783
[0.0, 0.5, -1.213, -0.002, -0.003, 0.003] 59.357
[0.0, 0.5, -1.233, -0.001, -0.003, 0.003] 73.51
[0.0, 0.5, -1.242, -0.0, -0.003, 0.003] 65.861
[0.0, 0.449, -1.191, -0.0, -0.001, 0.001] 66.504
[0.0, 0.398, -1.14, -0.0, -0.001, 0.001] 50.07
[0.0, 0.346, -1.089, -0.0, -0.0, 0.0] 67.936
[0.0, 0.295, -1.037, -0.0, -0.0, 0.0] 64.912
[0.0, 0.244, -0.986, -0.0, -0.0, 0.0] 65.779
[0.0, 0.193, -0.935, -0.0, -0.0, 0.0] 69.552
[0.0, 0.142, -0.884, 0.0, -0.0, 0.0] 48.165
[0.0, 0.09, -0.833, -0.0, -0.0, 0.0] 66.508
[-0.0, 0.044, -0.781, 0.0, -0.0, 0.0] 66.933
[-0.0, 0.02, -0.73, -0.0, -0.0, -0.0] 65.024
[-0.0, 0.009, -0.679, 0.0, -0.0, -0.0] 68.439
[-0.0, 0.004, -0.628, -0.0, -0.0, 0.0] 66.892
[-0.0, 0.002, -0.577, 0.0, -0.0, -0.0] 48.49
[-0.0, 0.001, -0.525, 0.0, -0.0, -0.0] 67.104
[-0.0, 0.0, -0.474, -0.0, -0.0, 0.0] 66.767
[-0.0, 0.0, -0.423, -0.0, 0.0, 0.0] 66.561
[-0.0, 0.0, -0.372, -0.0, -0.0, -0.0] 64.611
[-0.0, 0.0, -0.321, -0.0, -0.0, -0.0] 51.399
[-0.0, 0.0, -0.269, -0.0, -0.0, 0.0] 67.651
[-0.0, 0.0, -0.218, -0.0, -0.0, -0.0] 55.649
[-0.0, 0.0, -0.167, -0.0, -0.0, 0.0] 77.817
[-0.0, 0.0, -0.116, -0.0, -0.0, 0.0] 67.489
[-0.0, 0.0, -0.065, -0.0, -0.0, -0.0] 49.307
[-0.0, -0.0, -0.03, -0.0, -0.0, -0.0] 65.408
[-0.0, -0.0, -0.014, -0.0, -0.0, -0.0] 64.403
[-0.0, -0.0, -0.006, -0.0, -0.0, -0.0] 69.666
