[0.0, -0.0, -0.003, 0.0, -0.0, -0.0] 65.391
[0.0, 0.051, -0.054, 0.0, -0.0, -0.0] 67.328
[0.0, 0.102, -0.106, -0.0, -0.0, -0.0] 65.048
[0.0, 0.154, -0.157, -0.0, -0.0, -0.0] 68.053
[0.0, 0.205, -0.208, -0.0, -0.0, -0.0] 71.582
[0.0, 0.256, -0.259, -0.0, -0.0, -0.0] 39.384
[0.0, 0.307, -0.31, -0.0, -0.0, 0.0] 73.434
[0.0, 0.358, -0.362, -0.0, -0.0, -0.0] 55.736
[-0.0, 0.41, -0.413, -0.0, -0.0, -0.0] 75.622
[-0.0, 0.456, -0.464, -0.0, 0.0, -0.0] 67.142
[-0.0, 0.48, -0.515, -0.0, 0.0, -0.0] 47.373
[-0.0, 0.491, -0.566, -0.0, 0.0, -0.0] 54.38
[-0.0, 0.496, -0.618, -0.0, 0.0, -0.0] 62.924
[-0.0, 0.498, -0.669, -0.0, 0.0, -0.0] 67.315
[-0.0, 0.499, -0.72, -0.0, 0.0, 0.0] 67.388
[-0.0, 0.5, -0.771, -0.0, 0.0, -0.0] 67.719
[-0.0, 0.5, -0.822, -0.0, 0.0, 0.0] 65.267
[-0.0, 0.5, -0.874, -0.0, 0.0, 0.0] 67.195
[-0.0, 0.5, -0.925, -0.0, 0.0, 0.0] 49.287
[-0.0, 0.5, -0.976, -0.0, 0.0, 0.0] 67.897
[-0.0, 0.5, -1.027, 0.0, 0.0, 0.0] 65.779
[-0.0, 0.5, -1.078, -0.0, 0.0, 0.0] 68.402
[-0.0, 0.5, -1.129, 0.0, 0.0, 0.0] 48.314
[-0.0, 0.5, -1.181, -0.0, 0.0, 0.0] 66.344
[-0.0, 0.5, -1.218, -0.0, 0.0, 0.0] 51.203
[-0.0, 0.5, -1.235, -0.0, 0.0, 0.0] 65.366
[-0.0, 0.5, -1.243, -0.0, 0.0, 0.0] 65.809
[0.051, 0.449, -1.192, 0.0, 0.0, -0.004] 55.397
[0.102, 0.398, -1.141, 0.0, 0.0, -0.006] 78.623
[0.154, 0.346, -1.09, 0.0, 0.0, -0.006] 66.499
[0.205, 0.295, -1.038, -0.0, 0.0, -0.007] 66.652
[0.256, 0.244, -0.987, -0.0, 0.0, -0.007] 66.314
[0.307, 0.193, -0.936, -0.0, 0.0, -0.007] 54.218
[0.358, 0.142, -0.885, -0.0, -0.0, -0.007] 62.893
[0.41, 0.09, -0.834, -0.0, -0.0, -0.007] 66.455
[0.461, 0.039, -0.783, -0.0, 0.0, -0.007] 65.61
[0.512, -0.012, -0.731, -0.0, 0.0, -0.007] 51.177
[0.563, -0.063, -0.68, -0.0, 0.0, -0.007] 66.448
[0.614, -0.114, -0.629, -0.0, 0.0, -0.007] 68.641
[0.666, -0.166, -0.578, -0.0, 0.0, -0.007] 64.136
[0.717, -0.208, -0.527, -0.0, -0.0, -0.007] 66.661
[0.768, -0.227, -0.475, -0.0, -0.0, -0.007] 66.289
[0.819, -0.236, -0.424, -0.0, -0.0, -0.007] 64.606
[0.87, -0.24, -0.373, -0.0, -0.0, -0.007] 40.277
[0.922, -0.242, -0.322, 0.0, -0.0, -0.007] 79.257
[0.961, -0.243, -0.271, 0.0, -0.0, -0.007] 66.084
[0.979, -0.244, -0.219, 0.0, 0.0, -0.007] 50.978
[0.988, -0.244, -0.168, 0.0, 0.0, -0.007] 65.562
[0.992, -0.244, -0.117, 0.0, -0.0, -0.007] 66.581
[0.993, -0.244, -0.066, 0.0, -0.0, -0.007] 66.616
[0.994, -0.244, -0.015, 0.0, -0.0, -0.007] 54.34
[0.995, -0.244, 0.037, 0.0, -0.0, -0.007] 48.703
[0.995, -0.244, 0.088, 0.0, -0.0, -0.007] 63.678
[0.995, -0.244, 0.139, 0.0, -0.0, -0.007] 67.669
[0.995, -0.244, 0.19, 0.0, -0.0, -0.007] 64.816
[0.995, -0.244, 0.241, 0.0, -0.0, -0.007] 67.019
[0.995, -0.244, 0.293, 0.0, -0.0, -0.007] 66.64
[0.995, -0.244, 0.344, 0.0, -0.0, -0.007] 66.282
[0.995, -0.244, 0.395, 0.0, -0.0, -0.007] 54.158
[0.995, -0.244, 0.446, 0.0, -0.0, -0.007] 62.495
[0.995, -0.244, 0.497, 0.0, -0.0, -0.007] 67.341
[0.995, -0.244, 0.549, 0.0, -0.0, -0.007] 66.104
[0.995, -0.244, 0.6, 0.0, -0.0, -0.007] 66.372
[0.995, -0.244, 0.651, 0.0, -0.0, -0.007] 52.514
[0.995, -0.244, 0.702, 0.0, -0.0, -0.007] 64.56
[0.995, -0.244, 0.753, 0.0, -0.0, -0.007] 66.237
[0.995, -0.244, 0.804, -0.0, -0.0, -0.007] 67.06
[0.995, -0.244, 0.856, -0.0, -0.0, -0.007] 65.36
[0.995, -0.244, 0.907, -0.0, -0.0, -0.007] 64.237
[0.995, -0.244, 0.954, -0.0, -0.0, -0.007] 53.509
[0.995, -0.244, 0.979, -0.0, -0.0, -0.007] 66.461
[0.995, -0.244, 0.99, -0.0, -0.0, -0.007] 63.68
[0.944, -0.295, 0.939, -0.051, -0.051, -0.002] 70.314
[0.893, -0.346, 0.888, -0.102, -0.102, 0.001] 53.527
[0.841, -0.398, 0.837, -0.154, -0.154, 0.002] 61.812
[0.79, -0.449, 0.785, -0.205, -0.205, 0.003] 67.429
[0.739, -0.5, 0.734, -0.256, -0.256, 0.003] 64.678
[0.688, -0.547, 0.701, -0.307, -0.307, 0.003] 68.04
[0.637, -0.571, 0.686, -0.358, -0.358, 0.003] 53.481
[0.585, -0.582, 0.679, -0.41, -0.41, 0.003] 64.179
[0.534, -0.588, 0.676, -0.461, -0.461, 0.003] 50.381
[0.483, -0.59, 0.674, -0.512, -0.512, 0.003] 63.215
[0.432, -0.591, 0.674, -0.563, -0.563, 0.003] 68.284
[0.381, -0.592, 0.673, -0.614, -0.614, 0.003] 66.489
[0.329, -0.592, 0.673, -0.666, -0.666, 0.003] 50.031
[0.278, -0.592, 0.673, -0.717, -0.717, 0.003] 66.499
[0.227, -0.592, 0.673, -0.768, -0.768, 0.003] 65.266
[0.176, -0.592, 0.673, -0.819, -0.819, 0.003] 69.984
[0.133, -0.592, 0.673, -0.87, -0.87, 0.003] 65.247
[0.113, -0.592, 0.673, -0.922, -0.922, 0.003] 66.199
[0.104, -0.592, 0.673, -0.973, -0.973, 0.003] 54.088
[0.1, -0.592, 0.673, -1.024, -1.024, 0.003] 62.353
[0.098, -0.592, 0.673, -1.075, -1.075, 0.003] 67.021
[0.097, -0.592, 0.673, -1.126, -1.126, 0.003] 67.686
[0.096, -0.592, 0.673, -1.178, -1.177, 0.003] 65.287
[0.096, -0.592, 0.673, -1.229, -1.229, 0.003] 66.786
[0.096, -0.592, 0.673, -1.28, -1.28, 0.003] 53.788
[0.096, -0.592, 0.673, -1.331, -1.331, 0.003] 72.552
[0.096, -0.592, 0.673, -1.382, -1.382, 0.003] 49.348
[0.096, -0.592, 0.673, -1.434, -1.433, 0.003] 73.811
[0.096, -0.592, 0.673, -1.485, -1.469, 0.003] 51.191
[0.096, -0.592, 0.673, -1.536, -1.485, 0.003] 65.516
[0.096, -0.592, 0.673, -1.587, -1.493, 0.003] 66.126
[0.096, -0.592, 0.673, -1.638, -1.496, 0.003] 71.116
[0.096, -0.592, 0.673, -1.688, -1.498, 0.003] 72.392
[0.096, -0.592, 0.673, -1.715, -1.498, 0.003] 56.743
[0.096, -0.592, 0.673, -1.727, -1.499, 0.003] 66.445
[0.096, -0.592, 0.673, -1.733, -1.499, 0.003] 66.416
[0.048, -0.541, 0.622, -1.682, -1.448, 0.003] 48.965
[0.022, -0.49, 0.571, -1.631, -1.397, 0.003] 65.936
[0.01, -0.438, 0.519, -1.58, -1.345, 0.003] 65.8
[0.005, -0.387, 0.468, -1.528, -1.294, 0.003] 55.892
[0.002, -0.336, 0.417, -1.477, -1.243, 0.003] 78.166
[0.001, -0.285, 0.366, -1.426, -1.192, 0.003] 67.941
[0.0, -0.234, 0.315, -1.375, -1.141, 0.003] 66.206
[0.0, -0.182, 0.264, -1.324, -1.089, 0.003] 48.538
[0.0, -0.131, 0.212, -1.272, -1.038, 0.003] 68.592
[0.0, -0.08, 0.161, -1.221, -0.987, 0.003] 66.976
[0.0, -0.029, 0.11, -1.17, -0.936, 0.003] 65.82
[0.0, 0.022, 0.059, -1.119, -0.885, 0.003] 48.943
[0.0, 0.074, 0.008, -1.068, -0.833, 0.003] 66.877
[0.0, 0.125, -0.044, -1.016, -0.782, 0.003] 51.11
[0.0, 0.176, -0.095, -0.965, -0.731, 0.003] 67.359
[0.0, 0.227, -0.146, -0.914, -0.68, 0.003] 66.96
[0.0, 0.278, -0.197, -0.863, -0.629, 0.003] 65.649
[0.0, 0.33, -0.248, -0.812, -0.578, 0.003] 66.734
[0.0, 0.381, -0.299, -0.76, -0.526, 0.003] 57.655
[0.0, 0.432, -0.351, -0.709, -0.475, 0.003] 75.671
[0.0, 0.469, -0.402, -0.658, -0.424, 0.003] 49.815
[0.0, 0.485, -0.453, -0.607, -0.373, 0.003] 66.534
[0.0, 0.493, -0.504, -0.556, -0.322, 0.003] 66.894
[0.0, 0.497, -0.555, -0.504, -0.271, 0.003] 66.275
[0.0, 0.499, -0.607, -0.453, -0.219, 0.003] 54.806
[0.0, 0.499, -0.658, -0.402, -0.168, 0.003] 61.7
[0.0, 0.5, -0.709, -0.351, -0.117, 0.003] 68.066
[0.0, 0.5, -0.76, -0.3, -0.066, 0.003] 65.106
[0.0, 0.5, -0.811, -0.248, -0.032, 0.003] 51.154
[0.0, 0.5, -0.863, -0.197, -0.016, 0.003] 66.732
[0.0, 0.5, -0.914, -0.146, -0.009, 0.003] 67.108
[0.0, 0.5, -0.965, -0.095, -0.006, 0.003] 65.712
[0.0, 0.5, -1.016, -0.047, -0.004, 0.003] 65.883
[0.0, 0.5, -1.067, -0.022, -0.004, 0.003] 68.224
[0.0, 0.5, -1.119, -0.01, -0.003, 0.003] 48.377
[0.0, 0.5, -1.17, -0.005, -0.003, 0.003] 66.37
[0.0, 0.5, -1.213, -0.002, -0.003, 0.003] 66.56
[0.0, 0.5, -1.233, -0.001, -0.003, 0.003] 66.977
[0.0, 0.5, -1.242, -0.0, -0.003, 0.003] 69.148
[0.0, 0.449, -1.191, -0.0, -0.001, 0.001] 53.14
[0.0, 0.398, -1.14, -0.0, -0.001, 0.001] 61.266
[0.0, 0.346, -1.089, -0.0, -0.0, 0.0] 66.015
[0.0, 0.295, -1.037, -0.0, -0.0, 0.0] 67.11
[0.0, 0.244, -0.986, -0.0, -0.0, 0.0] 55.554
[0.0, 0.193, -0.935, -0.0, -0.0, 0.0] 77.304
[0.0, 0.142, -0.884, 0.0, -0.0, 0.0] 66.546
[0.0, 0.09, -0.833, -0.0, -0.0, 0.0] 49.985
[-0.0, 0.044, -0.781, 0.0, -0.0, 0.0] 66.46
[-0.0, 0.02, -0.73, -0.0, -0.0, -0.0] 66.76
[-0.0, 0.009, -0.679, 0.0, -0.0, -0.0] 66.882
[-0.0, 0.004, -0.628, -0.0, -0.0, 0.0] 67.634
[-0.0, 0.002, -0.577, 0.0, -0.0, -0.0] 48.666
[-0.0, 0.001, -0.525, 0.0, -0.0, -0.0] 67.335
[-0.0, 0.0, -0.474, -0.0, -0.0, 0.0] 65.793
[-0.0, 0.0, -0.423, -0.0, 0.0, 0.0] 66.7
[-0.0, 0.0, -0.372, -0.0, -0.0, -0.0] 64.779
[-0.0, 0.0, -0.321, -0.0, -0.0, -0.0] 51.892
[-0.0, 0.0, -0.269, -0.0, -0.0, 0.0] 66.864
[-0.0, 0.0, -0.218, -0.0, -0.0, -0.0] 65.967
[-0.0, 0.0, -0.167, -0.0, -0.0, 0.0] 66.926
[-0.0, 0.0, -0.116, -0.0, -0.0, 0.0] 53.36
[-0.0, 0.0, -0.065, -0.0, -0.0, -0.0] 63.331
[-0.0, -0.0, -0.03, -0.0, -0.0, -0.0] 67.555
[-0.0, -0.0, -0.014, -0.0, -0.0, -0.0] 65.373
[-0.0, -0.0, -0.006, -0.0, -0.0, -0.0] 49.999
