[-0.0, -0.0, -0.003, -0.0, -0.0, -0.0] 66.656
[-0.0, 0.051, -0.054, -0.0, -0.0, -0.0] 66.842
[-0.0, 0.102, -0.105, -0.0, -0.0, -0.0] 66.3
[-0.0, 0.154, -0.156, -0.0, -0.0, -0.0] 54.0
[-0.0, 0.205, -0.208, -0.0, -0.0, -0.0] 60.803
[-0.0, 0.256, -0.259, -0.0, -0.0, 0.0] 69.074
[-0.0, 0.307, -0.31, -0.0, -0.0, -0.0] 65.914
[-0.0, 0.358, -0.361, -0.0, -0.0, -0.0] 66.883
[0.0, 0.41, -0.412, -0.0, -0.0, -0.0] 67.47
[0.0, 0.456, -0.464, -0.0, 0.0, -0.0] 52.894
[0.0, 0.48, -0.515, 0.0, 0.0, -0.0] 62.341
[0.0, 0.491, -0.566, 0.0, 0.0, -0.0] 66.687
[0.0, 0.496, -0.617, 0.0, 0.0, -0.0] 67.9
[0.0, 0.498, -0.668, 0.0, 0.0, -0.0] 66.002
[0.0, 0.499, -0.72, 0.0, 0.0, 0.0] 47.991
[0.0, 0.5, -0.771, 0.0, 0.0, -0.0] 66.987
[0.0, 0.5, -0.822, 0.0, 0.0, 0.0] 69.11
[0.0, 0.5, -0.873, 0.0, 0.0, 0.0] 65.358
[0.0, 0.5, -0.924, 0.0, 0.0, 0.0] 66.847
[0.0, 0.5, -0.976, 0.0, 0.0, 0.0] 65.89
[0.0, 0.5, -1.027, 0.0, 0.0, 0.0] 49.466
[0.0, 0.5, -1.078, 0.0, 0.0, 0.0] 67.695
[0.0, 0.5, -1.129, 0.0, 0.0, 0.0] 68.491
[0.0, 0.5, -1.18, 0.0, 0.0, 0.0] 51.857
[0.0, 0.5, -1.218, 0.0, 0.0, 0.0] 61.562
[0.0, 0.5, -1.235, 0.0, 0.0, 0.0] 67.852
[0.0, 0.5, -1.243, 0.0, 0.0, 0.0] 66.701
[0.051, 0.449, -1.192, 0.0, 0.0, -0.004] 68.064
[0.102, 0.398, -1.141, 0.0, 0.0, -0.006] 65.969
[0.154, 0.346, -1.09, 0.0, 0.0, -0.006] 50.018
[0.205, 0.295, -1.038, 0.0, 0.0, -0.007] 64.847
[0.256, 0.244, -0.987, 0.0, 0.0, -0.007] 66.902
[0.307, 0.193, -0.936, 0.0, 0.0, -0.007] 65.33
[0.358, 0.142, -0.885, 0.0, -0.0, -0.007] 68.251
[0.41, 0.09, -0.834, 0.0, -0.0, -0.007] 49.777
[0.461, 0.039, -0.783, 0.0, 0.0, -0.007] 66.408
[0.512, -0.012, -0.731, 0.0, 0.0, -0.007] 66.547
[0.563, -0.063, -0.68, 0.0, 0.0, -0.007] 77.55
[0.614, -0.114, -0.629, 0.0, 0.0, -0.007] 40.329
[0.666, -0.166, -0.578, 0.0, 0.0, -0.007] 64.974
[0.717, -0.208, -0.527, 0.0, -0.0, -0.007] 66.858
[0.768, -0.227, -0.475, 0.0, -0.0, -0.007] 67.009
[0.819, -0.236, -0.424, 0.0, -0.0, -0.007] 66.433
[0.87, -0.24, -0.373, 0.0, -0.0, -0.007] 54.349
[0.922, -0.242, -0.322, 0.0, -0.0, -0.007] 60.56
[0.961, -0.243, -0.271, -0.0, -0.0, -0.007] 68.737
[0.979, -0.244, -0.219, -0.0, 0.0, -0.007] 65.819
[0.988, -0.244, -0.168, -0.0, 0.0, -0.007] 66.916
[0.992, -0.244, -0.117, -0.0, -0.0, -0.007] 49.123
[0.993, -0.244, -0.066, -0.0, -0.0, -0.007] 65.127
[0.994, -0.244, -0.015, -0.0, -0.0, -0.007] 68.808
[0.995, -0.244, 0.037, -0.0, -0.0, -0.007] 66.841
[0.995, -0.244, 0.088, -0.0, -0.0, -0.007] 48.743
[0.995, -0.244, 0.139, -0.0, -0.0, -0.007] 67.811
[0.995, -0.244, 0.19, -0.0, -0.0, -0.007] 68.192
[0.995, -0.244, 0.241, -0.0, -0.0, -0.007] 64.199
[0.995, -0.244, 0.293, -0.0, -0.0, -0.007] 67.255
[0.995, -0.244, 0.344, -0.0, -0.0, -0.007] 54.17
[0.995, -0.244, 0.395, -0.0, -0.0, -0.007] 62.204
[0.995, -0.244, 0.446, -0.0, -0.0, -0.007] 66.52
[0.995, -0.244, 0.497, -0.0, -0.0, -0.007] 67.405
[0.995, -0.244, 0.549, -0.0, -0.0, -0.007] 66.271
[0.995, -0.244, 0.6, -0.0, -0.0, -0.007] 55.907
[0.995, -0.244, 0.651, -0.0, -0.0, -0.007] 62.459
[0.995, -0.244, 0.702, -0.0, -0.0, -0.007] 64.436
[0.995, -0.244, 0.753, -0.0, -0.0, -0.007] 66.934
[0.995, -0.244, 0.805, 0.0, -0.0, -0.007] 65.994
[0.995, -0.244, 0.856, 0.0, -0.0, -0.007] 67.258
[0.995, -0.244, 0.907, 0.0, -0.0, -0.007] 53.139
[0.995, -0.244, 0.954, 0.0, -0.0, -0.007] 61.829
[0.995, -0.244, 0.979, 0.0, -0.0, -0.007] 67.999
[0.995, -0.244, 0.99, 0.0, -0.0, -0.007] 67.94
[0.944, -0.295, 0.939, -0.051, -0.051, -0.002] 50.195
[0.893, -0.346, 0.888, -0.102, -0.102, 0.001] 63.637
[0.841, -0.398, 0.837, -0.154, -0.154, 0.002] 66.666
[0.79, -0.449, 0.785, -0.205, -0.205, 0.003] 68.409
[0.739, -0.5, 0.734, -0.256, -0.256, 0.003] 64.78
[0.688, -0.547, 0.701, -0.307, -0.307, 0.003] 55.538
[0.637, -0.571, 0.686, -0.358, -0.358, 0.003] 61.338
[0.585, -0.582, 0.679, -0.41, -0.41, 0.003] 65.567
[0.534, -0.588, 0.676, -0.461, -0.461, 0.003] 67.641
[0.483, -0.59, 0.674, -0.512, -0.512, 0.003] 65.099
[0.432, -0.591, 0.674, -0.563, -0.563, 0.003] 69.777
[0.381, -0.592, 0.673, -0.614, -0.614, 0.003] 50.516
[0.329, -0.592, 0.673, -0.666, -0.666, 0.003] 61.952
[0.278, -0.592, 0.673, -0.717, -0.717, 0.003] 85.711
[0.227, -0.592, 0.673, -0.768, -0.768, 0.003] 53.282
[0.176, -0.592, 0.673, -0.819, -0.819, 0.003] 42.979
[0.133, -0.592, 0.673, -0.87, -0.87, 0.003] 69.595
[0.113, -0.592, 0.673, -0.922, -0.922, 0.003] 66.772
[0.104, -0.592, 0.673, -0.973, -0.973, 0.003] 66.715
[0.1, -0.592, 0.673, -1.024, -1.024, 0.003] 54.141
[0.098, -0.592, 0.673, -1.075, -1.075, 0.003] 62.579
[0.097, -0.592, 0.673, -1.126, -1.126, 0.003] 66.639
[0.096, -0.592, 0.673, -1.178, -1.177, 0.003] 59.645
[0.096, -0.592, 0.673, -1.229, -1.229, 0.003] 73.547
[0.096, -0.592, 0.673, -1.28, -1.28, 0.003] 66.947
[0.096, -0.592, 0.673, -1.331, -1.331, 0.003] 59.034
[0.096, -0.592, 0.673, -1.382, -1.382, 0.003] 74.518
[0.096, -0.592, 0.673, -1.434, -1.433, 0.003] 65.526
[0.096, -0.592, 0.673, -1.485, -1.469, 0.003] 50.799
[0.096, -0.592, 0.673, -1.536, -1.485, 0.003] 59.547
[0.096, -0.592, 0.673, -1.587, -1.493, 0.003] 73.079
[0.096, -0.592, 0.673, -1.638, -1.496, 0.003] 66.575
[0.096, -0.592, 0.673, -1.688, -1.498, 0.003] 67.843
[0.096, -0.592, 0.673, -1.715, -1.498, 0.003] 53.586
[0.096, -0.592, 0.673, -1.727, -1.499, 0.003] 62.038
[0.096, -0.592, 0.673, -1.733, -1.499, 0.003] 66.667
[0.048, -0.541, 0.622, -1.682, -1.448, 0.003] 66.722
[0.022, -0.49, 0.571, -1.631, -1.397, 0.003] 65.983
[0.01, -0.438, 0.519, -1.58, -1.345, 0.003] 54.583
[0.005, -0.387, 0.468, -1.528, -1.294, 0.003] 66.421
[0.002, -0.336, 0.417, -1.477, -1.243, 0.003] 61.582
[0.001, -0.285, 0.366, -1.426, -1.192, 0.003] 67.768
[0.0, -0.234, 0.315, -1.375, -1.141, 0.003] 67.872
[0.0, -0.182, 0.264, -1.324, -1.089, 0.003] 65.326
[0.0, -0.131, 0.212, -1.272, -1.038, 0.003] 49.347
[0.0, -0.08, 0.161, -1.221, -0.987, 0.003] 67.811
[0.0, -0.029, 0.11, -1.17, -0.936, 0.003] 65.647
[0.0, 0.022, 0.059, -1.119, -0.885, 0.003] 67.083
[0.0, 0.074, 0.008, -1.068, -0.833, 0.003] 49.942
[0.0, 0.125, -0.044, -1.016, -0.782, 0.003] 67.664
[0.0, 0.176, -0.095, -0.965, -0.731, 0.003] 65.493
[0.0, 0.227, -0.146, -0.914, -0.68, 0.003] 64.001
[0.0, 0.278, -0.197, -0.863, -0.629, 0.003] 52.245
[0.0, 0.33, -0.248, -0.812, -0.578, 0.003] 64.581
[0.0, 0.381, -0.299, -0.76, -0.526, 0.003] 68.782
[0.0, 0.432, -0.351, -0.709, -0.475, 0.003] 66.597
[0.0, 0.469, -0.402, -0.658, -0.424, 0.003] 49.8
[0.0, 0.485, -0.453, -0.607, -0.373, 0.003] 67.54
[0.0, 0.493, -0.504, -0.556, -0.322, 0.003] 67.184
[0.0, 0.497, -0.555, -0.504, -0.271, 0.003] 65.492
[0.0, 0.499, -0.607, -0.453, -0.219, 0.003] 66.13
[0.0, 0.499, -0.658, -0.402, -0.168, 0.003] 51.062
[0.0, 0.5, -0.709, -0.351, -0.117, 0.003] 65.338
[0.0, 0.5, -0.76, -0.3, -0.066, 0.003] 67.153
[0.0, 0.5, -0.811, -0.248, -0.032, 0.003] 67.284
[0.0, 0.5, -0.863, -0.197, -0.016, 0.003] 49.008
[0.0, 0.5, -0.914, -0.146, -0.009, 0.003] 66.556
[0.0, 0.5, -0.965, -0.095, -0.006, 0.003] 66.427
[0.0, 0.5, -1.016, -0.047, -0.004, 0.003] 67.188
[0.0, 0.5, -1.067, -0.022, -0.004, 0.003] 64.566
[0.0, 0.5, -1.119, -0.01, -0.003, 0.003] 51.288
[0.0, 0.5, -1.17, -0.005, -0.003, 0.003] 66.803
[0.0, 0.5, -1.213, -0.002, -0.003, 0.003] 66.607
[0.0, 0.5, -1.233, -0.001, -0.003, 0.003] 65.646
[0.0, 0.5, -1.242, -0.0, -0.003, 0.003] 50.997
[0.0, 0.449, -1.191, -0.0, -0.001, 0.001] 67.056
[0.0, 0.398, -1.14, -0.0, -0.001, 0.001] 66.868
[0.0, 0.346, -1.089, -0.0, -0.0, 0.0] 66.477
[0.0, 0.295, -1.037, -0.0, -0.0, 0.0] 50.463
[0.0, 0.244, -0.986, -0.0, -0.0, 0.0] 66.114
[0.0, 0.193, -0.935, -0.0, -0.0, 0.0] 49.759
[0.0, 0.142, -0.884, 0.0, -0.0, 0.0] 66.262
[0.0, 0.09, -0.833, -0.0, -0.0, 0.0] 66.594
[-0.0, 0.044, -0.781, 0.0, -0.0, 0.0] 83.229
[-0.0, 0.02, -0.73, -0.0, -0.0, -0.0] 67.707
[-0.0, 0.009, -0.679, 0.0, -0.0, -0.0] 65.875
[-0.0, 0.004, -0.628, -0.0, -0.0, 0.0] 67.483
[-0.0, 0.002, -0.577, 0.0, -0.0, -0.0] 66.616
[-0.0, 0.001, -0.525, 0.0, -0.0, -0.0] 48.295
[-0.0, 0.0, -0.474, -0.0, -0.0, 0.0] 84.484
[-0.0, 0.0, -0.423, -0.0, 0.0, 0.0] 39.447
[-0.0, 0.0, -0.372, -0.0, -0.0, -0.0] 59.824
[-0.0, 0.0, -0.321, -0.0, -0.0, -0.0] 66.759
[-0.0, 0.0, -0.269, -0.0, -0.0, 0.0] 65.979
[-0.0, 0.0, -0.218, -0.0, -0.0, -0.0] 66.016
[-0.0, 0.0, -0.167, -0.0, -0.0, 0.0] 55.651
[-0.0, 0.0, -0.116, -0.0, -0.0, 0.0] 60.666
[-0.0, 0.0, -0.065, -0.0, -0.0, -0.0] 67.642
[-0.0, -0.0, -0.03, -0.0, -0.0, -0.0] 66.925
[-0.0, -0.0, -0.014, -0.0, -0.0, -0.0] 66.765
[-0.0, -0.0, -0.006, -0.0, -0.0, -0.0] 53.818
