[-0.0, -0.0, -0.003, -0.0, -0.0, -0.0] 68.169
[-0.0, 0.051, -0.054, -0.0, -0.0, -0.0] 48.722
[-0.0, 0.102, -0.105, -0.0, -0.0, -0.0] 67.802
[-0.0, 0.154, -0.156, -0.0, -0.0, -0.0] 65.992
[-0.0, 0.205, -0.208, -0.0, -0.0, -0.0] 65.623
[-0.0, 0.256, -0.259, -0.0, -0.0, 0.0] 65.96
[-0.0, 0.307, -0.31, -0.0, -0.0, -0.0] 67.362
[-0.0, 0.358, -0.361, -0.0, -0.0, -0.0] 48.128
[0.0, 0.41, -0.412, -0.0, -0.0, -0.0] 68.615
[0.0, 0.456, -0.464, -0.0, 0.0, -0.0] 66.94
[0.0, 0.48, -0.515, 0.0, 0.0, -0.0] 53.856
[0.0, 0.491, -0.566, 0.0, 0.0, -0.0] 62.77
[0.0, 0.496, -0.617, 0.0, 0.0, -0.0] 66.256
[0.0, 0.498, -0.668, 0.0, 0.0, -0.0] 64.399
[0.0, 0.499, -0.72, 0.0, 0.0, 0.0] 68.807
[0.0, 0.5, -0.771, 0.0, 0.0, -0.0] 66.841
[0.0, 0.5, -0.822, 0.0, 0.0, 0.0] 54.273
[0.0, 0.5, -0.873, 0.0, 0.0, 0.0] 61.953
[0.0, 0.5, -0.924, 0.0, 0.0, 0.0] 52.028
[0.0, 0.5, -0.976, 0.0, 0.0, 0.0] 64.256
[0.0, 0.5, -1.027, 0.0, 0.0, 0.0] 66.238
[0.0, 0.5, -1.078, 0.0, 0.0, 0.0] 67.356
[0.0, 0.5, -1.129, 0.0, 0.0, 0.0] 52.094
[0.0, 0.5, -1.18, 0.0, 0.0, 0.0] 65.191
[0.0, 0.5, -1.218, 0.0, 0.0, 0.0] 65.992
[0.0, 0.5, -1.235, 0.0, 0.0, 0.0] 58.703
[0.0, 0.5, -1.243, 0.0, 0.0, 0.0] 74.325
[0.051, 0.449, -1.192, 0.0, 0.0, -0.004] 64.686
[0.102, 0.398, -1.141, 0.0, 0.0, -0.006] 67.371
[0.154, 0.346, -1.09, 0.0, 0.0, -0.006] 67.907
[0.205, 0.295, -1.038, 0.0, 0.0, -0.007] 66.219
[0.256, 0.244, -0.987, 0.0, 0.0, -0.007] 49.586
[0.307, 0.193, -0.936, 0.0, 0.0, -0.007] 66.389
[0.358, 0.142, -0.885, 0.0, -0.0, -0.007] 66.28
[0.41, 0.09, -0.834, 0.0, -0.0, -0.007] 66.654
[0.461, 0.039, -0.783, 0.0, 0.0, -0.007] 67.623
[0.512, -0.012, -0.731, 0.0, 0.0, -0.007] 48.76
[0.563, -0.063, -0.68, 0.0, 0.0, -0.007] 83.371
[0.614, -0.114, -0.629, 0.0, 0.0, -0.007] 52.142
[0.666, -0.166, -0.578, 0.0, 0.0, -0.007] 47.913
[0.717, -0.208, -0.527, 0.0, -0.0, -0.007] 67.654
[0.768, -0.227, -0.475, 0.0, -0.0, -0.007] 65.402
[0.819, -0.236, -0.424, 0.0, -0.0, -0.007] 77.308
[0.87, -0.24, -0.373, 0.0, -0.0, -0.007] 56.705
[0.922, -0.242, -0.322, 0.0, -0.0, -0.007] 49.501
[0.961, -0.243, -0.271, -0.0, -0.0, -0.007] 66.559
[0.979, -0.244, -0.219, -0.0, 0.0, -0.007] 66.505
[0.988, -0.244, -0.168, -0.0, 0.0, -0.007] 66.581
[0.992, -0.244, -0.117, -0.0, -0.0, -0.007] 67.583
[0.993, -0.244, -0.066, -0.0, -0.0, -0.007] 48.87
[0.994, -0.244, -0.015, -0.0, -0.0, -0.007] 67.2
[0.995, -0.244, 0.037, -0.0, -0.0, -0.007] 65.841
[0.995, -0.244, 0.088, -0.0, -0.0, -0.007] 65.319
[0.995, -0.244, 0.139, -0.0, -0.0, -0.007] 67.85
[0.995, -0.244, 0.19, -0.0, -0.0, -0.007] 65.932
[0.995, -0.244, 0.241, -0.0, -0.0, -0.007] 49.665
[0.995, -0.244, 0.293, -0.0, -0.0, -0.007] 67.992
[0.995, -0.244, 0.344, -0.0, -0.0, -0.007] 57.503
[0.995, -0.244, 0.395, -0.0, -0.0, -0.007] 74.884
[0.995, -0.244, 0.446, -0.0, -0.0, -0.007] 50.531
[0.995, -0.244, 0.497, -0.0, -0.0, -0.007] 66.801
[0.995, -0.244, 0.549, -0.0, -0.0, -0.007] 67.165
[0.995, -0.244, 0.6, -0.0, -0.0, -0.007] 64.448
[0.995, -0.244, 0.651, -0.0, -0.0, -0.007] 52.059
[0.995, -0.244, 0.702, -0.0, -0.0, -0.007] 65.954
[0.995, -0.244, 0.753, -0.0, -0.0, -0.007] 66.375
[0.995, -0.244, 0.805, 0.0, -0.0, -0.007] 67.194
[0.995, -0.244, 0.856, 0.0, -0.0, -0.007] 67.277
[0.995, -0.244, 0.907, 0.0, -0.0, -0.007] 48.981
[0.995, -0.244, 0.954, 0.0, -0.0, -0.007] 66.696
[0.995, -0.244, 0.979, 0.0, -0.0, -0.007] 66.548
[0.995, -0.244, 0.99, 0.0, -0.0, -0.007] 83.45
[0.944, -0.295, 0.939, -0.051, -0.051, -0.002] 64.81
[0.893, -0.346, 0.888, -0.102, -0.102, 0.001] 49.55
[0.841, -0.398, 0.837, -0.154, -0.154, 0.002] 67.34
[0.79, -0.449, 0.785, -0.205, -0.205, 0.003] 68.344
[0.739, -0.5, 0.734, -0.256, -0.256, 0.003] 64.308
[0.688, -0.547, 0.701, -0.307, -0.307, 0.003] 56.562
[0.637, -0.571, 0.686, -0.358, -0.358, 0.003] 61.037
[0.585, -0.582, 0.679, -0.41, -0.41, 0.003] 66.225
[0.534, -0.588, 0.676, -0.461, -0.461, 0.003] 65.887
[0.483, -0.59, 0.674, -0.512, -0.512, 0.003] 66.945
[0.432, -0.591, 0.674, -0.563, -0.563, 0.003] 53.579
[0.381, -0.592, 0.673, -0.614, -0.614, 0.003] 63.274
[0.329, -0.592, 0.673, -0.666, -0.666, 0.003] 66.087
[0.278, -0.592, 0.673, -0.717, -0.717, 0.003] 66.692
[0.227, -0.592, 0.673, -0.768, -0.768, 0.003] 50.325
[0.176, -0.592, 0.673, -0.819, -0.819, 0.003] 75.271
[0.133, -0.592, 0.673, -0.87, -0.87, 0.003] 57.339
[0.113, -0.592, 0.673, -0.922, -0.922, 0.003] 66.474
[0.104, -0.592, 0.673, -0.973, -0.973, 0.003] 67.026
[0.1, -0.592, 0.673, -1.024, -1.024, 0.003] 66.864
[0.098, -0.592, 0.673, -1.075, -1.075, 0.003] 49.817
[0.097, -0.592, 0.673, -1.126, -1.126, 0.003] 66.535
[0.096, -0.592, 0.673, -1.178, -1.177, 0.003] 66.397
[0.096, -0.592, 0.673, -1.229, -1.229, 0.003] 66.614
[0.096, -0.592, 0.673, -1.28, -1.28, 0.003] 54.352
[0.096, -0.592, 0.673, -1.331, -1.331, 0.003] 63.462
[0.096, -0.592, 0.673, -1.382, -1.382, 0.003] 65.394
[0.096, -0.592, 0.673, -1.434, -1.433, 0.003] 66.501
[0.096, -0.592, 0.673, -1.485, -1.469, 0.003] 53.931
[0.096, -0.592, 0.673, -1.536, -1.485, 0.003] 62.114
[0.096, -0.592, 0.673, -1.587, -1.493, 0.003] 68.764
[0.096, -0.592, 0.673, -1.638, -1.496, 0.003] 65.698
[0.096, -0.592, 0.673, -1.688, -1.498, 0.003] 67.001
[0.096, -0.592, 0.673, -1.715, -1.498, 0.003] 51.697
[0.096, -0.592, 0.673, -1.727, -1.499, 0.003] 64.574
[0.096, -0.592, 0.673, -1.733, -1.499, 0.003] 65.796
[0.048, -0.541, 0.622, -1.682, -1.448, 0.003] 67.31
[0.022, -0.49, 0.571, -1.631, -1.397, 0.003] 53.611
[0.01, -0.438, 0.519, -1.58, -1.345, 0.003] 62.513
[0.005, -0.387, 0.468, -1.528, -1.294, 0.003] 49.862
[0.002, -0.336, 0.417, -1.477, -1.243, 0.003] 66.743
[0.001, -0.285, 0.366, -1.426, -1.192, 0.003] 67.464
[0.0, -0.234, 0.315, -1.375, -1.141, 0.003] 65.715
[0.0, -0.182, 0.264, -1.324, -1.089, 0.003] 66.712
[0.0, -0.131, 0.212, -1.272, -1.038, 0.003] 67.807
[0.0, -0.08, 0.161, -1.221, -0.987, 0.003] 49.462
[0.0, -0.029, 0.11, -1.17, -0.936, 0.003] 66.187
[0.0, 0.022, 0.059, -1.119, -0.885, 0.003] 49.429
[0.0, 0.074, 0.008, -1.068, -0.833, 0.003] 66.919
[0.0, 0.125, -0.044, -1.016, -0.782, 0.003] 63.935
[0.0, 0.176, -0.095, -0.965, -0.731, 0.003] 69.289
[0.0, 0.227, -0.146, -0.914, -0.68, 0.003] 64.425
[0.0, 0.278, -0.197, -0.863, -0.629, 0.003] 69.846
[0.0, 0.33, -0.248, -0.812, -0.578, 0.003] 65.381
[0.0, 0.381, -0.299, -0.76, -0.526, 0.003] 66.066
[0.0, 0.432, -0.351, -0.709, -0.475, 0.003] 50.529
[0.0, 0.469, -0.402, -0.658, -0.424, 0.003] 66.2
[0.0, 0.485, -0.453, -0.607, -0.373, 0.003] 68.428
[0.0, 0.493, -0.504, -0.556, -0.322, 0.003] 64.156
[0.0, 0.497, -0.555, -0.504, -0.271, 0.003] 50.825
[0.0, 0.499, -0.607, -0.453, -0.219, 0.003] 66.985
[0.0, 0.499, -0.658, -0.402, -0.168, 0.003] 66.185
[0.0, 0.5, -0.709, -0.351, -0.117, 0.003] 66.75
[0.0, 0.5, -0.76, -0.3, -0.066, 0.003] 48.707
[0.0, 0.5, -0.811, -0.248, -0.032, 0.003] 67.93
[0.0, 0.5, -0.863, -0.197, -0.016, 0.003] 66.875
[0.0, 0.5, -0.914, -0.146, -0.009, 0.003] 66.369
[0.0, 0.5, -0.965, -0.095, -0.006, 0.003] 49.994
[0.0, 0.5, -1.016, -0.047, -0.004, 0.003] 66.272
[0.0, 0.5, -1.067, -0.022, -0.004, 0.003] 66.768
[0.0, 0.5, -1.119, -0.01, -0.003, 0.003] 66.228
[0.0, 0.5, -1.17, -0.005, -0.003, 0.003] 67.451
[0.0, 0.5, -1.213, -0.002, -0.003, 0.003] 52.216
[0.0, 0.5, -1.233, -0.001, -0.003, 0.003] 65.963
[0.0, 0.5, -1.242, -0.0, -0.003, 0.003] 64.812
[0.0, 0.449, -1.191, -0.0, -0.001, 0.001] 49.18
[0.0, 0.398, -1.14, -0.0, -0.001, 0.001] 66.081
[0.0, 0.346, -1.089, -0.0, -0.0, 0.0] 68.113
[0.0, 0.295, -1.037, -0.0, -0.0, 0.0] 65.951
[0.0, 0.244, -0.986, -0.0, -0.0, 0.0] 66.714
[0.0, 0.193, -0.935, -0.0, -0.0, 0.0] 66.597
[0.0, 0.142, -0.884, 0.0, -0.0, 0.0] 65.047
[0.0, 0.09, -0.833, -0.0, -0.0, 0.0] 61.362
[-0.0, 0.044, -0.781, 0.0, -0.0, 0.0] 74.492
[-0.0, 0.02, -0.73, -0.0, -0.0, -0.0] 39.729
[-0.0, 0.009, -0.679, 0.0, -0.0, -0.0] 59.155
[-0.0, 0.004, -0.628, -0.0, -0.0, 0.0] 66.69
[-0.0, 0.002, -0.577, 0.0, -0.0, -0.0] 50.579
[-0.0, 0.001, -0.525, 0.0, -0.0, -0.0] 65.882
[-0.0, 0.0, -0.474, -0.0, -0.0, 0.0] 66.618
[-0.0, 0.0, -0.423, -0.0, 0.0, 0.0] 66.589
[-0.0, 0.0, -0.372, -0.0, -0.0, -0.0] 66.266
[-0.0, 0.0, -0.321, -0.0, -0.0, -0.0] 71.307
[-0.0, 0.0, -0.269, -0.0, -0.0, 0.0] 45.403
[-0.0, 0.0, -0.218, -0.0, -0.0, -0.0] 55.431
[-0.0, 0.0, -0.167, -0.0, -0.0, 0.0] 77.821
[-0.0, 0.0, -0.116, -0.0, -0.0, 0.0] 66.103
[-0.0, 0.0, -0.065, -0.0, -0.0, -0.0] 67.906
[-0.0, -0.0, -0.03, -0.0, -0.0, -0.0] 60.053
[-0.0, -0.0, -0.014, -0.0, -0.0, -0.0] 72.692
[-0.0, -0.0, -0.006, -0.0, -0.0, -0.0] 66.22
