[-0.0, 0.5, -1.249, -0.0, -0.001, 0.001] 63.284
[-0.0, 0.449, -1.198, 0.0, -0.0, 0.0] 66.304
[-0.0, 0.398, -1.146, 0.0, -0.0, 0.0] 67.396
[-0.0, 0.346, -1.095, 0.0, -0.0, 0.0] 65.752
[-0.0, 0.295, -1.044, 0.0, -0.0, 0.0] 67.371
[-0.0, 0.244, -0.993, 0.0, -0.0, 0.0] 60.017
[-0.0, 0.193, -0.942, 0.0, -0.0, 0.0] 71.018
[0.0, 0.142, -0.89, 0.0, -0.0, 0.0] 51.908
[-0.0, 0.09, -0.839, 0.0, -0.0, 0.0] 66.076
[0.0, 0.044, -0.788, 0.0, -0.0, 0.0] 66.899
[-0.0, 0.02, -0.737, 0.0, -0.0, 0.0] 65.548
[-0.0, 0.009, -0.686, 0.0, -0.0, -0.0] 58.874
[-0.0, 0.004, -0.635, 0.0, -0.0, -0.0] 58.628
[-0.0, 0.002, -0.583, 0.0, -0.0, 0.0] 66.637
[-0.0, 0.001, -0.532, 0.0, -0.0, 0.0] 66.577
[-0.0, 0.0, -0.481, 0.0, -0.0, -0.0] 65.144
[-0.0, 0.0, -0.43, 0.0, -0.0, -0.0] 50.725
[-0.0, 0.0, -0.379, 0.0, -0.0, 0.0] 67.798
[-0.0, 0.0, -0.327, 0.0, -0.0, 0.0] 66.026
[-0.0, 0.0, -0.276, 0.0, -0.0, -0.0] 65.739
[-0.0, 0.0, -0.225, 0.0, -0.0, -0.0] 52.6
[-0.0, 0.0, -0.174, 0.0, -0.0, 0.0] 64.843
[-0.0, 0.0, -0.123, 0.0, -0.0, 0.0] 66.745
[-0.0, 0.0, -0.071, 0.0, -0.0, 0.0] 68.274
[-0.0, -0.0, -0.033, 0.0, -0.0, 0.0] 52.06
[-0.0, -0.0, -0.015, 0.0, -0.0, 0.0] 62.064
[-0.0, -0.0, -0.007, 0.0, -0.0, 0.0] 66.936
[0.051, 0.051, -0.046, -0.029, -0.051, 0.002] 67.136
[0.102, 0.102, -0.064, -0.042, -0.102, 0.002] 65.576
[0.154, 0.154, -0.072, -0.049, -0.154, 0.003] 55.136
[0.205, 0.205, -0.076, -0.052, -0.205, 0.003] 62.918
[0.256, 0.256, -0.077, -0.053, -0.256, 0.003] 65.708
[0.307, 0.307, -0.078, -0.053, -0.307, 0.003] 49.687
[0.358, 0.358, -0.079, -0.054, -0.358, 0.003] 67.107
[0.41, 0.41, -0.079, -0.054, -0.41, 0.003] 66.669
[0.461, 0.461, -0.079, -0.054, -0.461, 0.003] 66.459
[0.512, 0.512, -0.079, -0.054, -0.512, 0.003] 66.94
[0.563, 0.555, -0.079, -0.054, -0.563, 0.003] 65.492
[0.614, 0.575, -0.079, -0.054, -0.614, 0.003] 54.543
[0.666, 0.584, -0.079, -0.054, -0.666, 0.003] 62.039
[0.717, 0.588, -0.079, -0.054, -0.71, 0.003] 66.768
[0.768, 0.59, -0.079, -0.054, -0.731, 0.003] 67.917
[0.819, 0.591, -0.079, -0.054, -0.741, 0.003] 66.186
[0.87, 0.592, -0.079, -0.054, -0.746, 0.003] 54.259
[0.922, 0.592, -0.079, -0.054, -0.748, 0.003] 61.498
[0.973, 0.592, -0.079, -0.054, -0.749, 0.003] 67.288
[1.024, 0.592, -0.079, -0.054, -0.75, 0.003] 66.984
[1.075, 0.592, -0.079, -0.054, -0.75, 0.003] 52.607
[1.126, 0.592, -0.079, -0.054, -0.75, 0.003] 63.518
[1.178, 0.592, -0.079, -0.054, -0.75, 0.003] 76.533
[1.218, 0.592, -0.079, -0.054, -0.75, 0.003] 73.109
[1.237, 0.592, -0.079, -0.054, -0.75, 0.003] 54.336
[1.246, 0.592, -0.079, -0.054, -0.75, 0.003] 62.764
[1.194, 0.541, -0.028, -0.105, -0.801, 0.003] 66.817
[1.143, 0.49, 0.023, -0.156, -0.852, 0.003] 64.846
[1.092, 0.438, 0.075, -0.208, -0.903, 0.003] 67.058
[1.041, 0.387, 0.126, -0.259, -0.955, 0.003] 83.82
[0.99, 0.336, 0.177, -0.31, -1.006, 0.003] 53.496
[0.938, 0.285, 0.228, -0.361, -1.057, 0.003] 40.361
[0.887, 0.234, 0.279, -0.412, -1.108, 0.003] 58.077
[0.836, 0.182, 0.33, -0.463, -1.159, 0.003] 65.19
[0.785, 0.131, 0.382, -0.515, -1.21, 0.003] 66.53
[0.734, 0.08, 0.433, -0.566, -1.261, 0.003] 67.127
[0.682, 0.029, 0.484, -0.617, -1.312, 0.003] 57.385
[0.631, -0.022, 0.535, -0.668, -1.364, 0.003] 75.089
[0.58, -0.074, 0.586, -0.719, -1.415, 0.003] 68.845
[0.529, -0.125, 0.631, -0.771, -1.459, 0.003] 65.391
[0.478, -0.176, 0.654, -0.822, -1.481, 0.003] 49.983
[0.426, -0.227, 0.664, -0.873, -1.49, 0.003] 64.821
[0.375, -0.278, 0.669, -0.924, -1.495, 0.003] 67.509
[0.324, -0.33, 0.671, -0.975, -1.497, 0.003] 67.477
[0.273, -0.381, 0.672, -1.027, -1.498, 0.003] 65.188
[0.222, -0.432, 0.673, -1.078, -1.499, 0.003] 54.88
[0.17, -0.483, 0.673, -1.129, -1.499, 0.003] 62.261
[0.13, -0.534, 0.673, -1.18, -1.499, 0.003] 66.203
[0.112, -0.565, 0.673, -1.231, -1.499, 0.003] 67.679
[0.103, -0.58, 0.673, -1.283, -1.499, 0.003] 66.392
[0.099, -0.586, 0.673, -1.334, -1.499, 0.003] 52.675
[0.098, -0.589, 0.673, -1.369, -1.499, 0.003] 64.933
[0.097, -0.591, 0.673, -1.386, -1.499, 0.003] 63.866
[0.096, -0.591, 0.673, -1.393, -1.499, 0.003] 50.812
[0.148, -0.54, 0.622, -1.445, -1.448, 0.001] 64.671
[0.199, -0.489, 0.571, -1.496, -1.397, 0.001] 66.582
[0.25, -0.438, 0.533, -1.53, -1.346, 0.0] 68.63
[0.301, -0.387, 0.515, -1.546, -1.294, 0.0] 66.557
[0.352, -0.335, 0.507, -1.554, -1.243, 0.0] 68.764
[0.404, -0.284, 0.503, -1.557, -1.192, 0.0] 53.747
[0.455, -0.233, 0.501, -1.559, -1.141, 0.0] 66.096
[0.506, -0.182, 0.501, -1.559, -1.09, 0.0] 61.547
[0.557, -0.131, 0.5, -1.56, -1.038, 0.0] 66.01
[0.608, -0.08, 0.5, -1.56, -0.987, 0.0] 67.094
[0.66, -0.028, 0.5, -1.56, -0.936, -0.0] 66.475
[0.711, 0.023, 0.5, -1.56, -0.885, 0.0] 66.924
[0.762, 0.074, 0.5, -1.56, -0.834, -0.0] 54.033
[0.813, 0.125, 0.5, -1.56, -0.782, 0.0] 62.077
[0.858, 0.176, 0.5, -1.56, -0.731, 0.0] 65.772
[0.881, 0.228, 0.5, -1.56, -0.68, -0.0] 66.755
[0.891, 0.279, 0.5, -1.56, -0.629, 0.0] 67.359
[0.896, 0.33, 0.5, -1.56, -0.578, -0.0] 53.363
[0.898, 0.381, 0.5, -1.56, -0.527, 0.0] 68.319
[0.899, 0.432, 0.5, -1.56, -0.475, 0.0] 61.45
[0.9, 0.469, 0.5, -1.56, -0.424, -0.0] 66.48
[0.9, 0.486, 0.5, -1.56, -0.373, -0.0] 66.23
[0.9, 0.493, 0.5, -1.56, -0.322, -0.0] 50.639
[0.9, 0.497, 0.5, -1.56, -0.271, 0.0] 67.41
[0.9, 0.499, 0.5, -1.56, -0.219, 0.0] 65.36
[0.9, 0.499, 0.5, -1.56, -0.168, 0.0] 66.806
[0.9, 0.5, 0.5, -1.56, -0.117, -0.0] 65.588
[0.9, 0.5, 0.5, -1.56, -0.066, -0.0] 50.865
[0.9, 0.5, 0.5, -1.56, -0.03, -0.0] 66.697
[0.9, 0.5, 0.5, -1.56, -0.014, -0.0] 66.77
[0.9, 0.5, 0.5, -1.56, -0.006, 0.0] 66.936
[0.849, 0.5, 0.449, -1.509, -0.005, 0.002] 65.218
[0.798, 0.5, 0.398, -1.458, -0.004, 0.002] 52.418
[0.746, 0.5, 0.346, -1.406, -0.003, 0.003] 65.438
[0.695, 0.5, 0.295, -1.355, -0.003, 0.003] 66.13
[0.644, 0.5, 0.244, -1.304, -0.003, 0.003] 66.521
[0.593, 0.5, 0.193, -1.253, -0.003, 0.003] 53.868
[0.542, 0.5, 0.142, -1.202, -0.003, 0.003] 53.867
[0.49, 0.5, 0.09, -1.15, -0.003, 0.003] 75.933
[0.439, 0.5, 0.039, -1.099, -0.003, 0.003] 66.133
[0.388, 0.5, -0.012, -1.048, -0.003, 0.003] 67.619
[0.337, 0.5, -0.063, -0.997, -0.003, 0.003] 53.289
[0.286, 0.5, -0.114, -0.946, -0.003, 0.003] 64.903
[0.234, 0.5, -0.166, -0.894, -0.003, 0.003] 64.159
[0.183, 0.5, -0.217, -0.843, -0.003, 0.003] 66.467
[0.132, 0.5, -0.268, -0.792, -0.003, 0.003] 67.359
[0.081, 0.5, -0.319, -0.741, -0.003, 0.003] 65.357
[0.038, 0.5, -0.37, -0.69, -0.003, 0.003] 50.263
[0.017, 0.5, -0.422, -0.638, -0.003, 0.003] 68.144
[0.008, 0.5, -0.473, -0.587, -0.003, 0.003] 65.878
[0.004, 0.5, -0.524, -0.536, -0.003, 0.003] 50.833
[0.002, 0.5, -0.575, -0.485, -0.003, 0.003] 67.579
[0.001, 0.5, -0.626, -0.434, -0.003, 0.003] 65.721
[0.0, 0.5, -0.678, -0.382, -0.003, 0.003] 64.776
[0.0, 0.5, -0.729, -0.331, -0.003, 0.003] 67.164
[0.0, 0.5, -0.78, -0.28, -0.003, 0.003] 67.129
[0.0, 0.5, -0.831, -0.229, -0.003, 0.003] 49.781
[0.0, 0.5, -0.882, -0.178, -0.003, 0.003] 67.313
[0.0, 0.5, -0.933, -0.126, -0.003, 0.003] 66.55
[0.0, 0.5, -0.985, -0.075, -0.003, 0.003] 65.534
[0.0, 0.5, -1.036, -0.035, -0.003, 0.003] 52.987
[0.0, 0.5, -1.087, -0.016, -0.003, 0.003] 63.123
[-0.0, 0.5, -1.138, -0.007, -0.003, 0.003] 52.68
[-0.0, 0.5, -1.189, -0.003, -0.003, 0.003] 64.522
[-0.0, 0.5, -1.222, -0.002, -0.003, 0.003] 66.209
[-0.0, 0.5, -1.237, -0.001, -0.003, 0.003] 66.334
[-0.0, 0.5, -1.244, -0.0, -0.003, 0.003] 66.738
[-0.0, 0.5, -1.247, -0.0, -0.001, 0.001] 66.659
