[-0.0, 0.5, -1.249, -0.0, -0.001, 0.001] 50.742
[-0.0, 0.449, -1.198, 0.0, -0.0, 0.0] 62.694
[-0.0, 0.398, -1.146, 0.0, -0.0, 0.0] 53.164
[-0.0, 0.346, -1.095, 0.0, -0.0, 0.0] 80.496
[-0.0, 0.295, -1.044, 0.0, -0.0, 0.0] 65.165
[-0.0, 0.244, -0.993, 0.0, -0.0, 0.0] 54.719
[-0.0, 0.193, -0.942, 0.0, -0.0, 0.0] 62.52
[0.0, 0.142, -0.89, 0.0, -0.0, 0.0] 65.837
[-0.0, 0.09, -0.839, 0.0, -0.0, 0.0] 67.731
[0.0, 0.044, -0.788, 0.0, -0.0, 0.0] 66.067
[-0.0, 0.02, -0.737, 0.0, -0.0, 0.0] 53.291
[-0.0, 0.009, -0.686, 0.0, -0.0, -0.0] 63.453
[-0.0, 0.004, -0.635, 0.0, -0.0, -0.0] 66.566
[-0.0, 0.002, -0.583, 0.0, -0.0, 0.0] 67.007
[-0.0, 0.001, -0.532, 0.0, -0.0, 0.0] 64.937
[-0.0, 0.0, -0.481, 0.0, -0.0, -0.0] 51.088
[-0.0, 0.0, -0.43, 0.0, -0.0, -0.0] 67.314
[-0.0, 0.0, -0.379, 0.0, -0.0, 0.0] 64.417
[-0.0, 0.0, -0.327, 0.0, -0.0, 0.0] 62.125
[-0.0, 0.0, -0.276, 0.0, -0.0, -0.0] 56.167
[-0.0, 0.0, -0.225, 0.0, -0.0, -0.0] 65.851
[-0.0, 0.0, -0.174, 0.0, -0.0, 0.0] 67.216
[-0.0, 0.0, -0.123, 0.0, -0.0, 0.0] 68.281
[-0.0, 0.0, -0.071, 0.0, -0.0, 0.0] 62.126
[-0.0, -0.0, -0.033, 0.0, -0.0, 0.0] 55.997
[-0.0, -0.0, -0.015, 0.0, -0.0, 0.0] 64.104
[-0.0, -0.0, -0.007, 0.0, -0.0, 0.0] 66.028
[0.051, 0.051, -0.046, -0.029, -0.051, 0.002] 64.828
[0.102, 0.102, -0.064, -0.042, -0.102, 0.002] 54.575
[0.154, 0.154, -0.072, -0.049, -0.154, 0.003] 54.517
[0.205, 0.205, -0.076, -0.052, -0.205, 0.003] 75.738
[0.256, 0.256, -0.077, -0.053, -0.256, 0.003] 66.907
[0.307, 0.307, -0.078, -0.053, -0.307, 0.003] 67.925
[0.358, 0.358, -0.079, -0.054, -0.358, 0.003] 49.589
[0.41, 0.41, -0.079, -0.054, -0.41, 0.003] 65.253
[0.461, 0.461, -0.079, -0.054, -0.461, 0.003] 67.152
[0.512, 0.512, -0.079, -0.054, -0.512, 0.003] 66.298
[0.563, 0.555, -0.079, -0.054, -0.563, 0.003] 66.348
[0.614, 0.575, -0.079, -0.054, -0.614, 0.003] 50.138
[0.666, 0.584, -0.079, -0.054, -0.666, 0.003] 51.168
[0.717, 0.588, -0.079, -0.054, -0.71, 0.003] 64.24
[0.768, 0.59, -0.079, -0.054, -0.731, 0.003] 68.24
[0.819, 0.591, -0.079, -0.054, -0.741, 0.003] 67.362
[0.87, 0.592, -0.079, -0.054, -0.746, 0.003] 65.086
[0.922, 0.592, -0.079, -0.054, -0.748, 0.003] 68.309
[0.973, 0.592, -0.079, -0.054, -0.749, 0.003] 41.083
[1.024, 0.592, -0.079, -0.054, -0.75, 0.003] 74.224
[1.075, 0.592, -0.079, -0.054, -0.75, 0.003] 66.316
[1.126, 0.592, -0.079, -0.054, -0.75, 0.003] 66.223
[1.178, 0.592, -0.079, -0.054, -0.75, 0.003] 53.765
[1.218, 0.592, -0.079, -0.054, -0.75, 0.003] 64.079
[1.237, 0.592, -0.079, -0.054, -0.75, 0.003] 66.27
[1.246, 0.592, -0.079, -0.054, -0.75, 0.003] 66.412
[1.194, 0.541, -0.028, -0.105, -0.801, 0.003] 53.939
[1.143, 0.49, 0.023, -0.156, -0.852, 0.003] 62.082
[1.092, 0.438, 0.075, -0.208, -0.903, 0.003] 66.759
[1.041, 0.387, 0.126, -0.259, -0.955, 0.003] 75.838
[0.99, 0.336, 0.177, -0.31, -1.006, 0.003] 57.474
[0.938, 0.285, 0.228, -0.361, -1.057, 0.003] 54.199
[0.887, 0.234, 0.279, -0.412, -1.108, 0.003] 65.599
[0.836, 0.182, 0.33, -0.463, -1.159, 0.003] 63.802
[0.785, 0.131, 0.382, -0.515, -1.21, 0.003] 66.373
[0.734, 0.08, 0.433, -0.566, -1.261, 0.003] 66.667
[0.682, 0.029, 0.484, -0.617, -1.312, 0.003] 51.661
[0.631, -0.022, 0.535, -0.668, -1.364, 0.003] 64.474
[0.58, -0.074, 0.586, -0.719, -1.415, 0.003] 67.179
[0.529, -0.125, 0.631, -0.771, -1.459, 0.003] 66.744
[0.478, -0.176, 0.654, -0.822, -1.481, 0.003] 53.81
[0.426, -0.227, 0.664, -0.873, -1.49, 0.003] 62.191
[0.375, -0.278, 0.669, -0.924, -1.495, 0.003] 66.615
[0.324, -0.33, 0.671, -0.975, -1.497, 0.003] 66.513
[0.273, -0.381, 0.672, -1.027, -1.498, 0.003] 66.256
[0.222, -0.432, 0.673, -1.078, -1.499, 0.003] 68.717
[0.17, -0.483, 0.673, -1.129, -1.499, 0.003] 38.648
[0.13, -0.534, 0.673, -1.18, -1.499, 0.003] 59.585
[0.112, -0.565, 0.673, -1.231, -1.499, 0.003] 66.472
[0.103, -0.58, 0.673, -1.283, -1.499, 0.003] 66.153
[0.099, -0.586, 0.673, -1.334, -1.499, 0.003] 66.18
[0.098, -0.589, 0.673, -1.369, -1.499, 0.003] 48.311
[0.097, -0.591, 0.673, -1.386, -1.499, 0.003] 69.536
[0.096, -0.591, 0.673, -1.393, -1.499, 0.003] 65.959
[0.148, -0.54, 0.622, -1.445, -1.448, 0.001] 66.632
[0.199, -0.489, 0.571, -1.496, -1.397, 0.001] 66.612
[0.25, -0.438, 0.533, -1.53, -1.346, 0.0] 64.739
[0.301, -0.387, 0.515, -1.546, -1.294, 0.0] 52.136
[0.352, -0.335, 0.507, -1.554, -1.243, 0.0] 64.287
[0.404, -0.284, 0.503, -1.557, -1.192, 0.0] 60.644
[0.455, -0.233, 0.501, -1.559, -1.141, 0.0] 74.554
[0.506, -0.182, 0.501, -1.559, -1.09, 0.0] 53.591
[0.557, -0.131, 0.5, -1.56, -1.038, 0.0] 63.7
[0.608, -0.08, 0.5, -1.56, -0.987, 0.0] 66.942
[0.66, -0.028, 0.5, -1.56, -0.936, -0.0] 65.398
[0.711, 0.023, 0.5, -1.56, -0.885, 0.0] 67.111
[0.762, 0.074, 0.5, -1.56, -0.834, -0.0] 66.19
[0.813, 0.125, 0.5, -1.56, -0.782, 0.0] 54.054
[0.858, 0.176, 0.5, -1.56, -0.731, 0.0] 67.288
[0.881, 0.228, 0.5, -1.56, -0.68, -0.0] 61.843
[0.891, 0.279, 0.5, -1.56, -0.629, 0.0] 66.918
[0.896, 0.33, 0.5, -1.56, -0.578, -0.0] 66.107
[0.898, 0.381, 0.5, -1.56, -0.527, 0.0] 66.714
[0.899, 0.432, 0.5, -1.56, -0.475, 0.0] 49.593
[0.9, 0.469, 0.5, -1.56, -0.424, -0.0] 69.13
[0.9, 0.486, 0.5, -1.56, -0.373, -0.0] 65.447
[0.9, 0.493, 0.5, -1.56, -0.322, -0.0] 64.998
[0.9, 0.497, 0.5, -1.56, -0.271, 0.0] 50.808
[0.9, 0.499, 0.5, -1.56, -0.219, 0.0] 66.247
[0.9, 0.499, 0.5, -1.56, -0.168, 0.0] 66.916
[0.9, 0.5, 0.5, -1.56, -0.117, -0.0] 66.569
[0.9, 0.5, 0.5, -1.56, -0.066, -0.0] 53.837
[0.9, 0.5, 0.5, -1.56, -0.03, -0.0] 63.099
[0.9, 0.5, 0.5, -1.56, -0.014, -0.0] 66.313
[0.9, 0.5, 0.5, -1.56, -0.006, 0.0] 66.646
[0.849, 0.5, 0.449, -1.509, -0.005, 0.002] 67.474
[0.798, 0.5, 0.398, -1.458, -0.004, 0.002] 48.662
[0.746, 0.5, 0.346, -1.406, -0.003, 0.003] 66.959
[0.695, 0.5, 0.295, -1.355, -0.003, 0.003] 67.057
[0.644, 0.5, 0.244, -1.304, -0.003, 0.003] 66.38
[0.593, 0.5, 0.193, -1.253, -0.003, 0.003] 66.147
[0.542, 0.5, 0.142, -1.202, -0.003, 0.003] 48.418
[0.49, 0.5, 0.09, -1.15, -0.003, 0.003] 78.292
[0.439, 0.5, 0.039, -1.099, -0.003, 0.003] 73.796
[0.388, 0.5, -0.012, -1.048, -0.003, 0.003] 66.03
[0.337, 0.5, -0.063, -0.997, -0.003, 0.003] 67.034
[0.286, 0.5, -0.114, -0.946, -0.003, 0.003] 50.118
[0.234, 0.5, -0.166, -0.894, -0.003, 0.003] 66.112
[0.183, 0.5, -0.217, -0.843, -0.003, 0.003] 76.473
[0.132, 0.5, -0.268, -0.792, -0.003, 0.003] 61.92
[0.081, 0.5, -0.319, -0.741, -0.003, 0.003] 61.336
[0.038, 0.5, -0.37, -0.69, -0.003, 0.003] 67.054
[0.017, 0.5, -0.422, -0.638, -0.003, 0.003] 67.63
[0.008, 0.5, -0.473, -0.587, -0.003, 0.003] 66.01
[0.004, 0.5, -0.524, -0.536, -0.003, 0.003] 49.081
[0.002, 0.5, -0.575, -0.485, -0.003, 0.003] 66.832
[0.001, 0.5, -0.626, -0.434, -0.003, 0.003] 65.612
[0.0, 0.5, -0.678, -0.382, -0.003, 0.003] 67.87
[0.0, 0.5, -0.729, -0.331, -0.003, 0.003] 67.34
[0.0, 0.5, -0.78, -0.28, -0.003, 0.003] 49.527
[0.0, 0.5, -0.831, -0.229, -0.003, 0.003] 63.886
[0.0, 0.5, -0.882, -0.178, -0.003, 0.003] 55.738
[0.0, 0.5, -0.933, -0.126, -0.003, 0.003] 70.311
[0.0, 0.5, -0.985, -0.075, -0.003, 0.003] 57.23
[0.0, 0.5, -1.036, -0.035, -0.003, 0.003] 68.552
[0.0, 0.5, -1.087, -0.016, -0.003, 0.003] 66.445
[-0.0, 0.5, -1.138, -0.007, -0.003, 0.003] 58.152
[-0.0, 0.5, -1.189, -0.003, -0.003, 0.003] 59.812
[-0.0, 0.5, -1.222, -0.002, -0.003, 0.003] 66.003
[-0.0, 0.5, -1.237, -0.001, -0.003, 0.003] 82.782
[-0.0, 0.5, -1.244, -0.0, -0.003, 0.003] 66.496
[-0.0, 0.5, -1.247, -0.0, -0.001, 0.001] 65.553
