[-0.0, 0.5, -1.249, -0.0, -0.001, 0.001] 66.032
[-0.0, 0.449, -1.198, 0.0, -0.0, 0.0] 66.359
[-0.0, 0.398, -1.146, 0.0, -0.0, 0.0] 67.971
[-0.0, 0.346, -1.095, 0.0, -0.0, 0.0] 46.705
[-0.0, 0.295, -1.044, 0.0, -0.0, 0.0] 70.049
[-0.0, 0.244, -0.993, 0.0, -0.0, 0.0] 64.99
[-0.0, 0.193, -0.942, 0.0, -0.0, 0.0] 66.003
[0.0, 0.142, -0.89, 0.0, -0.0, 0.0] 54.415
[-0.0, 0.09, -0.839, 0.0, -0.0, 0.0] 63.866
[0.0, 0.044, -0.788, 0.0, -0.0, 0.0] 64.641
[-0.0, 0.02, -0.737, 0.0, -0.0, 0.0] 67.856
[-0.0, 0.009, -0.686, 0.0, -0.0, -0.0] 66.804
[-0.0, 0.004, -0.635, 0.0, -0.0, -0.0] 53.885
[-0.0, 0.002, -0.583, 0.0, -0.0, 0.0] 61.322
[-0.0, 0.001, -0.532, 0.0, -0.0, 0.0] 67.666
[-0.0, 0.0, -0.481, 0.0, -0.0, -0.0] 67.156
[-0.0, 0.0, -0.43, 0.0, -0.0, -0.0] 66.112
[-0.0, 0.0, -0.379, 0.0, -0.0, 0.0] 66.616
[-0.0, 0.0, -0.327, 0.0, -0.0, 0.0] 49.224
[-0.0, 0.0, -0.276, 0.0, -0.0, -0.0] 66.96
[-0.0, 0.0, -0.225, 0.0, -0.0, -0.0] 68.121
[-0.0, 0.0, -0.174, 0.0, -0.0, 0.0] 54.356
[-0.0, 0.0, -0.123, 0.0, -0.0, 0.0] 77.703
[-0.0, 0.0, -0.071, 0.0, -0.0, 0.0] 53.412
[-0.0, -0.0, -0.033, 0.0, -0.0, 0.0] 38.893
[-0.0, -0.0, -0.015, 0.0, -0.0, 0.0] 74.204
[-0.0, -0.0, -0.007, 0.0, -0.0, 0.0] 66.387
[0.051, 0.051, -0.046, -0.029, -0.051, 0.002] 65.796
[0.102, 0.102, -0.064, -0.042, -0.102, 0.002] 68.313
[0.154, 0.154, -0.072, -0.049, -0.154, 0.003] 55.514
[0.205, 0.205, -0.076, -0.052, -0.205, 0.003] 60.631
[0.256, 0.256, -0.077, -0.053, -0.256, 0.003] 66.082
[0.307, 0.307, -0.078, -0.053, -0.307, 0.003] 66.492
[0.358, 0.358, -0.079, -0.054, -0.358, 0.003] 66.609
[0.41, 0.41, -0.079, -0.054, -0.41, 0.003] 65.887
[0.461, 0.461, -0.079, -0.054, -0.461, 0.003] 50.716
[0.512, 0.512, -0.079, -0.054, -0.512, 0.003] 66.599
[0.563, 0.555, -0.079, -0.054, -0.563, 0.003] 66.517
[0.614, 0.575, -0.079, -0.054, -0.614, 0.003] 66.414
[0.666, 0.584, -0.079, -0.054, -0.666, 0.003] 68.42
[0.717, 0.588, -0.079, -0.054, -0.71, 0.003] 48.161
[0.768, 0.59, -0.079, -0.054, -0.731, 0.003] 65.556
[0.819, 0.591, -0.079, -0.054, -0.741, 0.003] 68.341
[0.87, 0.592, -0.079, -0.054, -0.746, 0.003] 65.712
[0.922, 0.592, -0.079, -0.054, -0.748, 0.003] 50.906
[0.973, 0.592, -0.079, -0.054, -0.749, 0.003] 66.287
[1.024, 0.592, -0.079, -0.054, -0.75, 0.003] 66.348
[1.075, 0.592, -0.079, -0.054, -0.75, 0.003] 66.711
[1.126, 0.592, -0.079, -0.054, -0.75, 0.003] 66.914
[1.178, 0.592, -0.079, -0.054, -0.75, 0.003] 49.863
[1.218, 0.592, -0.079, -0.054, -0.75, 0.003] 66.127
[1.237, 0.592, -0.079, -0.054, -0.75, 0.003] 65.449
[1.246, 0.592, -0.079, -0.054, -0.75, 0.003] 70.46
[1.194, 0.541, -0.028, -0.105, -0.801, 0.003] 51.871
[1.143, 0.49, 0.023, -0.156, -0.852, 0.003] 65.792
[1.092, 0.438, 0.075, -0.208, -0.903, 0.003] 63.521
[1.041, 0.387, 0.126, -0.259, -0.955, 0.003] 67.505
[0.99, 0.336, 0.177, -0.31, -1.006, 0.003] 66.519
[0.938, 0.285, 0.228, -0.361, -1.057, 0.003] 48.46
[0.887, 0.234, 0.279, -0.412, -1.108, 0.003] 65.859
[0.836, 0.182, 0.33, -0.463, -1.159, 0.003] 67.551
[0.785, 0.131, 0.382, -0.515, -1.21, 0.003] 66.456
[0.734, 0.08, 0.433, -0.566, -1.261, 0.003] 67.058
[0.682, 0.029, 0.484, -0.617, -1.312, 0.003] 66.923
[0.631, -0.022, 0.535, -0.668, -1.364, 0.003] 50.056
[0.58, -0.074, 0.586, -0.719, -1.415, 0.003] 65.98
[0.529, -0.125, 0.631, -0.771, -1.459, 0.003] 65.949
[0.478, -0.176, 0.654, -0.822, -1.481, 0.003] 67.355
[0.426, -0.227, 0.664, -0.873, -1.49, 0.003] 47.428
[0.375, -0.278, 0.669, -0.924, -1.495, 0.003] 68.797
[0.324, -0.33, 0.671, -0.975, -1.497, 0.003] 66.811
[0.273, -0.381, 0.672, -1.027, -1.498, 0.003] 66.366
[0.222, -0.432, 0.673, -1.078, -1.499, 0.003] 67.742
[0.17, -0.483, 0.673, -1.129, -1.499, 0.003] 48.205
[0.13, -0.534, 0.673, -1.18, -1.499, 0.003] 67.605
[0.112, -0.565, 0.673, -1.231, -1.499, 0.003] 66.602
[0.103, -0.58, 0.673, -1.283, -1.499, 0.003] 65.035
[0.099, -0.586, 0.673, -1.334, -1.499, 0.003] 57.396
[0.098, -0.589, 0.673, -1.369, -1.499, 0.003] 76.89
[0.097, -0.591, 0.673, -1.386, -1.499, 0.003] 50.375
[0.096, -0.591, 0.673, -1.393, -1.499, 0.003] 83.221
[0.148, -0.54, 0.622, -1.445, -1.448, 0.001] 67.254
[0.199, -0.489, 0.571, -1.496, -1.397, 0.001] 49.183
[0.25, -0.438, 0.533, -1.53, -1.346, 0.0] 66.652
[0.301, -0.387, 0.515, -1.546, -1.294, 0.0] 71.463
[0.352, -0.335, 0.507, -1.554, -1.243, 0.0] 62.462
[0.404, -0.284, 0.503, -1.557, -1.192, 0.0] 49.503
[0.455, -0.233, 0.501, -1.559, -1.141, 0.0] 66.347
[0.506, -0.182, 0.501, -1.559, -1.09, 0.0] 67.337
[0.557, -0.131, 0.5, -1.56, -1.038, 0.0] 65.704
[0.608, -0.08, 0.5, -1.56, -0.987, 0.0] 66.808
[0.66, -0.028, 0.5, -1.56, -0.936, -0.0] 66.694
[0.711, 0.023, 0.5, -1.56, -0.885, 0.0] 41.344
[0.762, 0.074, 0.5, -1.56, -0.834, -0.0] 74.861
[0.813, 0.125, 0.5, -1.56, -0.782, 0.0] 50.659
[0.858, 0.176, 0.5, -1.56, -0.731, 0.0] 66.089
[0.881, 0.228, 0.5, -1.56, -0.68, -0.0] 67.131
[0.891, 0.279, 0.5, -1.56, -0.629, 0.0] 59.84
[0.896, 0.33, 0.5, -1.56, -0.578, -0.0] 72.264
[0.898, 0.381, 0.5, -1.56, -0.527, 0.0] 67.613
[0.899, 0.432, 0.5, -1.56, -0.475, 0.0] 66.403
[0.9, 0.469, 0.5, -1.56, -0.424, -0.0] 64.683
[0.9, 0.486, 0.5, -1.56, -0.373, -0.0] 69.078
[0.9, 0.493, 0.5, -1.56, -0.322, -0.0] 53.017
[0.9, 0.497, 0.5, -1.56, -0.271, 0.0] 63.524
[0.9, 0.499, 0.5, -1.56, -0.219, 0.0] 65.891
[0.9, 0.499, 0.5, -1.56, -0.168, 0.0] 66.569
[0.9, 0.5, 0.5, -1.56, -0.117, -0.0] 53.668
[0.9, 0.5, 0.5, -1.56, -0.066, -0.0] 61.376
[0.9, 0.5, 0.5, -1.56, -0.03, -0.0] 68.369
[0.9, 0.5, 0.5, -1.56, -0.014, -0.0] 67.531
[0.9, 0.5, 0.5, -1.56, -0.006, 0.0] 65.206
[0.849, 0.5, 0.449, -1.509, -0.005, 0.002] 53.838
[0.798, 0.5, 0.398, -1.458, -0.004, 0.002] 62.893
[0.746, 0.5, 0.346, -1.406, -0.003, 0.003] 58.823
[0.695, 0.5, 0.295, -1.355, -0.003, 0.003] 59.183
[0.644, 0.5, 0.244, -1.304, -0.003, 0.003] 66.977
[0.593, 0.5, 0.193, -1.253, -0.003, 0.003] 64.823
[0.542, 0.5, 0.142, -1.202, -0.003, 0.003] 66.818
[0.49, 0.5, 0.09, -1.15, -0.003, 0.003] 65.247
[0.439, 0.5, 0.039, -1.099, -0.003, 0.003] 55.991
[0.388, 0.5, -0.012, -1.048, -0.003, 0.003] 62.113
[0.337, 0.5, -0.063, -0.997, -0.003, 0.003] 68.051
[0.286, 0.5, -0.114, -0.946, -0.003, 0.003] 64.746
[0.234, 0.5, -0.166, -0.894, -0.003, 0.003] 67.538
[0.183, 0.5, -0.217, -0.843, -0.003, 0.003] 50.888
[0.132, 0.5, -0.268, -0.792, -0.003, 0.003] 65.646
[0.081, 0.5, -0.319, -0.741, -0.003, 0.003] 65.825
[0.038, 0.5, -0.37, -0.69, -0.003, 0.003] 66.657
[0.017, 0.5, -0.422, -0.638, -0.003, 0.003] 67.266
[0.008, 0.5, -0.473, -0.587, -0.003, 0.003] 51.882
[0.004, 0.5, -0.524, -0.536, -0.003, 0.003] 63.65
[0.002, 0.5, -0.575, -0.485, -0.003, 0.003] 66.923
[0.001, 0.5, -0.626, -0.434, -0.003, 0.003] 64.825
[0.0, 0.5, -0.678, -0.382, -0.003, 0.003] 52.002
[0.0, 0.5, -0.729, -0.331, -0.003, 0.003] 66.368
[0.0, 0.5, -0.78, -0.28, -0.003, 0.003] 65.882
[0.0, 0.5, -0.831, -0.229, -0.003, 0.003] 67.352
[0.0, 0.5, -0.882, -0.178, -0.003, 0.003] 66.351
[0.0, 0.5, -0.933, -0.126, -0.003, 0.003] 67.207
[0.0, 0.5, -0.985, -0.075, -0.003, 0.003] 41.476
[0.0, 0.5, -1.036, -0.035, -0.003, 0.003] 74.689
[0.0, 0.5, -1.087, -0.016, -0.003, 0.003] 66.519
[-0.0, 0.5, -1.138, -0.007, -0.003, 0.003] 64.533
[-0.0, 0.5, -1.189, -0.003, -0.003, 0.003] 54.708
[-0.0, 0.5, -1.222, -0.002, -0.003, 0.003] 64.03
[-0.0, 0.5, -1.237, -0.001, -0.003, 0.003] 65.575
[-0.0, 0.5, -1.244, -0.0, -0.003, 0.003] 67.36
[-0.0, 0.5, -1.247, -0.0, -0.001, 0.001] 66.541
