[-0.0, 0.051, -0.058, -0.0, -0.0, -0.0] 65.654
[-0.0, 0.102, -0.109, -0.0, -0.0, -0.0] 66.967
[-0.0, 0.154, -0.16, -0.0, -0.0, -0.0] 48.728
[-0.0, 0.205, -0.211, -0.0, -0.0, -0.0] 59.023
[-0.0, 0.256, -0.262, -0.0, -0.0, 0.0] 75.105
[-0.0, 0.307, -0.313, -0.0, -0.0, -0.0] 50.648
[-0.0, 0.358, -0.365, -0.0, -0.0, -0.0] 66.55
[0.0, 0.41, -0.416, -0.0, -0.0, -0.0] 65.66
[0.0, 0.456, -0.467, -0.0, 0.0, -0.0] 64.916
[0.0, 0.48, -0.518, -0.0, 0.0, -0.0] 68.837
[0.0, 0.491, -0.569, 0.0, 0.0, -0.0] 52.662
[0.0, 0.496, -0.621, 0.0, 0.0, -0.0] 63.635
[0.0, 0.498, -0.672, 0.0, 0.0, -0.0] 66.881
[0.0, 0.499, -0.723, 0.0, 0.0, 0.0] 64.88
[0.0, 0.5, -0.774, 0.0, 0.0, -0.0] 51.716
[0.0, 0.5, -0.825, 0.0, 0.0, 0.0] 66.676
[0.0, 0.5, -0.877, 0.0, 0.0, 0.0] 68.457
[0.0, 0.5, -0.928, 0.0, 0.0, 0.0] 64.912
[0.0, 0.5, -0.979, 0.0, 0.0, 0.0] 53.042
[0.0, 0.5, -1.03, 0.0, 0.0, 0.0] 62.456
[0.0, 0.5, -1.081, 0.0, 0.0, 0.0] 67.52
[0.0, 0.5, -1.133, 0.0, 0.0, 0.0] 52.421
[0.0, 0.5, -1.184, 0.0, 0.0, 0.0] 63.442
[0.0, 0.5, -1.219, 0.0, 0.0, 0.0] 67.471
[0.0, 0.5, -1.236, 0.0, 0.0, 0.0] 82.364
[0.0, 0.5, -1.243, 0.0, 0.0, 0.0] 59.836
[0.0, 0.449, -1.192, 0.0, 0.0, 0.0] 56.31
[0.0, 0.398, -1.141, 0.0, 0.0, -0.0] 67.699
[0.0, 0.346, -1.09, 0.0, 0.0, 0.0] 66.373
[0.0, 0.295, -1.039, -0.0, 0.0, 0.0] 66.758
[0.0, 0.244, -0.988, 0.0, 0.0, -0.0] 66.055
[0.0, 0.193, -0.936, 0.0, 0.0, -0.0] 68.44
[0.0, 0.142, -0.885, 0.0, 0.0, 0.0] 48.598
[0.0, 0.09, -0.834, 0.0, 0.0, -0.0] 66.479
[-0.0, 0.044, -0.783, 0.0, -0.0, 0.0] 66.649
[0.0, 0.02, -0.732, 0.0, -0.0, 0.0] 66.503
[0.0, 0.009, -0.68, 0.0, -0.0, 0.0] 63.881
[0.0, 0.004, -0.629, 0.0, -0.0, 0.0] 69.241
[0.0, 0.002, -0.578, 0.0, -0.0, 0.0] 49.796
[0.0, 0.001, -0.527, 0.0, -0.0, 0.0] 67.177
[0.0, 0.0, -0.476, 0.0, -0.0, 0.0] 66.027
[0.0, 0.0, -0.424, 0.0, -0.0, 0.0] 66.871
[0.0, 0.0, -0.373, 0.0, -0.0, 0.0] 49.877
[0.0, 0.0, -0.322, 0.0, -0.0, 0.0] 72.943
[0.0, 0.0, -0.271, 0.0, -0.0, 0.0] 60.512
[0.0, 0.0, -0.22, 0.0, -0.0, 0.0] 66.814
[0.0, 0.0, -0.168, 0.0, -0.0, 0.0] 66.776
[0.0, 0.0, -0.117, 0.0, -0.0, 0.0] 66.281
[0.0, 0.0, -0.066, 0.0, -0.0, 0.0] 49.854
[0.0, -0.0, -0.031, 0.0, -0.0, 0.0] 66.741
[0.0, -0.0, -0.014, 0.0, -0.0, 0.0] 47.122
[0.0, -0.0, -0.007, 0.0, -0.0, 0.0] 70.231
[0.051, 0.051, -0.045, -0.029, -0.051, 0.002] 64.723
[0.102, 0.102, -0.063, -0.042, -0.102, 0.002] 84.795
[0.154, 0.154, -0.072, -0.049, -0.154, 0.003] 66.551
[0.205, 0.205, -0.076, -0.052, -0.205, 0.003] 67.649
[0.256, 0.256, -0.077, -0.053, -0.256, 0.003] 48.48
[0.307, 0.307, -0.078, -0.053, -0.307, 0.003] 67.505
[0.358, 0.358, -0.079, -0.054, -0.358, 0.003] 65.355
[0.41, 0.41, -0.079, -0.054, -0.41, 0.003] 66.859
[0.461, 0.461, -0.079, -0.054, -0.461, 0.003] 52.518
[0.512, 0.512, -0.079, -0.054, -0.512, 0.003] 61.457
[0.563, 0.555, -0.079, -0.054, -0.563, 0.003] 52.433
[0.614, 0.575, -0.079, -0.054, -0.614, 0.003] 65.726
[0.666, 0.584, -0.079, -0.054, -0.666, 0.003] 67.518
[0.717, 0.588, -0.079, -0.054, -0.71, 0.003] 68.316
[0.768, 0.59, -0.079, -0.054, -0.731, 0.003] 63.967
[0.819, 0.591, -0.079, -0.054, -0.741, 0.003] 54.088
[0.87, 0.592, -0.079, -0.054, -0.746, 0.003] 51.798
[0.922, 0.592, -0.079, -0.054, -0.748, 0.003] 77.674
[0.973, 0.592, -0.079, -0.054, -0.749, 0.003] 66.916
[1.024, 0.592, -0.079, -0.054, -0.75, 0.003] 66.657
[1.075, 0.592, -0.079, -0.054, -0.75, 0.003] 66.693
[1.126, 0.592, -0.079, -0.054, -0.75, 0.003] 53.477
[1.178, 0.592, -0.079, -0.054, -0.75, 0.003] 62.586
[1.218, 0.592, -0.079, -0.054, -0.75, 0.003] 65.971
[1.237, 0.592, -0.079, -0.054, -0.75, 0.003] 67.484
[1.246, 0.592, -0.079, -0.054, -0.75, 0.003] 65.331
[1.194, 0.541, -0.028, -0.105, -0.801, 0.003] 49.28
[1.143, 0.49, 0.023, -0.156, -0.852, 0.003] 68.167
[1.092, 0.438, 0.075, -0.208, -0.903, 0.003] 67.478
[1.041, 0.387, 0.126, -0.259, -0.955, 0.003] 66.317
[0.99, 0.336, 0.177, -0.31, -1.006, 0.003] 53.706
[0.938, 0.285, 0.228, -0.361, -1.057, 0.003] 64.083
[0.887, 0.234, 0.279, -0.412, -1.108, 0.003] 65.213
[0.836, 0.182, 0.33, -0.463, -1.159, 0.003] 65.119
[0.785, 0.131, 0.382, -0.515, -1.21, 0.003] 51.58
[0.734, 0.08, 0.433, -0.566, -1.261, 0.003] 66.468
[0.682, 0.029, 0.484, -0.617, -1.312, 0.003] 67.243
[0.631, -0.022, 0.535, -0.668, -1.364, 0.003] 66.415
[0.58, -0.074, 0.586, -0.719, -1.415, 0.003] 66.123
[0.529, -0.125, 0.631, -0.771, -1.459, 0.003] 66.993
[0.478, -0.176, 0.654, -0.822, -1.481, 0.003] 66.736
[0.426, -0.227, 0.664, -0.873, -1.49, 0.003] 53.907
[0.375, -0.278, 0.669, -0.924, -1.495, 0.003] 61.56
[0.324, -0.33, 0.671, -0.975, -1.497, 0.003] 64.626
[0.273, -0.381, 0.672, -1.027, -1.498, 0.003] 69.777
[0.222, -0.432, 0.673, -1.078, -1.499, 0.003] 66.802
[0.17, -0.483, 0.673, -1.129, -1.499, 0.003] 53.211
[0.13, -0.534, 0.673, -1.18, -1.499, 0.003] 62.46
[0.112, -0.565, 0.673, -1.231, -1.499, 0.003] 65.958
[0.103, -0.58, 0.673, -1.283, -1.499, 0.003] 68.098
[0.099, -0.586, 0.673, -1.334, -1.499, 0.003] 66.24
[0.098, -0.589, 0.673, -1.369, -1.499, 0.003] 67.294
[0.097, -0.591, 0.673, -1.386, -1.499, 0.003] 48.622
[0.096, -0.591, 0.673, -1.393, -1.499, 0.003] 67.974
[0.148, -0.54, 0.622, -1.445, -1.448, 0.001] 65.48
[0.199, -0.489, 0.571, -1.496, -1.397, 0.001] 67.116
[0.25, -0.438, 0.533, -1.53, -1.346, 0.0] 57.238
[0.301, -0.387, 0.515, -1.546, -1.294, 0.0] 59.894
[0.352, -0.335, 0.507, -1.554, -1.243, 0.0] 65.275
[0.404, -0.284, 0.503, -1.557, -1.192, 0.0] 68.611
[0.455, -0.233, 0.501, -1.559, -1.141, 0.0] 66.326
[0.506, -0.182, 0.501, -1.559, -1.09, 0.0] 49.928
[0.557, -0.131, 0.5, -1.56, -1.038, 0.0] 64.84
[0.608, -0.08, 0.5, -1.56, -0.987, 0.0] 66.632
[0.66, -0.028, 0.5, -1.56, -0.936, -0.0] 68.768
[0.711, 0.023, 0.5, -1.56, -0.885, 0.0] 83.007
[0.762, 0.074, 0.5, -1.56, -0.834, -0.0] 50.391
[0.813, 0.125, 0.5, -1.56, -0.782, 0.0] 39.744
[0.858, 0.176, 0.5, -1.56, -0.731, 0.0] 58.029
[0.881, 0.228, 0.5, -1.56, -0.68, -0.0] 68.595
[0.891, 0.279, 0.5, -1.56, -0.629, 0.0] 66.185
[0.896, 0.33, 0.5, -1.56, -0.578, -0.0] 65.297
[0.898, 0.381, 0.5, -1.56, -0.527, 0.0] 53.552
[0.899, 0.432, 0.5, -1.56, -0.475, 0.0] 62.909
[0.9, 0.469, 0.5, -1.56, -0.424, -0.0] 52.021
[0.9, 0.486, 0.5, -1.56, -0.373, -0.0] 64.801
[0.9, 0.493, 0.5, -1.56, -0.322, -0.0] 66.623
[0.9, 0.497, 0.5, -1.56, -0.271, 0.0] 66.498
[0.9, 0.499, 0.5, -1.56, -0.219, 0.0] 66.386
[0.9, 0.499, 0.5, -1.56, -0.168, 0.0] 66.806
[0.9, 0.5, 0.5, -1.56, -0.117, -0.0] 53.699
[0.9, 0.5, 0.5, -1.56, -0.066, -0.0] 62.92
[0.9, 0.5, 0.5, -1.56, -0.03, -0.0] 65.433
[0.9, 0.5, 0.5, -1.56, -0.014, -0.0] 68.293
[0.9, 0.5, 0.5, -1.56, -0.006, 0.0] 66.173
[0.849, 0.5, 0.449, -1.509, -0.005, 0.002] 55.434
[0.798, 0.5, 0.398, -1.458, -0.004, 0.002] 64.081
[0.746, 0.5, 0.346, -1.406, -0.003, 0.003] 63.461
[0.695, 0.5, 0.295, -1.355, -0.003, 0.003] 66.528
[0.644, 0.5, 0.244, -1.304, -0.003, 0.003] 66.683
[0.593, 0.5, 0.193, -1.253, -0.003, 0.003] 55.938
[0.542, 0.5, 0.142, -1.202, -0.003, 0.003] 60.714
[0.49, 0.5, 0.09, -1.15, -0.003, 0.003] 65.015
[0.439, 0.5, 0.039, -1.099, -0.003, 0.003] 69.218
[0.388, 0.5, -0.012, -1.048, -0.003, 0.003] 65.396
[0.337, 0.5, -0.063, -0.997, -0.003, 0.003] 54.354
[0.286, 0.5, -0.114, -0.946, -0.003, 0.003] 61.833
[0.234, 0.5, -0.166, -0.894, -0.003, 0.003] 67.017
[0.183, 0.5, -0.217, -0.843, -0.003, 0.003] 49.258
[0.132, 0.5, -0.268, -0.792, -0.003, 0.003] 67.798
[0.081, 0.5, -0.319, -0.741, -0.003, 0.003] 66.395
[0.038, 0.5, -0.37, -0.69, -0.003, 0.003] 66.191
[0.017, 0.5, -0.422, -0.638, -0.003, 0.003] 51.144
[0.008, 0.5, -0.473, -0.587, -0.003, 0.003] 66.043
[0.004, 0.5, -0.524, -0.536, -0.003, 0.003] 66.362
[0.002, 0.5, -0.575, -0.485, -0.003, 0.003] 66.284
[0.001, 0.5, -0.626, -0.434, -0.003, 0.003] 67.169
[0.0, 0.5, -0.678, -0.382, -0.003, 0.003] 64.346
[0.0, 0.5, -0.729, -0.331, -0.003, 0.003] 67.295
[0.0, 0.5, -0.78, -0.28, -0.003, 0.003] 50.941
[0.0, 0.5, -0.831, -0.229, -0.003, 0.003] 83.432
[0.0, 0.5, -0.882, -0.178, -0.003, 0.003] 67.428
[0.0, 0.5, -0.933, -0.126, -0.003, 0.003] 39.689
[0.0, 0.5, -0.985, -0.075, -0.003, 0.003] 59.844
[0.0, 0.5, -1.036, -0.035, -0.003, 0.003] 50.223
[0.0, 0.5, -1.087, -0.016, -0.003, 0.003] 66.599
[-0.0, 0.5, -1.138, -0.007, -0.003, 0.003] 65.925
[-0.0, 0.5, -1.189, -0.003, -0.003, 0.003] 54.485
[-0.0, 0.5, -1.222, -0.002, -0.003, 0.003] 79.707
[-0.0, 0.5, -1.237, -0.001, -0.003, 0.003] 65.418
[-0.0, 0.5, -1.244, -0.0, -0.003, 0.003] 67.678
[-0.0, 0.5, -1.247, -0.0, -0.001, 0.001] 47.032
