INFO: hari: Starting controller: python.exe -u hari.py
[-0.0, -0.0, 0.0, 0.0, -0.0, 0.0] 39.641
[-0.0, 0.051, -0.051, 0.0, -0.0, 0.0] 60.965
[-0.0, 0.102, -0.102, 0.0, -0.0, -0.0] 61.942
[-0.0, 0.154, -0.154, 0.0, -0.0, 0.0] 61.221
[-0.0, 0.205, -0.205, 0.0, -0.0, -0.0] 61.359
[-0.0, 0.256, -0.256, 0.0, -0.0, -0.0] 76.116
[-0.0, 0.307, -0.307, 0.0, -0.0, -0.0] 94.922
[-0.0, 0.358, -0.358, 0.0, -0.0, -0.0] 78.706
[-0.0, 0.41, -0.409, 0.0, -0.0, -0.0] 74.677
[-0.0, 0.456, -0.461, 0.0, 0.0, -0.0] 64.31
[-0.0, 0.48, -0.512, -0.0, 0.0, -0.0] 53.554
[-0.0, 0.491, -0.563, -0.0, 0.0, -0.0] 72.143
[-0.0, 0.496, -0.614, -0.0, 0.0, -0.0] 63.428
[-0.0, 0.498, -0.665, -0.0, 0.0, -0.0] 62.014
[-0.0, 0.499, -0.717, -0.0, 0.0, 0.0] 76.743
[-0.0, 0.5, -0.768, -0.0, 0.0, 0.0] 58.927
[-0.0, 0.5, -0.819, -0.0, 0.0, 0.0] 62.512
[-0.0, 0.5, -0.87, -0.0, 0.0, 0.0] 57.634
[-0.0, 0.5, -0.921, -0.0, 0.0, 0.0] 55.797
[-0.0, 0.5, -0.973, -0.0, 0.0, 0.0] 70.315
[-0.0, 0.5, -1.024, -0.0, 0.0, 0.0] 62.57
[-0.0, 0.5, -1.075, -0.0, 0.0, 0.0] 55.17
[-0.0, 0.5, -1.126, -0.0, 0.0, 0.0] 69.955
[-0.0, 0.5, -1.177, -0.0, 0.0, 0.0] 62.651
[-0.0, 0.5, -1.216, -0.0, 0.0, 0.0] 60.512
[-0.0, 0.5, -1.234, -0.0, 0.0, 0.0] 56.94
[-0.0, 0.5, -1.243, -0.0, 0.0, 0.0] 77.685
[-0.0, 0.449, -1.192, -0.0, 0.0, 0.0] 69.21
[-0.0, 0.398, -1.14, 0.0, 0.0, 0.0] 62.337
[-0.0, 0.346, -1.089, -0.0, 0.0, -0.0] 60.037
[-0.0, 0.295, -1.038, 0.0, 0.0, -0.0] 78.869
[-0.0, 0.244, -0.987, -0.0, 0.0, 0.0] 62.162
[-0.0, 0.193, -0.936, -0.0, 0.0, -0.0] 60.636
[-0.0, 0.142, -0.885, -0.0, 0.0, 0.0] 61.659
[0.0, 0.09, -0.833, -0.0, 0.0, -0.0] 60.516
[-0.0, 0.044, -0.782, -0.0, -0.0, -0.0] 78.401
[-0.0, 0.02, -0.731, -0.0, -0.0, -0.0] 71.342
[-0.0, 0.009, -0.68, -0.0, -0.0, -0.0] 52.315
[-0.0, 0.004, -0.629, -0.0, -0.0, -0.0] 77.601
[-0.0, 0.002, -0.577, -0.0, -0.0, -0.0] 62.027
[-0.0, 0.001, -0.526, -0.0, -0.0, -0.0] 63.403
[-0.0, 0.0, -0.475, -0.0, -0.0, -0.0] 62.08
[-0.0, 0.0, -0.424, -0.0, -0.0, -0.0] 61.644
[-0.0, 0.0, -0.373, -0.0, -0.0, -0.0] 78.801
[-0.0, 0.0, -0.321, -0.0, -0.0, -0.0] 61.331
[-0.0, 0.0, -0.27, -0.0, -0.0, -0.0] 62.566
[-0.0, 0.0, -0.219, -0.0, -0.0, -0.0] 63.387
[-0.0, 0.0, -0.168, -0.0, -0.0, -0.0] 76.164
[-0.0, 0.0, -0.117, -0.0, -0.0, -0.0] 62.592
[-0.0, 0.0, -0.065, -0.0, -0.0, -0.0] 60.819
[-0.0, -0.0, -0.03, -0.0, -0.0, -0.0] 59.783
[-0.0, -0.0, -0.014, -0.0, -0.0, -0.0] 77.29
[-0.0, -0.0, -0.006, -0.0, -0.0, -0.0] 62.441
[0.051, 0.051, -0.045, -0.029, -0.051, 0.002] 62.018
[0.102, 0.102, -0.063, -0.042, -0.102, 0.002] 77.731
[0.154, 0.154, -0.072, -0.049, -0.154, 0.003] 62.966
[0.205, 0.205, -0.076, -0.052, -0.205, 0.003] 62.705
[0.256, 0.256, -0.077, -0.053, -0.256, 0.003] 61.994
[0.307, 0.307, -0.078, -0.053, -0.307, 0.003] 62.383
[0.358, 0.358, -0.079, -0.054, -0.358, 0.003] 77.185
[0.41, 0.41, -0.079, -0.054, -0.41, 0.003] 59.797
[0.461, 0.461, -0.079, -0.054, -0.461, 0.003] 61.207
[0.512, 0.512, -0.079, -0.054, -0.512, 0.003] 61.223
[0.563, 0.555, -0.079, -0.054, -0.563, 0.003] 94.259
[0.614, 0.575, -0.079, -0.054, -0.614, 0.003] 106.333
[0.666, 0.584, -0.079, -0.054, -0.666, 0.003] 62.004
[0.717, 0.588, -0.079, -0.054, -0.71, 0.003] 60.084
[0.768, 0.59, -0.079, -0.054, -0.731, 0.003] 63.292
[0.819, 0.591, -0.079, -0.054, -0.741, 0.003] 60.439
[0.87, 0.592, -0.079, -0.054, -0.746, 0.003] 93.738
[0.922, 0.592, -0.079, -0.054, -0.748, 0.003] 61.527
[0.973, 0.592, -0.079, -0.054, -0.749, 0.003] 63.29
[1.024, 0.592, -0.079, -0.054, -0.75, 0.003] 61.83
[1.075, 0.592, -0.079, -0.054, -0.75, 0.003] 63.2
[1.126, 0.592, -0.079, -0.054, -0.75, 0.003] 76.883
[1.178, 0.592, -0.079, -0.054, -0.75, 0.003] 61.016
[1.218, 0.592, -0.079, -0.054, -0.75, 0.003] 60.862
[1.237, 0.592, -0.079, -0.054, -0.75, 0.003] 61.462
[1.246, 0.592, -0.079, -0.054, -0.75, 0.003] 76.51
[1.194, 0.541, -0.028, -0.105, -0.801, 0.003] 60.925
[1.143, 0.49, 0.023, -0.156, -0.852, 0.003] 61.033
[1.092, 0.438, 0.075, -0.208, -0.903, 0.003] 92.048
[1.041, 0.387, 0.126, -0.259, -0.955, 0.003] 61.262
[0.99, 0.336, 0.177, -0.31, -1.006, 0.003] 50.465
[0.938, 0.285, 0.228, -0.361, -1.057, 0.003] 72.422
[0.887, 0.234, 0.279, -0.412, -1.108, 0.003] 63.671
[0.836, 0.182, 0.33, -0.463, -1.159, 0.003] 59.006
[0.785, 0.131, 0.382, -0.515, -1.21, 0.003] 61.475
[0.734, 0.08, 0.433, -0.566, -1.261, 0.003] 77.947
[0.682, 0.029, 0.484, -0.617, -1.312, 0.003] 78.746
[0.631, -0.022, 0.535, -0.668, -1.364, 0.003] 61.242
[0.58, -0.074, 0.586, -0.719, -1.415, 0.003] 62.285
[0.529, -0.125, 0.631, -0.771, -1.459, 0.003] 61.387
[0.478, -0.176, 0.654, -0.822, -1.481, 0.003] 76.394
[0.426, -0.227, 0.664, -0.873, -1.49, 0.003] 60.751
[0.375, -0.278, 0.669, -0.924, -1.495, 0.003] 61.856
[0.324, -0.33, 0.671, -0.975, -1.497, 0.003] 62.427
[0.273, -0.381, 0.672, -1.027, -1.498, 0.003] 75.547
[0.222, -0.432, 0.673, -1.078, -1.499, 0.003] 62.57
[0.17, -0.483, 0.673, -1.129, -1.499, 0.003] 60.51
[0.13, -0.534, 0.673, -1.18, -1.499, 0.003] 62.996
[0.112, -0.565, 0.673, -1.231, -1.499, 0.003] 77.096
[0.103, -0.58, 0.673, -1.283, -1.499, 0.003] 61.746
[0.099, -0.586, 0.673, -1.334, -1.499, 0.003] 61.365
[0.098, -0.589, 0.673, -1.369, -1.499, 0.003] 61.187
[0.097, -0.591, 0.673, -1.386, -1.499, 0.003] 79.083
[0.096, -0.591, 0.673, -1.393, -1.499, 0.003] 76.756
[0.148, -0.54, 0.622, -1.445, -1.448, 0.001] 62.824
[0.199, -0.489, 0.571, -1.496, -1.397, 0.001] 61.287
[0.25, -0.438, 0.533, -1.53, -1.346, 0.0] 63.368
[0.301, -0.387, 0.515, -1.546, -1.294, 0.0] 76.678
[0.352, -0.335, 0.507, -1.554, -1.243, 0.0] 61.684
[0.404, -0.284, 0.503, -1.557, -1.192, 0.0] 61.844
[0.455, -0.233, 0.501, -1.559, -1.141, 0.0] 62.329
[0.506, -0.182, 0.501, -1.559, -1.09, 0.0] 94.914
[0.557, -0.131, 0.5, -1.56, -1.038, 0.0] 61.771
[0.608, -0.08, 0.5, -1.56, -0.987, 0.0] 60.834
[0.66, -0.028, 0.5, -1.56, -0.936, -0.0] 60.16
[0.711, 0.023, 0.5, -1.56, -0.885, 0.0] 62.454
[0.762, 0.074, 0.5, -1.56, -0.834, -0.0] 92.458
[0.813, 0.125, 0.5, -1.56, -0.782, 0.0] 61.093
[0.858, 0.176, 0.5, -1.56, -0.731, 0.0] 63.398
[0.881, 0.228, 0.5, -1.56, -0.68, -0.0] 60.688
[0.891, 0.279, 0.5, -1.56, -0.629, 0.0] 76.181
[0.896, 0.33, 0.5, -1.56, -0.578, -0.0] 63.816
[0.898, 0.381, 0.5, -1.56, -0.527, 0.0] 60.256
[0.899, 0.432, 0.5, -1.56, -0.475, 0.0] 63.187
[0.9, 0.469, 0.5, -1.56, -0.424, -0.0] 74.734
[0.9, 0.486, 0.5, -1.56, -0.373, -0.0] 61.404
[0.9, 0.493, 0.5, -1.56, -0.322, -0.0] 62.103
[0.9, 0.497, 0.5, -1.56, -0.271, 0.0] 61.528
[0.9, 0.499, 0.5, -1.56, -0.219, 0.0] 78.924
[0.9, 0.499, 0.5, -1.56, -0.168, 0.0] 77.424
[0.9, 0.5, 0.5, -1.56, -0.117, -0.0] 59.554
[0.9, 0.5, 0.5, -1.56, -0.066, -0.0] 62.149
[0.9, 0.5, 0.5, -1.56, -0.03, -0.0] 61.279
[0.9, 0.5, 0.5, -1.56, -0.014, -0.0] 90.62
[0.9, 0.5, 0.5, -1.56, -0.006, 0.0] 62.681
[0.849, 0.5, 0.449, -1.509, -0.005, 0.002] 61.134
[0.798, 0.5, 0.398, -1.458, -0.004, 0.002] 61.898
[0.746, 0.5, 0.346, -1.406, -0.003, 0.003] 76.012
[0.695, 0.5, 0.295, -1.355, -0.003, 0.003] 61.314
[0.644, 0.5, 0.244, -1.304, -0.003, 0.003] 62.794
[0.593, 0.5, 0.193, -1.253, -0.003, 0.003] 63.349
[0.542, 0.5, 0.142, -1.202, -0.003, 0.003] 76.546
[0.49, 0.5, 0.09, -1.15, -0.003, 0.003] 77.173
[0.439, 0.5, 0.039, -1.099, -0.003, 0.003] 63.844
[0.388, 0.5, -0.012, -1.048, -0.003, 0.003] 62.798
[0.337, 0.5, -0.063, -0.997, -0.003, 0.003] 60.22
[0.286, 0.5, -0.114, -0.946, -0.003, 0.003] 61.906
[0.234, 0.5, -0.166, -0.894, -0.003, 0.003] 93.393
[0.183, 0.5, -0.217, -0.843, -0.003, 0.003] 62.68
[0.132, 0.5, -0.268, -0.792, -0.003, 0.003] 64.196
[0.081, 0.5, -0.319, -0.741, -0.003, 0.003] 56.463
[0.038, 0.5, -0.37, -0.69, -0.003, 0.003] 79.744
[0.017, 0.5, -0.422, -0.638, -0.003, 0.003] 62.857
[0.008, 0.5, -0.473, -0.587, -0.003, 0.003] 61.431
[0.004, 0.5, -0.524, -0.536, -0.003, 0.003] 61.159
[0.002, 0.5, -0.575, -0.485, -0.003, 0.003] 78.885
[0.001, 0.5, -0.626, -0.434, -0.003, 0.003] 63.245
[0.0, 0.5, -0.678, -0.382, -0.003, 0.003] 61.108
[0.0, 0.5, -0.729, -0.331, -0.003, 0.003] 62.883
[0.0, 0.5, -0.78, -0.28, -0.003, 0.003] 78.352
[0.0, 0.5, -0.831, -0.229, -0.003, 0.003] 61.971
[0.0, 0.5, -0.882, -0.178, -0.003, 0.003] 77.822
[0.0, 0.5, -0.933, -0.126, -0.003, 0.003] 77.016
[0.0, 0.5, -0.985, -0.075, -0.003, 0.003] 63.569
[0.0, 0.5, -1.036, -0.035, -0.003, 0.003] 77.278
[0.0, 0.5, -1.087, -0.016, -0.003, 0.003] 77.318
[-0.0, 0.5, -1.138, -0.007, -0.003, 0.003] 50.334
[-0.0, 0.5, -1.189, -0.003, -0.003, 0.003] 74.119
[-0.0, 0.5, -1.222, -0.002, -0.003, 0.003] 62.561
[-0.0, 0.5, -1.237, -0.001, -0.003, 0.003] 59.882
[-0.0, 0.5, -1.244, -0.0, -0.003, 0.003] 63.053
[-0.0, 0.5, -1.247, -0.0, -0.001, 0.001] 61.861
[-0.0, 0.5, -1.249, -0.0, -0.001, 0.001] 60.584
[-0.0, 0.449, -1.198, 0.0, -0.0, 0.0] 78.285
[-0.0, 0.398, -1.146, 0.0, -0.0, 0.0] 60.395
[-0.0, 0.346, -1.095, 0.0, -0.0, 0.0] 62.853
[-0.0, 0.295, -1.044, 0.0, -0.0, 0.0] 61.837
[-0.0, 0.244, -0.993, 0.0, -0.0, 0.0] 77.085
[-0.0, 0.193, -0.942, 0.0, -0.0, 0.0] 62.258
[0.0, 0.142, -0.89, 0.0, -0.0, 0.0] 61.273
[-0.0, 0.09, -0.839, 0.0, -0.0, 0.0] 61.547
[0.0, 0.044, -0.788, 0.0, -0.0, 0.0] 78.362
[-0.0, 0.02, -0.737, 0.0, -0.0, 0.0] 60.99
[-0.0, 0.009, -0.686, 0.0, -0.0, -0.0] 62.71
[-0.0, 0.004, -0.635, 0.0, -0.0, -0.0] 60.509
[-0.0, 0.002, -0.583, 0.0, -0.0, 0.0] 79.21
[-0.0, 0.001, -0.532, 0.0, -0.0, 0.0] 92.264
[-0.0, 0.0, -0.481, 0.0, -0.0, -0.0] 60.732
[-0.0, 0.0, -0.43, 0.0, -0.0, -0.0] 61.109
[-0.0, 0.0, -0.379, 0.0, -0.0, 0.0] 60.894
[-0.0, 0.0, -0.327, 0.0, -0.0, 0.0] 62.314
[-0.0, 0.0, -0.276, 0.0, -0.0, -0.0] 76.259
[-0.0, 0.0, -0.225, 0.0, -0.0, -0.0] 61.357
[-0.0, 0.0, -0.174, 0.0, -0.0, 0.0] 62.198
[-0.0, 0.0, -0.123, 0.0, -0.0, 0.0] 60.19
[-0.0, 0.0, -0.071, 0.0, -0.0, 0.0] 78.14
[-0.0, -0.0, -0.033, 0.0, -0.0, 0.0] 61.051
[-0.0, -0.0, -0.015, 0.0, -0.0, 0.0] 62.851
[-0.0, -0.0, -0.007, 0.0, -0.0, 0.0] 60.752
[0.051, 0.051, -0.046, -0.029, -0.051, 0.002] 61.808
[0.102, 0.102, -0.064, -0.042, -0.102, 0.002] 76.344
[0.154, 0.154, -0.072, -0.049, -0.154, 0.003] 62.87
[0.205, 0.205, -0.076, -0.052, -0.205, 0.003] 63.539
[0.256, 0.256, -0.077, -0.053, -0.256, 0.003] 77.19
[0.307, 0.307, -0.078, -0.053, -0.307, 0.003] 76.573
[0.358, 0.358, -0.079, -0.054, -0.358, 0.003] 61.157
[0.41, 0.41, -0.079, -0.054, -0.41, 0.003] 63.335
[0.461, 0.461, -0.079, -0.054, -0.461, 0.003] 61.305
[0.512, 0.512, -0.079, -0.054, -0.512, 0.003] 61.081
[0.563, 0.555, -0.079, -0.054, -0.563, 0.003] 62.054
[0.614, 0.575, -0.079, -0.054, -0.614, 0.003] 77.064
[0.666, 0.584, -0.079, -0.054, -0.666, 0.003] 61.003
[0.717, 0.588, -0.079, -0.054, -0.71, 0.003] 62.709
[0.768, 0.59, -0.079, -0.054, -0.731, 0.003] 62.902
[0.819, 0.591, -0.079, -0.054, -0.741, 0.003] 78.291
[0.87, 0.592, -0.079, -0.054, -0.746, 0.003] 76.957
[0.922, 0.592, -0.079, -0.054, -0.748, 0.003] 62.672
[0.973, 0.592, -0.079, -0.054, -0.749, 0.003] 63.581
[1.024, 0.592, -0.079, -0.054, -0.75, 0.003] 61.875
[1.075, 0.592, -0.079, -0.054, -0.75, 0.003] 75.692
[1.126, 0.592, -0.079, -0.054, -0.75, 0.003] 76.806
[1.178, 0.592, -0.079, -0.054, -0.75, 0.003] 62.004
[1.218, 0.592, -0.079, -0.054, -0.75, 0.003] 62.081
[1.237, 0.592, -0.079, -0.054, -0.75, 0.003] 60.94
[1.246, 0.592, -0.079, -0.054, -0.75, 0.003] 61.893
[1.194, 0.541, -0.028, -0.105, -0.801, 0.003] 76.411
[1.143, 0.49, 0.023, -0.156, -0.852, 0.003] 61.655
[1.092, 0.438, 0.075, -0.208, -0.903, 0.003] 63.457
[1.041, 0.387, 0.126, -0.259, -0.955, 0.003] 61.845
[0.99, 0.336, 0.177, -0.31, -1.006, 0.003] 74.681
[0.938, 0.285, 0.228, -0.361, -1.057, 0.003] 61.47
[0.887, 0.234, 0.279, -0.412, -1.108, 0.003] 61.702
[0.836, 0.182, 0.33, -0.463, -1.159, 0.003] 62.138
[0.785, 0.131, 0.382, -0.515, -1.21, 0.003] 61.451
[0.734, 0.08, 0.433, -0.566, -1.261, 0.003] 75.013
[0.682, 0.029, 0.484, -0.617, -1.312, 0.003] 60.323
[0.631, -0.022, 0.535, -0.668, -1.364, 0.003] 62.37
[0.58, -0.074, 0.586, -0.719, -1.415, 0.003] 77.816
[0.529, -0.125, 0.631, -0.771, -1.459, 0.003] 62.932
[0.478, -0.176, 0.654, -0.822, -1.481, 0.003] 61.107
[0.426, -0.227, 0.664, -0.873, -1.49, 0.003] 62.832
[0.375, -0.278, 0.669, -0.924, -1.495, 0.003] 78.107
[0.324, -0.33, 0.671, -0.975, -1.497, 0.003] 60.766
[0.273, -0.381, 0.672, -1.027, -1.498, 0.003] 64.782
[0.222, -0.432, 0.673, -1.078, -1.499, 0.003] 61.633
[0.17, -0.483, 0.673, -1.129, -1.499, 0.003] 76.654
[0.13, -0.534, 0.673, -1.18, -1.499, 0.003] 77.049
[0.112, -0.565, 0.673, -1.231, -1.499, 0.003] 76.39
[0.103, -0.58, 0.673, -1.283, -1.499, 0.003] 62.196
[0.099, -0.586, 0.673, -1.334, -1.499, 0.003] 62.393
[0.098, -0.589, 0.673, -1.369, -1.499, 0.003] 61.318
[0.097, -0.591, 0.673, -1.386, -1.499, 0.003] 63.175
[0.096, -0.591, 0.673, -1.393, -1.499, 0.003] 76.581
[0.148, -0.54, 0.622, -1.445, -1.448, 0.001] 62.06
[0.199, -0.489, 0.571, -1.496, -1.397, 0.001] 62.288
[0.25, -0.438, 0.533, -1.53, -1.346, 0.0] 63.717
[0.301, -0.387, 0.515, -1.546, -1.294, 0.0] 74.974
[0.352, -0.335, 0.507, -1.554, -1.243, 0.0] 62.069
[0.404, -0.284, 0.503, -1.557, -1.192, 0.0] 64.319
[0.455, -0.233, 0.501, -1.559, -1.141, 0.0] 58.706
[0.506, -0.182, 0.501, -1.559, -1.09, 0.0] 76.109
[0.557, -0.131, 0.5, -1.56, -1.038, 0.0] 62.396
[0.608, -0.08, 0.5, -1.56, -0.987, 0.0] 60.626
[0.66, -0.028, 0.5, -1.56, -0.936, -0.0] 62.041
[0.711, 0.023, 0.5, -1.56, -0.885, 0.0] 78.846
[0.762, 0.074, 0.5, -1.56, -0.834, -0.0] 60.563
[0.813, 0.125, 0.5, -1.56, -0.782, 0.0] 74.87
[0.858, 0.176, 0.5, -1.56, -0.731, 0.0] 60.732
[0.881, 0.228, 0.5, -1.56, -0.68, -0.0] 61.19
[0.891, 0.279, 0.5, -1.56, -0.629, 0.0] 60.649
[0.896, 0.33, 0.5, -1.56, -0.578, -0.0] 63.774
[0.898, 0.381, 0.5, -1.56, -0.527, 0.0] 78.293
[0.899, 0.432, 0.5, -1.56, -0.475, 0.0] 63.662
[0.9, 0.469, 0.5, -1.56, -0.424, -0.0] 61.026
[0.9, 0.486, 0.5, -1.56, -0.373, -0.0] 61.708
[0.9, 0.493, 0.5, -1.56, -0.322, -0.0] 77.326
[0.9, 0.497, 0.5, -1.56, -0.271, 0.0] 63.021
[0.9, 0.499, 0.5, -1.56, -0.219, 0.0] 61.474
[0.9, 0.499, 0.5, -1.56, -0.168, 0.0] 62.669
[0.9, 0.5, 0.5, -1.56, -0.117, -0.0] 78.427
[0.9, 0.5, 0.5, -1.56, -0.066, -0.0] 60.87
[0.9, 0.5, 0.5, -1.56, -0.03, -0.0] 62.567
[0.9, 0.5, 0.5, -1.56, -0.014, -0.0] 61.86
[0.9, 0.5, 0.5, -1.56, -0.006, 0.0] 78.386
[0.849, 0.5, 0.449, -1.509, -0.005, 0.002] 78.694
[0.798, 0.5, 0.398, -1.458, -0.004, 0.002] 63.993
[0.746, 0.5, 0.346, -1.406, -0.003, 0.003] 61.115
[0.695, 0.5, 0.295, -1.355, -0.003, 0.003] 61.398
[0.644, 0.5, 0.244, -1.304, -0.003, 0.003] 78.962
[0.593, 0.5, 0.193, -1.253, -0.003, 0.003] 61.879
[0.542, 0.5, 0.142, -1.202, -0.003, 0.003] 61.737
[0.49, 0.5, 0.09, -1.15, -0.003, 0.003] 61.421
[0.439, 0.5, 0.039, -1.099, -0.003, 0.003] 77.782
[0.388, 0.5, -0.012, -1.048, -0.003, 0.003] 63.728
[0.337, 0.5, -0.063, -0.997, -0.003, 0.003] 62.015
[0.286, 0.5, -0.114, -0.946, -0.003, 0.003] 61.715
[0.234, 0.5, -0.166, -0.894, -0.003, 0.003] 76.172
[0.183, 0.5, -0.217, -0.843, -0.003, 0.003] 76.852
[0.132, 0.5, -0.268, -0.792, -0.003, 0.003] 61.317
[0.081, 0.5, -0.319, -0.741, -0.003, 0.003] 77.15
[0.038, 0.5, -0.37, -0.69, -0.003, 0.003] 62.081
[0.017, 0.5, -0.422, -0.638, -0.003, 0.003] 61.081
[0.008, 0.5, -0.473, -0.587, -0.003, 0.003] 61.227
[0.004, 0.5, -0.524, -0.536, -0.003, 0.003] 59.849
[0.002, 0.5, -0.575, -0.485, -0.003, 0.003] 62.638
[0.001, 0.5, -0.626, -0.434, -0.003, 0.003] 77.487
[0.0, 0.5, -0.678, -0.382, -0.003, 0.003] 60.659
[0.0, 0.5, -0.729, -0.331, -0.003, 0.003] 62.378
[0.0, 0.5, -0.78, -0.28, -0.003, 0.003] 62.631
[0.0, 0.5, -0.831, -0.229, -0.003, 0.003] 77.615
[0.0, 0.5, -0.882, -0.178, -0.003, 0.003] 60.317
[0.0, 0.5, -0.933, -0.126, -0.003, 0.003] 62.702
[0.0, 0.5, -0.985, -0.075, -0.003, 0.003] 62.61
[0.0, 0.5, -1.036, -0.035, -0.003, 0.003] 76.639
[0.0, 0.5, -1.087, -0.016, -0.003, 0.003] 63.115
[-0.0, 0.5, -1.138, -0.007, -0.003, 0.003] 60.49
[-0.0, 0.5, -1.189, -0.003, -0.003, 0.003] 63.555
[-0.0, 0.5, -1.222, -0.002, -0.003, 0.003] 60.819
[-0.0, 0.5, -1.237, -0.001, -0.003, 0.003] 93.017
[-0.0, 0.5, -1.244, -0.0, -0.003, 0.003] 78.029
[-0.0, 0.5, -1.247, -0.0, -0.001, 0.001] 61.043
[-0.0, 0.5, -1.249, -0.0, -0.001, 0.001] 61.479
[-0.0, 0.449, -1.198, 0.0, -0.0, 0.0] 62.429
[-0.0, 0.398, -1.146, 0.0, -0.0, 0.0] 62.055
[-0.0, 0.346, -1.095, 0.0, -0.0, 0.0] 62.254
[-0.0, 0.295, -1.044, 0.0, -0.0, 0.0] 77.702
[-0.0, 0.244, -0.993, 0.0, -0.0, 0.0] 63.154
[-0.0, 0.193, -0.942, 0.0, -0.0, 0.0] 61.745
[0.0, 0.142, -0.89, 0.0, -0.0, 0.0] 63.088
[-0.0, 0.09, -0.839, 0.0, -0.0, 0.0] 61.682
[0.0, 0.044, -0.788, 0.0, -0.0, 0.0] 76.063
[-0.0, 0.02, -0.737, 0.0, -0.0, 0.0] 77.531
[-0.0, 0.009, -0.686, 0.0, -0.0, -0.0] 63.661
[-0.0, 0.004, -0.635, 0.0, -0.0, -0.0] 63.107
[-0.0, 0.002, -0.583, 0.0, -0.0, 0.0] 60.178
[-0.0, 0.001, -0.532, 0.0, -0.0, 0.0] 78.891
[-0.0, 0.0, -0.481, 0.0, -0.0, -0.0] 60.561
[-0.0, 0.0, -0.43, 0.0, -0.0, -0.0] 60.417
[-0.0, 0.0, -0.379, 0.0, -0.0, 0.0] 61.381
[-0.0, 0.0, -0.327, 0.0, -0.0, 0.0] 78.429
[-0.0, 0.0, -0.276, 0.0, -0.0, -0.0] 62.377
[-0.0, 0.0, -0.225, 0.0, -0.0, -0.0] 59.745
[-0.0, 0.0, -0.174, 0.0, -0.0, 0.0] 63.078
[-0.0, 0.0, -0.123, 0.0, -0.0, 0.0] 77.741
[-0.0, 0.0, -0.071, 0.0, -0.0, 0.0] 74.485
[-0.0, -0.0, -0.033, 0.0, -0.0, 0.0] 60.936
[-0.0, -0.0, -0.015, 0.0, -0.0, 0.0] 63.953
[-0.0, -0.0, -0.007, 0.0, -0.0, 0.0] 60.546
[0.051, 0.051, -0.046, -0.029, -0.051, 0.002] 61.149
[0.102, 0.102, -0.064, -0.042, -0.102, 0.002] 61.687
[0.154, 0.154, -0.072, -0.049, -0.154, 0.003] 92.357
[0.205, 0.205, -0.076, -0.052, -0.205, 0.003] 61.808
[0.256, 0.256, -0.077, -0.053, -0.256, 0.003] 62.532
[0.307, 0.307, -0.078, -0.053, -0.307, 0.003] 62.571
[0.358, 0.358, -0.079, -0.054, -0.358, 0.003] 76.934
[0.41, 0.41, -0.079, -0.054, -0.41, 0.003] 62.237
[0.461, 0.461, -0.079, -0.054, -0.461, 0.003] 59.996
[0.512, 0.512, -0.079, -0.054, -0.512, 0.003] 60.656
[0.563, 0.555, -0.079, -0.054, -0.563, 0.003] 79.179
[0.614, 0.575, -0.079, -0.054, -0.614, 0.003] 63.08
[0.666, 0.584, -0.079, -0.054, -0.666, 0.003] 61.042
[0.717, 0.588, -0.079, -0.054, -0.71, 0.003] 61.016
[0.768, 0.59, -0.079, -0.054, -0.731, 0.003] 77.072
[0.819, 0.591, -0.079, -0.054, -0.741, 0.003] 76.462
[0.87, 0.592, -0.079, -0.054, -0.746, 0.003] 60.675
[0.922, 0.592, -0.079, -0.054, -0.748, 0.003] 62.465
[0.973, 0.592, -0.079, -0.054, -0.749, 0.003] 62.559
[1.024, 0.592, -0.079, -0.054, -0.75, 0.003] 74.285
[1.075, 0.592, -0.079, -0.054, -0.75, 0.003] 60.566
[1.126, 0.592, -0.079, -0.054, -0.75, 0.003] 62.864
[1.178, 0.592, -0.079, -0.054, -0.75, 0.003] 60.355
[1.218, 0.592, -0.079, -0.054, -0.75, 0.003] 77.607
[1.237, 0.592, -0.079, -0.054, -0.75, 0.003] 61.968
[1.246, 0.592, -0.079, -0.054, -0.75, 0.003] 61.316
[1.194, 0.541, -0.028, -0.105, -0.801, 0.003] 60.664
[1.143, 0.49, 0.023, -0.156, -0.852, 0.003] 76.038
[1.092, 0.438, 0.075, -0.208, -0.903, 0.003] 62.102
[1.041, 0.387, 0.126, -0.259, -0.955, 0.003] 61.336
[0.99, 0.336, 0.177, -0.31, -1.006, 0.003] 61.553
[0.938, 0.285, 0.228, -0.361, -1.057, 0.003] 75.289
[0.887, 0.234, 0.279, -0.412, -1.108, 0.003] 62.101
[0.836, 0.182, 0.33, -0.463, -1.159, 0.003] 60.805
[0.785, 0.131, 0.382, -0.515, -1.21, 0.003] 62.126
[0.734, 0.08, 0.433, -0.566, -1.261, 0.003] 61.728
[0.682, 0.029, 0.484, -0.617, -1.312, 0.003] 91.358
[0.631, -0.022, 0.535, -0.668, -1.364, 0.003] 62.074
[0.58, -0.074, 0.586, -0.719, -1.415, 0.003] 62.751
[0.529, -0.125, 0.631, -0.771, -1.459, 0.003] 61.227
[0.478, -0.176, 0.654, -0.822, -1.481, 0.003] 90.611
[0.426, -0.227, 0.664, -0.873, -1.49, 0.003] 63.333
[0.375, -0.278, 0.669, -0.924, -1.495, 0.003] 61.806
[0.324, -0.33, 0.671, -0.975, -1.497, 0.003] 62.073
[0.273, -0.381, 0.672, -1.027, -1.498, 0.003] 76.234
[0.222, -0.432, 0.673, -1.078, -1.499, 0.003] 62.692
[0.17, -0.483, 0.673, -1.129, -1.499, 0.003] 61.881
[0.13, -0.534, 0.673, -1.18, -1.499, 0.003] 59.377
[0.112, -0.565, 0.673, -1.231, -1.499, 0.003] 61.762
[0.103, -0.58, 0.673, -1.283, -1.499, 0.003] 93.74
[0.099, -0.586, 0.673, -1.334, -1.499, 0.003] 63.031
[0.098, -0.589, 0.673, -1.369, -1.499, 0.003] 60.698
[0.097, -0.591, 0.673, -1.386, -1.499, 0.003] 62.221
[0.096, -0.591, 0.673, -1.393, -1.499, 0.003] 76.562
[0.148, -0.54, 0.622, -1.445, -1.448, 0.001] 62.169
[0.199, -0.489, 0.571, -1.496, -1.397, 0.001] 60.981
[0.25, -0.438, 0.533, -1.53, -1.346, 0.0] 62.626
[0.301, -0.387, 0.515, -1.546, -1.294, 0.0] 79.22
[0.352, -0.335, 0.507, -1.554, -1.243, 0.0] 62.55
[0.404, -0.284, 0.503, -1.557, -1.192, 0.0] 62.148
[0.455, -0.233, 0.501, -1.559, -1.141, 0.0] 64.061
[0.506, -0.182, 0.501, -1.559, -1.09, 0.0] 64.077
[0.557, -0.131, 0.5, -1.56, -1.038, 0.0] 91.078
[0.608, -0.08, 0.5, -1.56, -0.987, 0.0] 63.273
[0.66, -0.028, 0.5, -1.56, -0.936, -0.0] 62.049
[0.711, 0.023, 0.5, -1.56, -0.885, 0.0] 61.453
[0.762, 0.074, 0.5, -1.56, -0.834, -0.0] 76.024
[0.813, 0.125, 0.5, -1.56, -0.782, 0.0] 63.685
[0.858, 0.176, 0.5, -1.56, -0.731, 0.0] 61.796
[0.881, 0.228, 0.5, -1.56, -0.68, -0.0] 62.484
[0.891, 0.279, 0.5, -1.56, -0.629, 0.0] 77.098
[0.896, 0.33, 0.5, -1.56, -0.578, -0.0] 61.007
[0.898, 0.381, 0.5, -1.56, -0.527, 0.0] 61.883
[0.899, 0.432, 0.5, -1.56, -0.475, 0.0] 92.324
[0.9, 0.469, 0.5, -1.56, -0.424, -0.0] 61.239
[0.9, 0.486, 0.5, -1.56, -0.373, -0.0] 62.751
[0.9, 0.493, 0.5, -1.56, -0.322, -0.0] 60.909
[0.9, 0.497, 0.5, -1.56, -0.271, 0.0] 60.321
[0.9, 0.499, 0.5, -1.56, -0.219, 0.0] 62.105
[0.9, 0.499, 0.5, -1.56, -0.168, 0.0] 77.793
[0.9, 0.5, 0.5, -1.56, -0.117, -0.0] 61.499
[0.9, 0.5, 0.5, -1.56, -0.066, -0.0] 62.067
[0.9, 0.5, 0.5, -1.56, -0.03, -0.0] 61.317
[0.9, 0.5, 0.5, -1.56, -0.014, -0.0] 75.134
[0.9, 0.5, 0.5, -1.56, -0.006, 0.0] 61.993
[0.849, 0.5, 0.449, -1.509, -0.005, 0.002] 60.923
[0.798, 0.5, 0.398, -1.458, -0.004, 0.002] 76.335
[0.746, 0.5, 0.346, -1.406, -0.003, 0.003] 60.679
[0.695, 0.5, 0.295, -1.355, -0.003, 0.003] 63.167
[0.644, 0.5, 0.244, -1.304, -0.003, 0.003] 61.957
[0.593, 0.5, 0.193, -1.253, -0.003, 0.003] 61.578
[0.542, 0.5, 0.142, -1.202, -0.003, 0.003] 75.59
[0.49, 0.5, 0.09, -1.15, -0.003, 0.003] 61.69
[0.439, 0.5, 0.039, -1.099, -0.003, 0.003] 61.124
[0.388, 0.5, -0.012, -1.048, -0.003, 0.003] 60.18
[0.337, 0.5, -0.063, -0.997, -0.003, 0.003] 77.964
[0.286, 0.5, -0.114, -0.946, -0.003, 0.003] 63.036
[0.234, 0.5, -0.166, -0.894, -0.003, 0.003] 62.38
[0.183, 0.5, -0.217, -0.843, -0.003, 0.003] 62.995
[0.132, 0.5, -0.268, -0.792, -0.003, 0.003] 75.329
[0.081, 0.5, -0.319, -0.741, -0.003, 0.003] 61.573
[0.038, 0.5, -0.37, -0.69, -0.003, 0.003] 62.161
[0.017, 0.5, -0.422, -0.638, -0.003, 0.003] 62.902
[0.008, 0.5, -0.473, -0.587, -0.003, 0.003] 77.016
[0.004, 0.5, -0.524, -0.536, -0.003, 0.003] 77.207
[0.002, 0.5, -0.575, -0.485, -0.003, 0.003] 77.743
[0.001, 0.5, -0.626, -0.434, -0.003, 0.003] 62.881
[0.0, 0.5, -0.678, -0.382, -0.003, 0.003] 60.497
[0.0, 0.5, -0.729, -0.331, -0.003, 0.003] 61.676
[0.0, 0.5, -0.78, -0.28, -0.003, 0.003] 61.341
[0.0, 0.5, -0.831, -0.229, -0.003, 0.003] 61.987
[0.0, 0.5, -0.882, -0.178, -0.003, 0.003] 92.773
[0.0, 0.5, -0.933, -0.126, -0.003, 0.003] 61.848
[0.0, 0.5, -0.985, -0.075, -0.003, 0.003] 62.266
[0.0, 0.5, -1.036, -0.035, -0.003, 0.003] 76.696
[0.0, 0.5, -1.087, -0.016, -0.003, 0.003] 59.741
[-0.0, 0.5, -1.138, -0.007, -0.003, 0.003] 62.647
[-0.0, 0.5, -1.189, -0.003, -0.003, 0.003] 61.755
[-0.0, 0.5, -1.222, -0.002, -0.003, 0.003] 60.943
[-0.0, 0.5, -1.237, -0.001, -0.003, 0.003] 78.182
[-0.0, 0.5, -1.244, -0.0, -0.003, 0.003] 77.38
[-0.0, 0.5, -1.247, -0.0, -0.001, 0.001] 61.996
[-0.0, 0.5, -1.249, -0.0, -0.001, 0.001] 61.379
[-0.0, 0.449, -1.198, 0.0, -0.0, 0.0] 75.352
[-0.0, 0.398, -1.146, 0.0, -0.0, 0.0] 62.355
[-0.0, 0.346, -1.095, 0.0, -0.0, 0.0] 63.462
[-0.0, 0.295, -1.044, 0.0, -0.0, 0.0] 62.132
[-0.0, 0.244, -0.993, 0.0, -0.0, 0.0] 62.872
[-0.0, 0.193, -0.942, 0.0, -0.0, 0.0] 79.358
[0.0, 0.142, -0.89, 0.0, -0.0, 0.0] 61.338
[-0.0, 0.09, -0.839, 0.0, -0.0, 0.0] 63.199
[0.0, 0.044, -0.788, 0.0, -0.0, 0.0] 47.208
[-0.0, 0.02, -0.737, 0.0, -0.0, 0.0] 91.209
[-0.0, 0.009, -0.686, 0.0, -0.0, -0.0] 62.018
[-0.0, 0.004, -0.635, 0.0, -0.0, -0.0] 62.513
[-0.0, 0.002, -0.583, 0.0, -0.0, 0.0] 63.002
[-0.0, 0.001, -0.532, 0.0, -0.0, 0.0] 74.149
[-0.0, 0.0, -0.481, 0.0, -0.0, -0.0] 63.024
[-0.0, 0.0, -0.43, 0.0, -0.0, -0.0] 61.352
[-0.0, 0.0, -0.379, 0.0, -0.0, 0.0] 62.715
[-0.0, 0.0, -0.327, 0.0, -0.0, 0.0] 63.922
[-0.0, 0.0, -0.276, 0.0, -0.0, -0.0] 92.93
[-0.0, 0.0, -0.225, 0.0, -0.0, -0.0] 61.895
[-0.0, 0.0, -0.174, 0.0, -0.0, 0.0] 63.406
[-0.0, 0.0, -0.123, 0.0, -0.0, 0.0] 62.132
[-0.0, 0.0, -0.071, 0.0, -0.0, 0.0] 77.552
[-0.0, -0.0, -0.033, 0.0, -0.0, 0.0] 61.952
[-0.0, -0.0, -0.015, 0.0, -0.0, 0.0] 62.968
[-0.0, -0.0, -0.007, 0.0, -0.0, 0.0] 62.905
[0.051, 0.051, -0.046, -0.029, -0.051, 0.002] 76.318
[0.102, 0.102, -0.064, -0.042, -0.102, 0.002] 59.882
[0.154, 0.154, -0.072, -0.049, -0.154, 0.003] 63.305
[0.205, 0.205, -0.076, -0.052, -0.205, 0.003] 62.844
[0.256, 0.256, -0.077, -0.053, -0.256, 0.003] 61.908
[0.307, 0.307, -0.078, -0.053, -0.307, 0.003] 91.276
[0.358, 0.358, -0.079, -0.054, -0.358, 0.003] 61.781
[0.41, 0.41, -0.079, -0.054, -0.41, 0.003] 61.982
[0.461, 0.461, -0.079, -0.054, -0.461, 0.003] 74.991
[0.512, 0.512, -0.079, -0.054, -0.512, 0.003] 63.319
[0.563, 0.555, -0.079, -0.054, -0.563, 0.003] 61.583
[0.614, 0.575, -0.079, -0.054, -0.614, 0.003] 62.962
[0.666, 0.584, -0.079, -0.054, -0.666, 0.003] 61.966
[0.717, 0.588, -0.079, -0.054, -0.71, 0.003] 75.611
[0.768, 0.59, -0.079, -0.054, -0.731, 0.003] 63.414
[0.819, 0.591, -0.079, -0.054, -0.741, 0.003] 62.69
[0.87, 0.592, -0.079, -0.054, -0.746, 0.003] 63.279
[0.922, 0.592, -0.079, -0.054, -0.748, 0.003] 77.448
[0.973, 0.592, -0.079, -0.054, -0.749, 0.003] 61.401
[1.024, 0.592, -0.079, -0.054, -0.75, 0.003] 62.489
[1.075, 0.592, -0.079, -0.054, -0.75, 0.003] 60.648
[1.126, 0.592, -0.079, -0.054, -0.75, 0.003] 62.195
[1.178, 0.592, -0.079, -0.054, -0.75, 0.003] 89.924
[1.218, 0.592, -0.079, -0.054, -0.75, 0.003] 62.422
[1.237, 0.592, -0.079, -0.054, -0.75, 0.003] 60.042
[1.246, 0.592, -0.079, -0.054, -0.75, 0.003] 62.011
[1.194, 0.541, -0.028, -0.105, -0.801, 0.003] 78.881
[1.143, 0.49, 0.023, -0.156, -0.852, 0.003] 60.896
[1.092, 0.438, 0.075, -0.208, -0.903, 0.003] 62.532
[1.041, 0.387, 0.126, -0.259, -0.955, 0.003] 61.706
[0.99, 0.336, 0.177, -0.31, -1.006, 0.003] 93.269
[0.938, 0.285, 0.228, -0.361, -1.057, 0.003] 74.45
[0.887, 0.234, 0.279, -0.412, -1.108, 0.003] 62.749
[0.836, 0.182, 0.33, -0.463, -1.159, 0.003] 61.463
[0.785, 0.131, 0.382, -0.515, -1.21, 0.003] 62.0
[0.734, 0.08, 0.433, -0.566, -1.261, 0.003] 61.03
[0.682, 0.029, 0.484, -0.617, -1.312, 0.003] 78.534
[0.631, -0.022, 0.535, -0.668, -1.364, 0.003] 60.959
[0.58, -0.074, 0.586, -0.719, -1.415, 0.003] 59.623
[0.529, -0.125, 0.631, -0.771, -1.459, 0.003] 61.731
[0.478, -0.176, 0.654, -0.822, -1.481, 0.003] 77.702
[0.426, -0.227, 0.664, -0.873, -1.49, 0.003] 61.318
[0.375, -0.278, 0.669, -0.924, -1.495, 0.003] 63.177
[0.324, -0.33, 0.671, -0.975, -1.497, 0.003] 59.645
[0.273, -0.381, 0.672, -1.027, -1.498, 0.003] 79.751
[0.222, -0.432, 0.673, -1.078, -1.499, 0.003] 64.106
[0.17, -0.483, 0.673, -1.129, -1.499, 0.003] 59.957
[0.13, -0.534, 0.673, -1.18, -1.499, 0.003] 62.882
[0.112, -0.565, 0.673, -1.231, -1.499, 0.003] 76.361
[0.103, -0.58, 0.673, -1.283, -1.499, 0.003] 77.985
[0.099, -0.586, 0.673, -1.334, -1.499, 0.003] 74.852
[0.098, -0.589, 0.673, -1.369, -1.499, 0.003] 61.43
[0.097, -0.591, 0.673, -1.386, -1.499, 0.003] 61.362
[0.096, -0.591, 0.673, -1.393, -1.499, 0.003] 63.298
[0.148, -0.54, 0.622, -1.445, -1.448, 0.001] 60.098
[0.199, -0.489, 0.571, -1.496, -1.397, 0.001] 77.209
[0.25, -0.438, 0.533, -1.53, -1.346, 0.0] 62.475
[0.301, -0.387, 0.515, -1.546, -1.294, 0.0] 63.29
[0.352, -0.335, 0.507, -1.554, -1.243, 0.0] 61.495
[0.404, -0.284, 0.503, -1.557, -1.192, 0.0] 60.978
[0.455, -0.233, 0.501, -1.559, -1.141, 0.0] 81.375
[0.506, -0.182, 0.501, -1.559, -1.09, 0.0] 59.311
[0.557, -0.131, 0.5, -1.56, -1.038, 0.0] 61.273
[0.608, -0.08, 0.5, -1.56, -0.987, 0.0] 77.412
[0.66, -0.028, 0.5, -1.56, -0.936, -0.0] 62.076
[0.711, 0.023, 0.5, -1.56, -0.885, 0.0] 63.708
[0.762, 0.074, 0.5, -1.56, -0.834, -0.0] 63.501
[0.813, 0.125, 0.5, -1.56, -0.782, 0.0] 78.545
[0.858, 0.176, 0.5, -1.56, -0.731, 0.0] 63.498
[0.881, 0.228, 0.5, -1.56, -0.68, -0.0] 60.859
[0.891, 0.279, 0.5, -1.56, -0.629, 0.0] 63.083
[0.896, 0.33, 0.5, -1.56, -0.578, -0.0] 77.0
[0.898, 0.381, 0.5, -1.56, -0.527, 0.0] 62.993
[0.899, 0.432, 0.5, -1.56, -0.475, 0.0] 62.673
[0.9, 0.469, 0.5, -1.56, -0.424, -0.0] 62.028
[0.9, 0.486, 0.5, -1.56, -0.373, -0.0] 76.12
[0.9, 0.493, 0.5, -1.56, -0.322, -0.0] 61.423
[0.9, 0.497, 0.5, -1.56, -0.271, 0.0] 61.365
[0.9, 0.499, 0.5, -1.56, -0.219, 0.0] 63.129
[0.9, 0.499, 0.5, -1.56, -0.168, 0.0] 62.239
[0.9, 0.5, 0.5, -1.56, -0.117, -0.0] 91.361
[0.9, 0.5, 0.5, -1.56, -0.066, -0.0] 64.233
[0.9, 0.5, 0.5, -1.56, -0.03, -0.0] 61.039
[0.9, 0.5, 0.5, -1.56, -0.014, -0.0] 62.027
[0.9, 0.5, 0.5, -1.56, -0.006, 0.0] 78.986
[0.849, 0.5, 0.449, -1.509, -0.005, 0.002] 63.054
[0.798, 0.5, 0.398, -1.458, -0.004, 0.002] 63.097
[0.746, 0.5, 0.346, -1.406, -0.003, 0.003] 60.896
[0.695, 0.5, 0.295, -1.355, -0.003, 0.003] 77.008
[0.644, 0.5, 0.244, -1.304, -0.003, 0.003] 63.255
[0.593, 0.5, 0.193, -1.253, -0.003, 0.003] 76.717
[0.542, 0.5, 0.142, -1.202, -0.003, 0.003] 62.323
[0.49, 0.5, 0.09, -1.15, -0.003, 0.003] 75.755
[0.439, 0.5, 0.039, -1.099, -0.003, 0.003] 57.522
[0.388, 0.5, -0.012, -1.048, -0.003, 0.003] 65.824
[0.337, 0.5, -0.063, -0.997, -0.003, 0.003] 62.452
[0.286, 0.5, -0.114, -0.946, -0.003, 0.003] 61.685
[0.234, 0.5, -0.166, -0.894, -0.003, 0.003] 60.833
[0.183, 0.5, -0.217, -0.843, -0.003, 0.003] 62.593
[0.132, 0.5, -0.268, -0.792, -0.003, 0.003] 76.147
[0.081, 0.5, -0.319, -0.741, -0.003, 0.003] 59.845
[0.038, 0.5, -0.37, -0.69, -0.003, 0.003] 61.363
[0.017, 0.5, -0.422, -0.638, -0.003, 0.003] 61.697
[0.008, 0.5, -0.473, -0.587, -0.003, 0.003] 77.811
[0.004, 0.5, -0.524, -0.536, -0.003, 0.003] 85.215
[0.002, 0.5, -0.575, -0.485, -0.003, 0.003] 55.185
[0.001, 0.5, -0.626, -0.434, -0.003, 0.003] 62.759
[0.0, 0.5, -0.678, -0.382, -0.003, 0.003] 61.59
[0.0, 0.5, -0.729, -0.331, -0.003, 0.003] 60.764
[0.0, 0.5, -0.78, -0.28, -0.003, 0.003] 93.597
[0.0, 0.5, -0.831, -0.229, -0.003, 0.003] 59.427
[0.0, 0.5, -0.882, -0.178, -0.003, 0.003] 61.965
[0.0, 0.5, -0.933, -0.126, -0.003, 0.003] 62.518
[0.0, 0.5, -0.985, -0.075, -0.003, 0.003] 78.187
[0.0, 0.5, -1.036, -0.035, -0.003, 0.003] 63.46
[0.0, 0.5, -1.087, -0.016, -0.003, 0.003] 60.968
[-0.0, 0.5, -1.138, -0.007, -0.003, 0.003] 62.42
[-0.0, 0.5, -1.189, -0.003, -0.003, 0.003] 74.605
[-0.0, 0.5, -1.222, -0.002, -0.003, 0.003] 78.403
[-0.0, 0.5, -1.237, -0.001, -0.003, 0.003] 63.885
[-0.0, 0.5, -1.244, -0.0, -0.003, 0.003] 60.273
[-0.0, 0.5, -1.247, -0.0, -0.001, 0.001] 62.268
[-0.0, 0.5, -1.249, -0.0, -0.001, 0.001] 78.831
[-0.0, 0.449, -1.198, 0.0, -0.0, 0.0] 74.804
[-0.0, 0.398, -1.146, 0.0, -0.0, 0.0] 60.209
[-0.0, 0.346, -1.095, 0.0, -0.0, 0.0] 66.147
[-0.0, 0.295, -1.044, 0.0, -0.0, 0.0] 63.016
[-0.0, 0.244, -0.993, 0.0, -0.0, 0.0] 62.119
[-0.0, 0.193, -0.942, 0.0, -0.0, 0.0] 78.197
[0.0, 0.142, -0.89, 0.0, -0.0, 0.0] 62.527
[-0.0, 0.09, -0.839, 0.0, -0.0, 0.0] 62.221
[0.0, 0.044, -0.788, 0.0, -0.0, 0.0] 61.702
[-0.0, 0.02, -0.737, 0.0, -0.0, 0.0] 62.795
[-0.0, 0.009, -0.686, 0.0, -0.0, -0.0] 93.336
[-0.0, 0.004, -0.635, 0.0, -0.0, -0.0] 63.691
[-0.0, 0.002, -0.583, 0.0, -0.0, 0.0] 61.426
[-0.0, 0.001, -0.532, 0.0, -0.0, 0.0] 64.185
[-0.0, 0.0, -0.481, 0.0, -0.0, -0.0] 74.792
[-0.0, 0.0, -0.43, 0.0, -0.0, -0.0] 64.699
[-0.0, 0.0, -0.379, 0.0, -0.0, 0.0] 62.418
[-0.0, 0.0, -0.327, 0.0, -0.0, 0.0] 61.609
[-0.0, 0.0, -0.276, 0.0, -0.0, -0.0] 77.948
[-0.0, 0.0, -0.225, 0.0, -0.0, -0.0] 61.492
[-0.0, 0.0, -0.174, 0.0, -0.0, 0.0] 60.378
[-0.0, 0.0, -0.123, 0.0, -0.0, 0.0] 66.188
[-0.0, 0.0, -0.071, 0.0, -0.0, 0.0] 60.715
[-0.0, -0.0, -0.033, 0.0, -0.0, 0.0] 77.47
[-0.0, -0.0, -0.015, 0.0, -0.0, 0.0] 62.617
[-0.0, -0.0, -0.007, 0.0, -0.0, 0.0] 63.278
[0.051, 0.051, -0.046, -0.029, -0.051, 0.002] 77.899
[0.102, 0.102, -0.064, -0.042, -0.102, 0.002] 62.271
[0.154, 0.154, -0.072, -0.049, -0.154, 0.003] 62.945
[0.205, 0.205, -0.076, -0.052, -0.205, 0.003] 62.713
[0.256, 0.256, -0.077, -0.053, -0.256, 0.003] 78.312
[0.307, 0.307, -0.078, -0.053, -0.307, 0.003] 61.711
[0.358, 0.358, -0.079, -0.054, -0.358, 0.003] 62.428
[0.41, 0.41, -0.079, -0.054, -0.41, 0.003] 64.279
[0.461, 0.461, -0.079, -0.054, -0.461, 0.003] 76.788
[0.512, 0.512, -0.079, -0.054, -0.512, 0.003] 62.825
[0.563, 0.555, -0.079, -0.054, -0.563, 0.003] 61.626
[0.614, 0.575, -0.079, -0.054, -0.614, 0.003] 62.475
[0.666, 0.584, -0.079, -0.054, -0.666, 0.003] 77.395
[0.717, 0.588, -0.079, -0.054, -0.71, 0.003] 76.623
[0.768, 0.59, -0.079, -0.054, -0.731, 0.003] 77.808
[0.819, 0.591, -0.079, -0.054, -0.741, 0.003] 63.17
[0.87, 0.592, -0.079, -0.054, -0.746, 0.003] 61.658
[0.922, 0.592, -0.079, -0.054, -0.748, 0.003] 64.757
[0.973, 0.592, -0.079, -0.054, -0.749, 0.003] 61.37
[1.024, 0.592, -0.079, -0.054, -0.75, 0.003] 75.947
[1.075, 0.592, -0.079, -0.054, -0.75, 0.003] 62.104
[1.126, 0.592, -0.079, -0.054, -0.75, 0.003] 56.11
[1.178, 0.592, -0.079, -0.054, -0.75, 0.003] 63.878
[1.218, 0.592, -0.079, -0.054, -0.75, 0.003] 66.279
[1.237, 0.592, -0.079, -0.054, -0.75, 0.003] 63.612
[1.246, 0.592, -0.079, -0.054, -0.75, 0.003] 77.393
[1.194, 0.541, -0.028, -0.105, -0.801, 0.003] 61.694
[1.143, 0.49, 0.023, -0.156, -0.852, 0.003] 60.774
[1.092, 0.438, 0.075, -0.208, -0.903, 0.003] 63.184
[1.041, 0.387, 0.126, -0.259, -0.955, 0.003] 76.887
[0.99, 0.336, 0.177, -0.31, -1.006, 0.003] 62.358
[0.938, 0.285, 0.228, -0.361, -1.057, 0.003] 63.086
[0.887, 0.234, 0.279, -0.412, -1.108, 0.003] 62.536
[0.836, 0.182, 0.33, -0.463, -1.159, 0.003] 60.988
[0.785, 0.131, 0.382, -0.515, -1.21, 0.003] 94.417
[0.734, 0.08, 0.433, -0.566, -1.261, 0.003] 59.93
[0.682, 0.029, 0.484, -0.617, -1.312, 0.003] 61.715
[0.631, -0.022, 0.535, -0.668, -1.364, 0.003] 64.003
[0.58, -0.074, 0.586, -0.719, -1.415, 0.003] 75.413
[0.529, -0.125, 0.631, -0.771, -1.459, 0.003] 61.787
[0.478, -0.176, 0.654, -0.822, -1.481, 0.003] 62.767
[0.426, -0.227, 0.664, -0.873, -1.49, 0.003] 60.926
[0.375, -0.278, 0.669, -0.924, -1.495, 0.003] 77.821
[0.324, -0.33, 0.671, -0.975, -1.497, 0.003] 62.336
[0.273, -0.381, 0.672, -1.027, -1.498, 0.003] 62.207
[0.222, -0.432, 0.673, -1.078, -1.499, 0.003] 62.079
[0.17, -0.483, 0.673, -1.129, -1.499, 0.003] 62.56
[0.13, -0.534, 0.673, -1.18, -1.499, 0.003] 93.97
[0.112, -0.565, 0.673, -1.231, -1.499, 0.003] 63.328
[0.103, -0.58, 0.673, -1.283, -1.499, 0.003] 61.709
[0.099, -0.586, 0.673, -1.334, -1.499, 0.003] 63.095
[0.098, -0.589, 0.673, -1.369, -1.499, 0.003] 76.317
[0.097, -0.591, 0.673, -1.386, -1.499, 0.003] 64.435
[0.096, -0.591, 0.673, -1.393, -1.499, 0.003] 59.334
[0.148, -0.54, 0.622, -1.445, -1.448, 0.001] 77.845
[0.199, -0.489, 0.571, -1.496, -1.397, 0.001] 62.197
[0.25, -0.438, 0.533, -1.53, -1.346, 0.0] 62.242
[0.301, -0.387, 0.515, -1.546, -1.294, 0.0] 61.83
[0.352, -0.335, 0.507, -1.554, -1.243, 0.0] 61.152
[0.404, -0.284, 0.503, -1.557, -1.192, 0.0] 78.53
[0.455, -0.233, 0.501, -1.559, -1.141, 0.0] 77.062
[0.506, -0.182, 0.501, -1.559, -1.09, 0.0] 62.406
[0.557, -0.131, 0.5, -1.56, -1.038, 0.0] 63.52
[0.608, -0.08, 0.5, -1.56, -0.987, 0.0] 62.991
[0.66, -0.028, 0.5, -1.56, -0.936, -0.0] 78.02
[0.711, 0.023, 0.5, -1.56, -0.885, 0.0] 61.961
[0.762, 0.074, 0.5, -1.56, -0.834, -0.0] 63.398
[0.813, 0.125, 0.5, -1.56, -0.782, 0.0] 62.881
[0.858, 0.176, 0.5, -1.56, -0.731, 0.0] 76.93
[0.881, 0.228, 0.5, -1.56, -0.68, -0.0] 62.191
[0.891, 0.279, 0.5, -1.56, -0.629, 0.0] 61.751
[0.896, 0.33, 0.5, -1.56, -0.578, -0.0] 63.358
[0.898, 0.381, 0.5, -1.56, -0.527, 0.0] 78.615
[0.899, 0.432, 0.5, -1.56, -0.475, 0.0] 62.882
[0.9, 0.469, 0.5, -1.56, -0.424, -0.0] 62.382
[0.9, 0.486, 0.5, -1.56, -0.373, -0.0] 62.593
[0.9, 0.493, 0.5, -1.56, -0.322, -0.0] 59.427
[0.9, 0.497, 0.5, -1.56, -0.271, 0.0] 91.627
[0.9, 0.499, 0.5, -1.56, -0.219, 0.0] 62.478
[0.9, 0.499, 0.5, -1.56, -0.168, 0.0] 61.981
[0.9, 0.5, 0.5, -1.56, -0.117, -0.0] 61.537
[0.9, 0.5, 0.5, -1.56, -0.066, -0.0] 79.417
[0.9, 0.5, 0.5, -1.56, -0.03, -0.0] 61.595
[0.9, 0.5, 0.5, -1.56, -0.014, -0.0] 62.407
[0.9, 0.5, 0.5, -1.56, -0.006, 0.0] 63.151
[0.849, 0.5, 0.449, -1.509, -0.005, 0.002] 78.101
[0.798, 0.5, 0.398, -1.458, -0.004, 0.002] 63.302
[0.746, 0.5, 0.346, -1.406, -0.003, 0.003] 60.02
[0.695, 0.5, 0.295, -1.355, -0.003, 0.003] 62.511
[0.644, 0.5, 0.244, -1.304, -0.003, 0.003] 63.53
[0.593, 0.5, 0.193, -1.253, -0.003, 0.003] 93.178
[0.542, 0.5, 0.142, -1.202, -0.003, 0.003] 62.343
[0.49, 0.5, 0.09, -1.15, -0.003, 0.003] 62.094
[0.439, 0.5, 0.039, -1.099, -0.003, 0.003] 63.273
[0.388, 0.5, -0.012, -1.048, -0.003, 0.003] 78.008
[0.337, 0.5, -0.063, -0.997, -0.003, 0.003] 61.416
[0.286, 0.5, -0.114, -0.946, -0.003, 0.003] 63.826
[0.234, 0.5, -0.166, -0.894, -0.003, 0.003] 62.194
[0.183, 0.5, -0.217, -0.843, -0.003, 0.003] 77.627
[0.132, 0.5, -0.268, -0.792, -0.003, 0.003] 77.247
[0.081, 0.5, -0.319, -0.741, -0.003, 0.003] 64.66
[0.038, 0.5, -0.37, -0.69, -0.003, 0.003] 60.449
[0.017, 0.5, -0.422, -0.638, -0.003, 0.003] 61.996
[0.008, 0.5, -0.473, -0.587, -0.003, 0.003] 77.983
[0.004, 0.5, -0.524, -0.536, -0.003, 0.003] 61.89
[0.002, 0.5, -0.575, -0.485, -0.003, 0.003] 62.228
[0.001, 0.5, -0.626, -0.434, -0.003, 0.003] 62.45
[0.0, 0.5, -0.678, -0.382, -0.003, 0.003] 76.995
[0.0, 0.5, -0.729, -0.331, -0.003, 0.003] 63.152
[0.0, 0.5, -0.78, -0.28, -0.003, 0.003] 64.001
[0.0, 0.5, -0.831, -0.229, -0.003, 0.003] 61.988
[0.0, 0.5, -0.882, -0.178, -0.003, 0.003] 78.287
[0.0, 0.5, -0.933, -0.126, -0.003, 0.003] 61.136
[0.0, 0.5, -0.985, -0.075, -0.003, 0.003] 61.979
[0.0, 0.5, -1.036, -0.035, -0.003, 0.003] 62.539
[0.0, 0.5, -1.087, -0.016, -0.003, 0.003] 62.309
[-0.0, 0.5, -1.138, -0.007, -0.003, 0.003] 93.055
[-0.0, 0.5, -1.189, -0.003, -0.003, 0.003] 61.991
[-0.0, 0.5, -1.222, -0.002, -0.003, 0.003] 62.568
[-0.0, 0.5, -1.237, -0.001, -0.003, 0.003] 77.009
[-0.0, 0.5, -1.244, -0.0, -0.003, 0.003] 63.014
[-0.0, 0.5, -1.247, -0.0, -0.001, 0.001] 77.168
INFO: 'hari' controller exited successfully.