[INFO] [1680263429.420872]: Python ROS Wrapper ready
([0.0, 0.4999, -1.25, 0.0001, -0.0001, 0.0031], 61)
([0.0, 0.4999, -1.25, 0.0001, -0.0001, 0.0082], 61)
([0.0, 0.4999, -1.25, 0.0001, -0.0001, 0.0031], 61)
([0.0, 0.4999, -1.25, 0.0001, -0.0001, 0.0031], 61)
([0.0, 0.4999, -1.25, 0.0001, -0.0001, 0.0031], 61)
([0.0, 0.4999, -1.25, 0.0001, -0.0001, 0.0031], 61)
([0.0, 0.4999, -1.25, 0.0001, -0.0001, 0.0031], 61)
([0.0, 0.4999, -1.25, 0.0001, -0.0001, 0.0031], 61)
([0.0, 0.4999, -1.25, 0.0001, -0.0001, 0.0031], 60)
([0.0, 0.4999, -1.25, 0.0001, -0.0001, 0.0031], 60)
([0.0, 0.4999, -1.25, 0.0001, -0.0001, 0.0031], 60)
([0.0, 0.4999, -1.25, 0.0001, -0.0001, 0.0031], 61)
([0.0, 0.4999, -1.25, 0.0001, -0.0001, 0.0031], 60)
([0.0, 0.4999, -1.25, 0.0001, -0.0001, 0.0031], 61)
([0.0, 0.4999, -1.25, 0.0001, -0.0001, 0.0031], 61)
([0.0, 0.4999, -1.25, 0.0001, -0.0001, 0.0031], 61)
([0.0, 0.4999, -1.25, 0.0001, -0.0001, 0.0031], 60)
([0.0, 0.4999, -1.25, 0.0001, -0.0001, 0.0031], 60)
([0.0, 0.4999, -1.25, 0.0001, -0.0001, 0.0031], 60)
([0.0, 0.4999, -1.25, 0.0001, -0.0001, 0.0031], 61)
([0.0, 0.4999, -1.25, 0.0001, -0.0001, 0.0031], 61)
([0.0, 0.4999, -1.25, 0.0001, -0.0001, 0.0031], 61)
([0.0, 0.4999, -1.25, 0.0001, -0.0001, 0.0031], 61)
([0.0, 0.4999, -1.25, 0.0001, -0.0001, 0.0031], 61)
([0.0, 0.499, -1.2474, 0.0001, -0.0001, 0.0031], 61)
([0.0, 0.4962, -1.2474, 0.0001, -0.0001, 0.0031], 61)
([0.0, 0.493, -1.2367, 0.0001, -0.0001, 0.0031], 61)
([0.0, 0.4848, -1.2153, 0.0001, -0.0001, 0.0031], 61)
([0.0, 0.4848, -1.1882, 0.0001, -0.0001, 0.0031], 61)
([0.0, 0.4733, -1.1499, 0.0001, -0.0001, 0.0031], 60)
([0.0, 0.4568, -1.1499, 0.0001, -0.0001, 0.0031], 60)
([0.0, 0.4362, -1.1008, 0.0001, -0.0001, 0.0031], 60)
([0.0, 0.4362, -1.0426, 0.0001, -0.0001, 0.0031], 61)
([0.0, 0.4118, -0.9782, 0.0001, -0.0001, 0.0031], 61)
([0.0, 0.3857, -0.9782, 0.0001, -0.0001, 0.0031], 61)
([0.0, 0.3586, -0.9123, 0.0001, -0.0001, 0.0031], 61)
([0.0, 0.3586, -0.8454, 0.0001, -0.0001, 0.0031], 61)
([0.0, 0.3316, -0.7775, 0.0001, -0.0001, 0.0031], 61)
([0.0, 0.3045, -0.7775, 0.0001, -0.0001, 0.0031], 61)
([0.0, 0.277, -0.709, 0.0001, -0.0001, 0.0031], 61)
([0.0, 0.277, -0.6411, 0.0001, -0.0001, 0.0031], 61)
([0.0, 0.2504, -0.5721, 0.0001, -0.0001, 0.0031], 61)
([0.0, 0.2229, -0.5721, 0.0001, -0.0016, 0.0031], 61)
([0.0, 0.1954, -0.5047, 0.0001, -0.0016, 0.0031], 62)
([0.0, 0.1679, -0.4373, 0.0001, -0.0001, 0.0031], 60)
([0.0, 0.1679, -0.3688, 0.0001, -0.0001, 0.0031], 61)
([0.0, 0.1403, -0.3019, 0.0001, -0.0001, 0.0031], 61)
([0.0, 0.1133, -0.3019, 0.0001, -0.0016, 0.0031], 61)
([0.0, 0.0876, -0.236, 0.0001, -0.0016, 0.0031], 61)
([0.0, 0.0876, -0.1747, 0.0001, -0.0001, 0.0031], 61)
([0.0, 0.0651, -0.1236, 0.0001, -0.0016, 0.0031], 61)
([0.0, 0.0468, -0.1236, 0.0001, -0.0016, 0.0031], 61)
([0.0, 0.0321, -0.0843, 0.0001, -0.0016, 0.0031], 60)
([0.0, 0.0321, -0.0521, 0.0001, -0.0016, 0.0031], 61)
([0.0, 0.0206, -0.0281, 0.0001, -0.0016, 0.0031], 61)
([0.0, 0.0124, -0.0281, 0.0001, -0.0016, 0.0031], 60)
([0.0, 0.0083, -0.0138, 0.0001, -0.0001, 0.0082], 60)
([0.0, 0.0083, -0.0077, 0.0001, -0.0016, 0.0031], 60)
([0.0, 0.0064, -0.0077, 0.0001, -0.0016, 0.0031], 61)
([0.0, 0.0064, -0.0072, 0.0001, -0.0016, 0.0031], 61)
([0.0, 0.0064, -0.0072, 0.0001, -0.0016, 0.0031], 61)
([0.0, 0.0037, -0.0077, 0.0001, -0.0016, 0.0031], 61)
([0.0065, 0.0037, -0.0066, 0.0001, -0.0093, 0.0031], 61)
([0.0238, 0.0, -0.0051, 0.0001, -0.0216, 0.0031], 61)
([0.0513, -0.0101, -0.0051, 0.0001, -0.04, 0.0031], 61)
([0.0513, -0.028, -0.0015, 0.0001, -0.0599, 0.0031], 61)
([0.0932, -0.028, 0.0026, 0.0001, -0.0829, 0.0031], 61)
([0.1495, -0.0527, 0.0056, 0.0001, -0.1105, 0.0031], 61)
([0.2181, -0.0835, 0.0056, 0.0001, -0.1535, 0.0031], 61)
([0.2181, -0.1202, 0.0087, 0.0001, -0.1857, 0.0031], 61)
([0.2983, -0.1202, 0.0133, -0.0014, -0.2333, 0.0031], 61)
([0.3864, -0.1619, 0.0194, -0.003, -0.2701, 0.0031], 61)
([0.4795, -0.2064, 0.0194, -0.006, -0.3238, 0.0031], 61)
([0.4795, -0.2518, 0.0261, -0.0106, -0.3606, 0.0031], 61)
([0.5742, -0.2518, 0.0322, -0.0198, -0.4112, 0.0031], 61)
([0.6695, -0.2967, 0.0388, -0.0245, -0.448, 0.0031], 61)
([0.7655, -0.3421, 0.045, -0.0321, -0.5078, 0.0031], 61)
([0.8601, -0.3875, 0.045, -0.0367, -0.56, 0.0031], 61)
([0.8601, -0.4307, 0.0516, -0.0383, -0.5953, 0.0031], 61)
([0.9468, -0.4307, 0.0577, -0.0413, -0.6413, 0.0031], 61)
([1.0248, -0.4687, 0.0628, -0.0459, -0.6674, 0.0031], 61)
([1.092, -0.5027, 0.0628, -0.049, -0.695, 0.0031], 61)
([1.092, -0.5306, 0.0674, -0.0521, -0.7195, 0.0031], 61)
([1.1476, -0.5306, 0.0705, -0.0536, -0.7333, 0.0031], 61)
([1.188, -0.5522, 0.0741, -0.0536, -0.7471, 0.0031], 61)
([1.2184, -0.5682, 0.0741, -0.0551, -0.7594, 0.0031], 61)
([1.2184, -0.5788, 0.0756, -0.0567, -0.7655, 0.0031], 60)
([1.2371, -0.5788, 0.0766, -0.0567, -0.7655, 0.0031], 60)
([1.2444, -0.5834, 0.0766, -0.0567, -0.764, 0.0031], 61)
([1.2472, -0.5852, 0.0771, -0.0567, -0.764, 0.0031], 60)
([1.2472, -0.5829, 0.0776, -0.0582, -0.764, 0.0031], 61)
([1.2444, -0.5829, 0.0771, -0.0582, -0.7702, 0.0031], 61)
([1.2407, -0.5829, 0.0802, -0.0597, -0.7702, 0.0031], 61)
([1.2285, -0.5829, 0.0802, -0.0735, -0.7794, 0.0031], 61)
([1.2061, -0.5834, 0.0868, -0.115, -0.7932, 0.0031], 61)
([1.2061, -0.5838, 0.0996, -0.1548, -0.8131, 0.0031], 61)
([1.1707, -0.5838, 0.12, -0.1993, -0.8376, 0.0031], 61)
([1.123, -0.5838, 0.1471, -0.2607, -0.8683, 0.0031], 61)
([1.0624, -0.5843, 0.1471, -0.3082, -0.8929, 0.0031], 60)
([1.0624, -0.5847, 0.1808, -0.3727, -0.9312, 0.0031], 61)
([0.9887, -0.5847, 0.2212, -0.4555, -0.9803, 0.0031], 61)
([0.9042, -0.5857, 0.2661, -0.5184, -1.0125, 0.0031], 60)
([0.8139, -0.5861, 0.2661, -0.6104, -1.0647, 0.0082], 65)
([0.8139, -0.587, 0.3136, -0.704, -1.1199, 0.0031], 61)
([0.7186, -0.587, 0.3622, -0.7776, -1.1552, 0.0031], 60)
([0.624, -0.5875, 0.4112, -0.8635, -1.2043, 0.0031], 60)
([0.5301, -0.5884, 0.4112, -0.9418, -1.2472, 0.0031], 60)
([0.5301, -0.5889, 0.4597, -1.0461, -1.3024, 0.0031], 60)
([0.442, -0.5893, 0.5042, -1.1351, -1.3531, 0.0031], 61)
([0.3633, -0.5893, 0.5435, -1.2118, -1.3945, 0.0031], 61)
([0.2954, -0.5898, 0.5777, -1.2746, -1.4282, 0.0031], 61)
([0.2354, -0.5903, 0.5777, -1.3161, -1.4512, 0.0031], 61)
([0.2354, -0.5907, 0.6079, -1.3621, -1.4773, 0.0031], 61)
([0.1842, -0.5907, 0.6324, -1.3882, -1.4927, 0.0031], 61)
([0.1459, -0.5907, 0.6498, -1.4096, -1.5065, 0.0031], 61)
([0.1192, -0.5912, 0.6498, -1.4188, -1.5111, 0.0031], 61)
([0.1192, -0.5912, 0.6615, -1.425, -1.5126, -0.002], 61)
([0.1062, -0.5912, 0.6671, -1.425, -1.5126, 0.0031], 60)
([0.1004, -0.5921, 0.6692, -1.4265, -1.5126, 0.0031], 61)
([0.0982, -0.5921, 0.6692, -1.425, -1.5126, 0.0031], 60)
([0.0989, -0.5921, 0.6692, -1.4265, -1.5157, 0.0031], 60)
([0.0989, -0.5921, 0.6692, -1.4311, -1.5172, 0.0031], 60)
([0.1033, -0.5916, 0.6671, -1.4311, -1.5172, -0.002], 61)
([0.1105, -0.5903, 0.6671, -1.428, -1.5065, 0.0031], 61)
([0.1105, -0.5889, 0.6646, -1.4112, -1.4927, 0.0031], 61)
([0.1221, -0.5889, 0.662, -1.3437, -1.4635, 0.0031], 60)
([0.1365, -0.587, 0.6585, -1.2792, -1.419, -0.002], 61)
([0.1553, -0.5847, 0.6585, -1.221, -1.3899, 0.0031], 61)
([0.1791, -0.5815, 0.6539, -1.1397, -1.3561, 0.0031], 61)
([0.1791, -0.5815, 0.6488, -1.0722, -1.3147, 0.0031], 60)
([0.208, -0.5779, 0.6426, -0.9817, -1.2626, 0.0031], 61)
([0.2383, -0.5742, 0.6426, -0.8988, -1.2257, 0.0031], 61)
([0.2715, -0.5705, 0.636, -0.7899, -1.1705, 0.0031], 61)
([0.2715, -0.5705, 0.6288, -0.7009, -1.126, 0.0031], 61)
([0.304, -0.5659, 0.6222, -0.5659, -1.0509, 0.0031], 61)
([0.3365, -0.5618, 0.615, -0.4785, -1.0064, 0.0031], 61)
([0.3698, -0.5586, 0.615, -0.3757, -0.9558, 0.0031], 61)
([0.403, -0.5545, 0.6079, -0.2791, -0.9036, 0.0031], 61)
([0.403, -0.5545, 0.6007, -0.1886, -0.8591, 0.0031], 61)
([0.4355, -0.5508, 0.5936, -0.0781, -0.8039, 0.0031], 61)
([0.4687, -0.5481, 0.5936, 0.0108, -0.7579, -0.002], 60)
([0.5019, -0.543, 0.5864, 0.1136, -0.7103, 0.0031], 61)
([0.5019, -0.543, 0.5798, 0.1918, -0.6674, 0.0031], 61)
([0.5352, -0.5393, 0.5726, 0.2931, -0.6122, 0.0031], 61)
([0.5691, -0.5352, 0.5726, 0.3713, -0.5707, 0.0031], 61)
([0.6023, -0.5315, 0.5655, 0.4756, -0.517, 0.0031], 60)
([0.6023, -0.5315, 0.5588, 0.5753, -0.4664, 0.0031], 60)
([0.6355, -0.527, 0.5512, 0.6873, -0.4112, 0.0031], 60)
([0.6695, -0.5233, 0.5512, 0.7671, -0.3682, 0.0031], 60)
([0.7027, -0.5196, 0.5445, 0.8515, -0.3268, 0.0031], 61)
([0.7027, -0.5196, 0.5379, 0.9619, -0.2747, 0.0031], 61)
([0.7359, -0.516, 0.5302, 1.0616, -0.2256, 0.0031], 61)
([0.7691, -0.5118, 0.5241, 1.1675, -0.1688, 0.0031], 61)
([0.7995, -0.5086, 0.5241, 1.2718, -0.1121, 0.0031], 60)
([0.8255, -0.5059, 0.518, 1.3469, -0.086, 0.0031], 61)
([0.8255, -0.5059, 0.5124, 1.4313, -0.0476, 0.0031], 61)
([0.8479, -0.504, 0.5083, 1.4819, -0.0231, 0.0031], 61)
([0.8652, -0.5027, 0.5083, 1.5356, -0.0016, 0.0031], 61)
([0.8652, -0.5013, 0.5047, 1.5602, 0.0076, 0.0031], 61)
([0.8782, -0.5013, 0.5021, 1.5786, 0.0168, 0.0031], 61)
([0.8883, -0.5008, 0.5006, 1.5893, 0.0229, 0.0031], 60)
([0.8941, -0.4999, 0.5006, 1.5954, 0.0245, 0.0031], 61)
([0.8955, -0.4999, 0.5001, 1.5954, 0.0229, 0.0031], 60)
([0.8955, -0.4999, 0.5001, 1.5954, 0.0183, -0.002], 60)
([0.8955, -0.4999, 0.5001, 1.597, 0.0198, 0.0031], 61)
([0.8955, -0.4999, 0.4986, 1.6062, 0.0337, 0.0031], 61)
([0.8955, -0.4962, 0.4986, 1.6077, 0.0429, 0.0031], 61)
([0.8919, -0.4894, 0.4919, 1.6077, 0.0321, 0.0031], 61)
([0.8861, -0.4894, 0.4781, 1.6046, 0.0275, 0.0031], 61)
([0.876, -0.4793, 0.4567, 1.5939, 0.0291, 0.0031], 61)
([0.8609, -0.4637, 0.4567, 1.5617, 0.0275, 0.0031], 61)
([0.8609, -0.443, 0.424, 1.5295, 0.026, -0.002], 61)
([0.8406, -0.443, 0.3826, 1.4819, 0.0229, 0.0031], 61)
([0.8168, -0.4169, 0.3325, 1.439, 0.0229, 0.0031], 61)
([0.7879, -0.3857, 0.3325, 1.3853, 0.0214, 0.0031], 61)
([0.7879, -0.3504, 0.2743, 1.3408, 0.0214, 0.0031], 61)
([0.7554, -0.3504, 0.2105, 1.2978, 0.0214, 0.0031], 61)
([0.7222, -0.3128, 0.1435, 1.2349, 0.0198, 0.0031], 61)
([0.6875, -0.2752, 0.1435, 1.1951, 0.0183, 0.0031], 61)
([0.6522, -0.2376, 0.0756, 1.1214, 0.0168, 0.0031], 61)
([0.6522, -0.1986, 0.0072, 1.057, 0.0168, 0.0031], 61)
([0.6175, -0.1986, -0.0603, 1.0141, 0.0152, 0.0031], 61)
([0.5828, -0.1596, -0.1272, 0.9803, 0.0122, 0.0031], 60)
([0.5482, -0.1206, -0.1272, 0.9266, 0.0122, 0.0031], 60)
([0.5482, -0.0816, -0.1956, 0.8683, 0.0122, -0.002], 67)
([0.5135, -0.0816, -0.2641, 0.8284, 0.0106, 0.0031], 61)
([0.4788, -0.0431, -0.3315, 0.7763, 0.0122, 0.0031], 60)
([0.4442, -0.0041, -0.3315, 0.7349, 0.0091, 0.0031], 61)
([0.4442, 0.0358, -0.4, 0.6796, 0.0076, 0.0031], 61)
([0.4095, 0.0358, -0.4674, 0.6428, 0.0076, 0.0031], 60)
([0.3755, 0.0748, -0.5348, 0.5937, 0.006, 0.0031], 61)
([0.3409, 0.1128, -0.6033, 0.5247, 0.0045, 0.0031], 61)
([0.3062, 0.1518, -0.6033, 0.4879, 0.0045, 0.0031], 61)
([0.3062, 0.1912, -0.6712, 0.4388, 0.0045, 0.0031], 61)
([0.273, 0.1912, -0.7392, 0.4005, 0.003, 0.0031], 60)
([0.2383, 0.2307, -0.8076, 0.3452, 0.0045, -0.002], 61)
([0.2037, 0.2692, -0.8076, 0.3023, 0.0045, 0.0031], 61)
([0.2037, 0.3082, -0.8756, 0.2547, -0.0001, 0.0031], 61)
([0.1683, 0.3082, -0.9435, 0.2118, -0.0001, 0.0031], 61)
([0.1336, 0.3472, -1.0094, 0.1673, -0.0016, 0.0031], 61)
([0.1011, 0.3839, -1.0094, 0.1289, -0.0016, 0.0031], 61)
([0.1011, 0.416, -1.0697, 0.0937, -0.0032, 0.0031], 61)
([0.0729, 0.416, -1.1228, 0.0476, -0.0032, 0.0031], 61)
([0.0491, 0.444, -1.1662, 0.0262, -0.0032, 0.0031], 61)
([0.0296, 0.466, -1.1662, 0.0047, -0.0032, 0.0031], 61)
([0.0296, 0.4825, -1.1999, -0.0076, -0.0032, 0.0031], 61)
([0.0173, 0.4825, -1.2239, -0.0122, -0.0032, 0.0031], 61)
([0.0072, 0.4939, -1.2393, -0.0168, -0.0032, 0.0031], 61)
([0.0029, 0.4999, -1.2459, -0.0168, -0.0032, 0.0031], 61)
([0.0007, 0.4999, -1.2459, -0.0168, -0.0016, 0.0031], 60)
([0.0007, 0.4999, -1.249, -0.0168, -0.0032, 0.0031], 60)
([0.0, 0.4999, -1.249, -0.0183, -0.0032, 0.0031], 61)
([0.0, 0.4999, -1.249, -0.0183, -0.0032, 0.0031], 61)
([0.0, 0.4999, -1.2495, -0.0198, -0.0032, 0.0031], 61)
([0.0, 0.4999, -1.25, -0.0183, -0.0016, 0.0031], 61)
([0.0, 0.4999, -1.25, -0.0183, -0.0032, 0.0031], 61)
([0.0, 0.4999, -1.25, -0.0168, -0.0016, 0.0031], 61)
([0.0, 0.4999, -1.25, -0.0168, -0.0032, 0.0031], 61)
([0.0, 0.4999, -1.25, -0.0183, -0.0016, 0.0031], 61)
([0.0, 0.4999, -1.25, -0.0183, -0.0016, 0.0031], 61)
([0.0, 0.4999, -1.25, -0.0168, -0.0016, 0.0031], 61)
([0.0, 0.4999, -1.25, -0.0152, -0.0032, 0.0031], 60)
([0.0, 0.4999, -1.25, -0.0152, -0.0016, 0.0031], 60)
([0.0, 0.4999, -1.25, -0.0152, -0.0032, 0.0031], 61)
([0.0, 0.4999, -1.25, -0.0152, -0.0032, 0.0031], 61)
([0.0, 0.499, -1.25, -0.0152, -0.0032, 0.0031], 61)
([0.0, 0.4972, -1.2464, -0.0152, -0.0032, -0.002], 61)
([0.0, 0.4972, -1.2347, -0.0137, -0.0016, 0.0031], 61)
([0.0, 0.493, -1.2132, -0.0152, -0.0032, 0.0031], 61)
([0.0, 0.4839, -1.2132, -0.0137, -0.0016, 0.0031], 61)
([0.0, 0.4719, -1.1851, -0.0137, -0.0032, 0.0031], 61)
([0.0, 0.4719, -1.1453, -0.0137, -0.0032, 0.0031], 61)
([0.0, 0.455, -1.0957, -0.0152, -0.0032, -0.002], 61)
([0.0, 0.4334, -1.0957, -0.0152, -0.0032, -0.002], 61)
([0.0, 0.4086, -1.0365, -0.0137, -0.0032, 0.0031], 61)
([0.0, 0.3825, -0.9716, -0.0137, -0.0032, 0.0031], 61)
([0.0, 0.3554, -0.9057, -0.0137, -0.0032, 0.0031], 61)
([0.0, 0.3554, -0.8388, -0.0137, -0.0032, 0.0031], 61)
([0.0, 0.3284, -0.8388, -0.0137, -0.0032, -0.002], 61)
([0.0, 0.3013, -0.7714, -0.0137, -0.0032, 0.0031], 61)
([0.0, 0.3013, -0.7029, -0.0137, -0.0032, -0.002], 60)
([0.0, 0.2743, -0.635, -0.0137, -0.0032, 0.0031], 60)
([0.0, 0.2472, -0.635, -0.0137, -0.0032, 0.0031], 61)
([0.0, 0.2201, -0.5665, -0.0122, -0.0032, -0.002], 60)
([0.0, 0.2201, -0.4986, -0.0106, -0.0032, 0.0031], 60)
([0.0, 0.1922, -0.4311, -0.0091, -0.0032, 0.0031], 61)
([0.0, 0.1646, -0.4311, -0.0076, -0.0032, 0.0031], 61)
([0.0, 0.1371, -0.3627, -0.006, -0.0032, 0.0031], 61)
([0.0, 0.1371, -0.2947, -0.0045, -0.0032, 0.0031], 61)
([0.0, 0.1105, -0.2294, -0.003, -0.0032, 0.0031], 60)
([0.0, 0.0853, -0.2294, -0.003, -0.0032, -0.002], 60)
([0.0, 0.0628, -0.1691, -0.0014, -0.0032, 0.0031], 60)
([0.0, 0.0449, -0.119, -0.0014, -0.0032, 0.0031], 61)
([0.0, 0.0307, -0.0807, 0.0001, -0.0032, 0.0031], 61)
([0.0, 0.0307, -0.0496, 0.0001, -0.0032, -0.002], 61)
([0.0, 0.0193, -0.0496, 0.0016, -0.0032, -0.002], 61)
([0.0, 0.0115, -0.0261, 0.0016, -0.0032, 0.0031], 61)
([0.0, 0.0115, -0.0128, 0.0016, -0.0032, 0.0031], 61)
([0.0, 0.0083, -0.0066, 0.0016, -0.0032, 0.0031], 60)
([0.0, 0.0064, -0.0066, 0.0016, -0.0032, 0.0031], 60)
([0.0, 0.0064, -0.0056, 0.0016, -0.0032, -0.002], 61)
([0.0, 0.0064, -0.0066, 0.0016, -0.0032, -0.002], 61)
([0.0022, 0.005, -0.0061, 0.0016, -0.0032, -0.002], 60)
([0.0108, 0.0032, -0.0061, 0.0016, -0.0032, 0.0031], 61)
([0.0318, -0.0023, -0.0056, 0.0016, -0.0124, 0.0031], 60)
([0.0318, -0.0156, -0.0031, 0.0016, -0.0323, 0.0031], 61)
([0.065, -0.0156, 0.0005, 0.0016, -0.0522, 0.0031], 66)
([0.1112, -0.0362, 0.0041, 0.0016, -0.086, -0.002], 61)
([0.1726, -0.0633, 0.0041, 0.0016, -0.1228, 0.0031], 61)
([0.1726, -0.0963, 0.0061, 0.0016, -0.1658, -0.002], 61)
([0.2463, -0.1348, 0.0107, 0.0016, -0.1995, 0.0031], 61)
([0.3293, -0.1348, 0.0158, 0.0001, -0.2363, 0.0031], 61)
([0.4196, -0.1784, 0.0158, -0.003, -0.2854, 0.0031], 61)
([0.4196, -0.2234, 0.0225, -0.0106, -0.3376, 0.0031], 61)
([0.5142, -0.2234, 0.0286, -0.0137, -0.3744, 0.0031], 61)
([0.6088, -0.2688, 0.0352, -0.0198, -0.4265, 0.0031], 61)
([0.7049, -0.3132, 0.0352, -0.0245, -0.4664, 0.0031], 61)
([0.7995, -0.3586, 0.0419, -0.0306, -0.5124, 0.0031], 61)
([0.7995, -0.4045, 0.048, -0.0352, -0.5615, 0.0031], 60)
([0.8926, -0.4045, 0.0541, -0.0383, -0.5968, 0.0031], 60)
([0.9764, -0.4453, 0.0541, -0.0398, -0.6367, 0.0031], 61)
([1.0501, -0.4816, 0.0603, -0.0429, -0.6689, -0.002], 61)
([1.0501, -0.4816, 0.0644, -0.0475, -0.6919, 0.0031], 61)
([1.1129, -0.5132, 0.069, -0.0505, -0.7165, -0.002], 61)
([1.1635, -0.5393, 0.069, -0.0536, -0.7333, 0.0031], 61)
([1.201, -0.5586, 0.072, -0.0551, -0.7517, 0.0031], 61)
([1.2263, -0.5728, 0.0746, -0.0567, -0.7625, 0.0031], 61)
([1.2263, -0.5806, 0.0761, -0.0567, -0.7671, 0.0031], 61)
([1.24, -0.5806, 0.0771, -0.0567, -0.7655, 0.0031], 61)
([1.2458, -0.5843, 0.0771, -0.0567, -0.764, 0.0031], 61)
([1.2458, -0.5857, 0.0771, -0.0567, -0.764, 0.0031], 60)
([1.2465, -0.5857, 0.0771, -0.0567, -0.7655, 0.0031], 61)
([1.2465, -0.5847, 0.0782, -0.0582, -0.7717, -0.002], 61)
([1.2407, -0.5847, 0.0812, -0.0613, -0.7732, -0.002], 61)
([1.2263, -0.5847, 0.0812, -0.0827, -0.7824, -0.002], 61)
([1.2263, -0.5847, 0.0894, -0.1058, -0.7916, -0.002], 61)
([1.201, -0.5847, 0.1042, -0.1472, -0.81, -0.002], 61)
([1.1628, -0.5852, 0.1257, -0.1993, -0.8407, -0.002], 61)
([1.1115, -0.5857, 0.1257, -0.2469, -0.8637, 0.0031], 61)
([1.1115, -0.5861, 0.1543, -0.3006, -0.8929, -0.002], 61)
([1.0479, -0.5861, 0.19, -0.3665, -0.9328, -0.002], 60)
([0.9728, -0.5866, 0.2304, -0.4463, -0.9788, 0.0031], 61)
([0.8854, -0.587, 0.2304, -0.5123, -1.011, -0.002], 61)
([0.8854, -0.588, 0.2769, -0.6043, -1.0616, 0.0031], 61)
([0.793, -0.588, 0.3244, -0.6933, -1.1138, -0.002], 61)
([0.6991, -0.5884, 0.3729, -0.7715, -1.1536, -0.002], 61)
([0.603, -0.5889, 0.3729, -0.8758, -1.2135, -0.002], 61)
([0.603, -0.5898, 0.4219, -0.9464, -1.2534, -0.002], 60)
([0.5106, -0.5898, 0.47, -1.0445, -1.3055, -0.0071], 61)
([0.4239, -0.5903, 0.5134, -1.1074, -1.3393, -0.002], 61)
([0.3474, -0.5907, 0.5517, -1.2164, -1.396, -0.0071], 61)
([0.2809, -0.5912, 0.5517, -1.2624, -1.4221, -0.002], 61)
([0.2809, -0.5916, 0.5849, -1.313, -1.4497, -0.002], 61)
([0.2232, -0.5916, 0.614, -1.3544, -1.4758, -0.002], 61)
([0.1748, -0.5916, 0.637, -1.3851, -1.4942, -0.002], 61)
([0.1387, -0.5916, 0.637, -1.4081, -1.5065, -0.002], 60)
([0.1387, -0.5921, 0.6533, -1.4219, -1.5111, -0.002], 61)
([0.1156, -0.5921, 0.6631, -1.425, -1.5141, -0.002], 61)
([0.104, -0.5921, 0.6677, -1.425, -1.5141, -0.002], 60)
([0.0997, -0.5921, 0.6677, -1.425, -1.5141, -0.002], 60)
([0.0997, -0.5921, 0.6692, -1.4265, -1.5141, -0.002], 60)
([0.1011, -0.5921, 0.6682, -1.4342, -1.5187, -0.002], 61)
([0.1033, -0.5921, 0.6656, -1.4357, -1.5203, -0.0071], 61)
([0.1083, -0.5912, 0.6656, -1.4357, -1.5157, -0.002], 61)
([0.1083, -0.5903, 0.6625, -1.4296, -1.5034, -0.002], 61)
([0.1163, -0.5903, 0.6595, -1.3958, -1.4819, -0.002], 61)
([0.1293, -0.5884, 0.6559, -1.3421, -1.465, -0.0071], 61)
([0.1466, -0.5861, 0.6559, -1.27, -1.419, -0.0071], 61)
([0.169, -0.5834, 0.6518, -1.1596, -1.3577, -0.0071], 61)
([0.169, -0.5802, 0.6472, -1.0982, -1.3316, -0.0071], 61)
([0.1964, -0.5802, 0.6411, -1.0123, -1.2794, -0.0071], 74)
([0.2268, -0.5756, 0.6344, -0.9203, -1.2273, -0.002], 61)
([0.2585, -0.5719, 0.6344, -0.8329, -1.1813, -0.0071], 60)
([0.2585, -0.5682, 0.6283, -0.7193, -1.1291, -0.0071], 61)
([0.291, -0.5682, 0.6212, -0.6074, -1.0708, -0.0071], 61)
([0.3243, -0.5641, 0.6145, -0.5015, -1.0279, -0.0071], 61)
([0.3575, -0.56, 0.6074, -0.3972, -0.9788, -0.0071], 61)
([0.3914, -0.5563, 0.6074, -0.3006, -0.9174, -0.0071], 61)
([0.3914, -0.5522, 0.6007, -0.2162, -0.8714, -0.0071], 61)
([0.4239, -0.5522, 0.5936, -0.1104, -0.8177, -0.0071], 60)
([0.4572, -0.5485, 0.5864, -0.003, -0.7625, -0.0071], 61)
([0.4904, -0.5448, 0.5864, 0.0952, -0.7149, -0.0071], 61)
([0.4904, -0.5403, 0.5798, 0.1765, -0.672, -0.0071], 61)
([0.5236, -0.5403, 0.5731, 0.2808, -0.6168, -0.0071], 61)
([0.5568, -0.5371, 0.566, 0.3575, -0.5769, -0.0071], 61)
([0.5908, -0.5329, 0.566, 0.4419, -0.5324, -0.0071], 61)
([0.5908, -0.5288, 0.5594, 0.5493, -0.4787, -0.0071], 60)
([0.624, -0.5288, 0.5522, 0.6367, -0.4357, -0.0071], 61)
([0.6579, -0.5251, 0.5461, 0.7916, -0.359, -0.0071], 76)
([0.6919, -0.521, 0.5384, 0.8653, -0.3192, -0.0071], 60)
([0.7251, -0.5169, 0.5384, 0.9696, -0.2655, -0.0071], 61)
([0.7251, -0.5132, 0.5323, 1.0463, -0.2256, -0.0071], 61)
([0.7583, -0.5132, 0.5256, 1.1536, -0.1688, -0.0071], 61)
([0.7901, -0.51, 0.5195, 1.2349, -0.1289, -0.0071], 61)
([0.8175, -0.5068, 0.5195, 1.3301, -0.0875, -0.0071], 60)
([0.8175, -0.5045, 0.5139, 1.3975, -0.063, -0.0071], 61)
([0.8406, -0.5031, 0.5098, 1.4881, -0.02, -0.0071], 61)
([0.8601, -0.5031, 0.5057, 1.5371, -0.0016, -0.0071], 60)
([0.8739, -0.5017, 0.5032, 1.5617, 0.0076, -0.002], 60)
([0.8847, -0.5008, 0.5032, 1.5786, 0.0152, -0.0071], 61)
([0.8847, -0.5004, 0.5011, 1.5908, 0.0229, -0.0071], 61)
([0.8926, -0.5004, 0.5001, 1.5954, 0.0245, -0.0071], 61)
([0.8948, -0.4999, 0.5001, 1.5954, 0.0229, -0.0071], 61)
([0.8948, -0.4999, 0.5001, 1.5954, 0.0198, -0.0071], 61)
([0.8955, -0.4999, 0.5001, 1.5954, 0.0168, -0.0071], 61)
([0.8955, -0.4999, 0.4996, 1.6031, 0.026, -0.0071], 61)
([0.8941, -0.4985, 0.4965, 1.6046, 0.0383, -0.0071], 61)
([0.8905, -0.493, 0.4965, 1.6046, 0.0321, -0.002], 61)
([0.8818, -0.4848, 0.4863, 1.6031, 0.0245, -0.0071], 61)
([0.8818, -0.4728, 0.4695, 1.5985, 0.0275, -0.0071], 61)
([0.8703, -0.4728, 0.4429, 1.5786, 0.0275, -0.0071], 61)
([0.8522, -0.454, 0.4429, 1.5586, 0.026, -0.0071], 60)
([0.8305, -0.4311, 0.4056, 1.5003, 0.0229, -0.0071], 60)
([0.8305, -0.4022, 0.3596, 1.4466, 0.0229, -0.0071], 61)
([0.8038, -0.4022, 0.3055, 1.4022, 0.0214, -0.0071], 61)
([0.7728, -0.3683, 0.3055, 1.35, 0.0198, -0.0071], 61)
([0.7395, -0.3316, 0.2442, 1.3009, 0.0198, -0.0071], 61)
([0.7395, -0.2944, 0.1788, 1.2395, 0.0183, -0.0071], 60)
([0.7056, -0.2944, 0.1119, 1.1935, 0.0183, -0.0071], 61)
([0.6709, -0.2568, 0.1119, 1.1414, 0.0168, -0.0071], 61)
([0.6355, -0.2183, 0.0439, 1.0877, 0.0168, -0.0071], 60)
([0.6355, -0.2183, -0.025, 1.0524, 0.0137, -0.0071], 61)
([0.6009, -0.1403, -0.0925, 0.9818, 0.0122, -0.0071], 61)
([0.5662, -0.1403, -0.1599, 0.9343, 0.0122, -0.0071], 61)
([0.5323, -0.1018, -0.1599, 0.8806, 0.0122, -0.0071], 60)
([0.4976, -0.0637, -0.2278, 0.8376, 0.0106, -0.0071], 61)
([0.4976, -0.0243, -0.2958, 0.7901, 0.0091, -0.0071], 61)
([0.4629, -0.0243, -0.3637, 0.7563, 0.0091, -0.0071], 61)
([0.4283, 0.0156, -0.3637, 0.7057, 0.0091, -0.0071], 61)
([0.3943, 0.0541, -0.4316, 0.6444, 0.0045, -0.0071], 60)
([0.3943, 0.0541, -0.4996, 0.6029, 0.0045, -0.0071], 61)
([0.3589, 0.0936, -0.5675, 0.5462, 0.0045, -0.0071], 61)
([0.3243, 0.1321, -0.5675, 0.5109, 0.0045, -0.0071], 61)
([0.291, 0.1711, -0.6355, 0.4634, 0.0045, -0.0071], 60)
([0.291, 0.2105, -0.7029, 0.425, 0.0045, -0.0071], 60)
([0.2564, 0.2105, -0.7719, 0.3682, 0.0045, -0.0071], 61)
([0.2217, 0.25, -0.7719, 0.3238, 0.003, -0.0071], 61)
([0.1871, 0.2885, -0.8398, 0.2808, 0.003, -0.0071], 61)
([0.1871, 0.2885, -0.9083, 0.2256, -0.0001, -0.0071], 61)
([0.1517, 0.3275, -0.9757, 0.1888, -0.0016, -0.0071], 61)
([0.1177, 0.3655, -1.039, 0.1335, -0.0016, -0.0071], 61)
([0.0874, 0.4004, -1.039, 0.0891, -0.0032, -0.0071], 61)
([0.0614, 0.4307, -1.0962, 0.0584, -0.0032, -0.0071], 61)
([0.0614, 0.4554, -1.1443, 0.0277, -0.0032, -0.0071], 61)
([0.0397, 0.4554, -1.1836, 0.0108, -0.0032, -0.0071], 61)
([0.0231, 0.4747, -1.1836, -0.0045, -0.0032, -0.0071], 61)
([0.0231, 0.4884, -1.2127, -0.0122, -0.0016, -0.0071], 60)
([0.0116, 0.4884, -1.2326, -0.0152, -0.0032, -0.0071], 61)
([0.0043, 0.4972, -1.2434, -0.0183, -0.0032, -0.0071], 61)
([0.0014, 0.5004, -1.2434, -0.0183, -0.0032, -0.0071], 61)
([0.0007, 0.4999, -1.2474, -0.0183, -0.0032, -0.0071], 60)
([0.0007, 0.4999, -1.25, -0.0183, -0.0032, -0.0071], 61)
([0.0007, 0.4999, -1.2495, -0.0198, -0.0032, -0.0071], 60)
([0.0007, 0.4999, -1.249, -0.0214, -0.0016, -0.0071], 60)
([0.0, 0.4999, -1.249, -0.0214, -0.0016, -0.0071], 61)
([0.0, 0.4999, -1.25, -0.0198, -0.0016, -0.0071], 61)
([0.0, 0.4999, -1.25, -0.0198, -0.0016, -0.0071], 60)
([0.0, 0.4999, -1.25, -0.0198, -0.0032, -0.002], 61)
([0.0, 0.4999, -1.25, -0.0198, -0.0032, -0.0071], 61)
([0.0, 0.4999, -1.25, -0.0198, -0.0032, -0.0071], 61)
([0.0, 0.4999, -1.25, -0.0183, -0.0016, -0.0071], 61)
([0.0, 0.4999, -1.25, -0.0152, -0.0032, -0.0071], 61)
([0.0, 0.4999, -1.25, -0.0137, -0.0016, -0.0071], 61)
([0.0, 0.4999, -1.25, -0.0137, -0.0032, -0.0071], 61)
([0.0, 0.4999, -1.25, -0.0137, -0.0016, -0.0071], 60)
([0.0, 0.4999, -1.248, -0.0137, -0.0016, -0.0071], 61)
([0.0, 0.4972, -1.2403, -0.0137, -0.0016, -0.0071], 61)
([0.0, 0.4949, -1.2403, -0.0137, -0.0032, -0.0071], 61)
([0.0, 0.4875, -1.2229, -0.0137, -0.0032, -0.0071], 61)
([0.0, 0.4875, -1.1974, -0.0137, -0.0032, -0.0071], 61)
([0.0, 0.4774, -1.1632, -0.0137, -0.0032, -0.0071], 66)
([0.0, 0.4623, -1.1632, -0.0137, -0.0032, -0.0071], 61)
([0.0, 0.4421, -1.1172, -0.0137, -0.0032, -0.0071], 61)
([0.0, 0.4421, -1.0615, -0.0137, -0.0032, -0.0071], 61)
([0.0, 0.4187, -0.9976, -0.0137, -0.0032, -0.002], 60)
([0.0, 0.393, -0.9976, -0.0137, -0.0032, -0.0071], 61)
([0.0, 0.366, -0.9323, -0.0137, -0.0032, -0.0071], 60)
([0.0, 0.366, -0.8664, -0.0137, -0.0032, -0.0071], 60)
([0.0, 0.3394, -0.7989, -0.0137, -0.0032, -0.0071], 61)
([0.0, 0.3119, -0.7305, -0.0137, -0.0032, -0.0071], 61)
([0.0, 0.2853, -0.7305, -0.0122, -0.0032, -0.0071], 60)
([0.0, 0.2582, -0.662, -0.0122, -0.0032, -0.0071], 61)
([0.0, 0.2582, -0.5951, -0.0106, -0.0032, 0.0031], 61)
([0.0, 0.2307, -0.5262, -0.0106, -0.0032, -0.0071], 61)
([0.0, 0.2032, -0.5262, -0.0091, -0.0032, -0.0071], 61)
([0.0, 0.1757, -0.4582, -0.006, -0.0032, -0.0071], 61)
([0.0, 0.1757, -0.3908, -0.006, -0.0032, -0.0071], 61)
([0.0, 0.1481, -0.3228, -0.006, -0.0032, -0.0071], 60)
([0.0, 0.1211, -0.3228, -0.003, -0.0032, -0.0071], 61)
([0.0, 0.0954, -0.2569, -0.0014, -0.0032, -0.0071], 60)
([0.0, 0.0954, -0.1936, -0.0014, -0.0032, -0.0071], 60)
([0.0, 0.0711, -0.1384, -0.0014, -0.0032, -0.0071], 60)
([0.0, 0.0518, -0.1384, 0.0001, -0.0032, -0.0071], 60)
([0.0, 0.0362, -0.0955, 0.0001, -0.0032, -0.0071], 61)
([0.0, 0.0362, -0.0613, 0.0016, -0.0032, -0.0071], 61)
([0.0, 0.0234, -0.0347, 0.0016, -0.0032, -0.0071], 60)
([0.0, 0.0142, -0.0347, 0.0016, -0.0032, -0.0071], 61)
([0.0, 0.0092, -0.0174, 0.0016, -0.0032, -0.0071], 61)
([0.0, 0.0069, -0.0092, 0.0016, -0.0032, -0.0071], 61)
([0.0, 0.0069, -0.0056, 0.0016, -0.0032, -0.0071], 60)
([0.0, 0.006, -0.0046, 0.0032, -0.0032, -0.0071], 60)
([0.0, 0.006, -0.0046, 0.0032, -0.0032, -0.0071], 61)
([0.0, 0.0041, -0.0051, 0.0016, -0.0032, -0.0071], 61)
([0.0022, 0.0041, -0.0061, 0.0032, -0.0032, -0.0071], 61)
([0.013, 0.0018, -0.0061, 0.0032, -0.0047, -0.0071], 61)
([0.0339, -0.005, -0.0061, 0.0032, -0.017, -0.0071], 61)
([0.0339, -0.0183, -0.0051, 0.0032, -0.0369, -0.0071], 60)
([0.0679, -0.0183, -0.0015, 0.0032, -0.0568, -0.0071], 61)
([0.1156, -0.0394, 0.0015, 0.0032, -0.0891, -0.0071], 61)
([0.1777, -0.0665, 0.0015, 0.0016, -0.1228, -0.0071], 61)
([0.1777, -0.1, 0.0041, 0.0016, -0.1612, -0.0071], 61)
([0.2506, -0.1, 0.0087, 0.0001, -0.2041, -0.0071], 61)
([0.3344, -0.139, 0.0143, -0.0014, -0.2394, -0.0071], 61)
([0.4247, -0.1825, 0.0143, -0.0076, -0.29, -0.0071], 61)
([0.4247, -0.227, 0.0204, -0.0122, -0.3299, -0.0071], 60)
([0.5193, -0.272, 0.0276, -0.0198, -0.3943, -0.0071], 61)
([0.6139, -0.272, 0.0342, -0.0229, -0.4311, -0.0071], 61)
([0.7092, -0.316, 0.0409, -0.0291, -0.4818, -0.0071], 61)
([0.8053, -0.3628, 0.0409, -0.0321, -0.514, -0.0071], 61)
([0.8053, -0.4073, 0.0475, -0.0367, -0.5646, -0.0071], 61)
([0.8977, -0.4073, 0.0541, -0.0383, -0.6122, -0.0071], 61)
([0.9815, -0.4481, 0.0603, -0.0413, -0.6398, -0.0071], 61)
([1.0544, -0.4843, 0.0603, -0.0459, -0.675, -0.0071], 61)
([1.0544, -0.515, 0.0649, -0.049, -0.7042, -0.0071], 61)
([1.1158, -0.515, 0.069, -0.0521, -0.7226, -0.0071], 60)
([1.1656, -0.5407, 0.072, -0.0551, -0.7395, -0.0071], 61)
([1.2017, -0.5595, 0.072, -0.0551, -0.7502, -0.0071], 60)
([1.2017, -0.5733, 0.0746, -0.0567, -0.7609, -0.0071], 60)
([1.227, -0.5733, 0.0761, -0.0567, -0.7655, -0.0071], 61)
([1.2407, -0.5811, 0.0771, -0.0567, -0.7655, -0.0071], 60)
([1.2458, -0.5843, 0.0771, -0.0567, -0.764, -0.0071], 61)
([1.2465, -0.5847, 0.0771, -0.0567, -0.764, -0.0071], 61)
([1.2465, -0.5847, 0.0771, -0.0567, -0.7655, -0.0071], 61)
([1.2451, -0.5847, 0.0776, -0.0567, -0.7717, -0.0071], 61)
([1.2379, -0.5847, 0.0776, -0.0628, -0.7717, -0.0071], 61)
([1.2212, -0.5847, 0.0807, -0.0781, -0.7794, -0.0071], 61)
([1.2212, -0.5847, 0.0904, -0.1104, -0.7916, -0.002], 61)
([1.1931, -0.5847, 0.1057, -0.1441, -0.8085, -0.0071], 61)
([1.1526, -0.5852, 0.1057, -0.1993, -0.8392, -0.0071], 61)
([1.0999, -0.5857, 0.1287, -0.2423, -0.8622, -0.0071], 61)
([1.0349, -0.5861, 0.1584, -0.3236, -0.9051, -0.002], 61)
([1.0349, -0.5866, 0.1946, -0.388, -0.942, -0.0071], 61)
([0.9576, -0.5866, 0.2365, -0.4555, -0.9834, -0.0071], 60)
([0.8703, -0.5875, 0.2365, -0.5521, -1.034, -0.0071], 61)
([0.8703, -0.588, 0.2825, -0.6426, -1.0815, -0.0071], 60)
([0.7778, -0.5884, 0.33, -0.7209, -1.1291, -0.0071], 60)
([0.6832, -0.5884, 0.379, -0.8175, -1.1767, -0.0071], 60)
([0.5879, -0.5893, 0.379, -0.8958, -1.2211, -0.002], 61)
([0.4947, -0.5898, 0.4291, -0.9863, -1.2718, -0.0071], 61)
([0.4947, -0.5903, 0.4766, -1.0768, -1.3209, -0.0071], 61)
([0.4102, -0.5903, 0.5195, -1.1535, -1.3638, -0.0071], 61)
([0.3358, -0.5907, 0.5195, -1.2087, -1.3945, -0.0071], 61)
([0.2708, -0.5912, 0.5563, -1.2885, -1.4374, -0.0071], 67)
([0.2145, -0.5916, 0.589, -1.3268, -1.4589, -0.0071], 62)
([0.2145, -0.5916, 0.6176, -1.3682, -1.4835, -0.0071], 61)
([0.1676, -0.5916, 0.6401, -1.3989, -1.4988, -0.0071], 61)
([0.1336, -0.5921, 0.6401, -1.4142, -1.508, -0.0071], 61)
([0.1127, -0.5921, 0.6549, -1.425, -1.5141, -0.0071], 60)
([0.1127, -0.5921, 0.6641, -1.4265, -1.5141, -0.002], 61)
([0.1033, -0.5921, 0.6682, -1.4265, -1.5141, -0.0071], 60)
([0.0989, -0.5921, 0.6682, -1.4265, -1.5141, -0.0071], 60)
([0.1004, -0.5921, 0.6687, -1.4311, -1.5172, -0.0071], 60)
([0.1004, -0.5921, 0.6671, -1.4372, -1.5187, -0.0071], 61)
([0.1026, -0.5921, 0.6656, -1.4372, -1.5187, -0.0071], 61)
([0.1083, -0.5912, 0.6656, -1.4357, -1.5111, -0.0071], 61)
([0.1163, -0.5903, 0.6631, -1.425, -1.4988, -0.0071], 61)
([0.1163, -0.5884, 0.66, -1.3728, -1.4773, -0.0071], 61)
([0.13, -0.5884, 0.6564, -1.3176, -1.4451, -0.0071], 61)
([0.1481, -0.5857, 0.6564, -1.244, -1.4006, -0.0071], 61)
([0.1712, -0.5829, 0.6523, -1.155, -1.3638, -0.0071], 62)
([0.1986, -0.5792, 0.6472, -1.066, -1.3086, -0.0071], 61)
([0.1986, -0.5756, 0.6416, -0.9817, -1.2641, -0.0071], 61)
([0.2289, -0.5756, 0.635, -0.8973, -1.2196, -0.0071], 60)
([0.2614, -0.5714, 0.635, -0.7792, -1.1582, -0.0071], 61)
([0.2939, -0.5673, 0.6283, -0.6948, -1.1214, -0.0071], 60)
([0.2939, -0.5673, 0.6217, -0.5874, -1.0616, -0.0071], 60)
([0.3272, -0.5637, 0.6145, -0.5015, -1.0187, -0.0071], 61)
([0.3604, -0.56, 0.6079, -0.3665, -0.9496, -0.0071], 73)
([0.3936, -0.5559, 0.6079, -0.2622, -0.8913, -0.0071], 73)
([0.4261, -0.5522, 0.6007, -0.1533, -0.8361, -0.0071], 74)
([0.46, -0.5481, 0.5936, -0.0275, -0.7763, -0.0071], 74)
([0.4933, -0.5444, 0.5864, 0.109, -0.7134, -0.0071], 74)
([0.5272, -0.5403, 0.5798, 0.201, -0.6597, -0.0071], 73)
([0.5597, -0.5366, 0.5726, 0.3284, -0.5907, -0.0071], 74)
([0.5929, -0.5329, 0.5665, 0.4557, -0.5293, -0.0071], 74)
([0.5929, -0.5283, 0.5588, 0.5615, -0.4741, -0.0071], 74)
([0.6269, -0.5251, 0.5522, 0.6766, -0.4143, -0.0071], 73)
([0.6601, -0.5251, 0.5451, 0.7794, -0.3621, -0.0071], 61)
([0.694, -0.5205, 0.5384, 0.8898, -0.3038, -0.0071], 75)
([0.728, -0.5169, 0.5313, 1.0279, -0.2379, -0.0071], 76)
([0.7612, -0.5127, 0.5313, 1.1322, -0.1842, -0.0071], 76)
([0.7923, -0.51, 0.5251, 1.238, -0.1305, -0.0071], 76)
([0.8197, -0.5068, 0.519, 1.3515, -0.0753, -0.002], 77)
([0.8428, -0.5045, 0.5139, 1.4497, -0.0369, -0.0071], 78)
([0.8616, -0.5027, 0.5093, 1.5172, -0.0093, -0.0071], 77)
([0.876, -0.5017, 0.5057, 1.5617, 0.006, -0.0071], 77)
([0.8861, -0.5008, 0.5032, 1.5801, 0.0168, -0.0071], 75)
([0.8926, -0.5004, 0.5011, 1.5939, 0.0229, -0.0071], 61)
([0.8926, -0.4999, 0.5001, 1.5954, 0.0245, -0.0071], 74)
([0.8963, -0.4999, 0.5001, 1.5954, 0.0214, -0.0071], 60)
([0.8963, -0.4999, 0.5001, 1.597, 0.0198, -0.0071], 61)
([0.8963, -0.4994, 0.5001, 1.6092, 0.0367, -0.0071], 61)
([0.8912, -0.4953, 0.4981, 1.6092, 0.0429, -0.0071], 60)
([0.8912, -0.488, 0.4904, 1.6092, 0.0337, -0.0071], 63)
([0.884, -0.488, 0.4751, 1.6077, 0.0275, -0.0071], 61)
([0.8724, -0.477, 0.4751, 1.5908, 0.0291, -0.0071], 61)
([0.8565, -0.46, 0.4516, 1.5571, 0.0291, -0.0071], 61)
([0.8565, -0.438, 0.4173, 1.5111, 0.0275, -0.002], 61)
([0.8356, -0.438, 0.3739, 1.4773, 0.0214, -0.0071], 60)
([0.8103, -0.4114, 0.3739, 1.4359, 0.0245, -0.0071], 60)
([0.7807, -0.3793, 0.3223, 1.3837, 0.0229, -0.0071], 60)
([0.7807, -0.3431, 0.2631, 1.3362, 0.0229, -0.0071], 61)
([0.7475, -0.3431, 0.1987, 1.2779, 0.0198, -0.0071], 61)
([0.7135, -0.3054, 0.1987, 1.2303, 0.0198, -0.0071], 61)
([0.6796, -0.2678, 0.1308, 1.1721, 0.0183, -0.002], 61)
([0.6796, -0.2298, 0.0633, 1.1352, 0.0168, -0.0071], 61)
([0.6449, -0.1908, -0.0051, 1.0616, 0.0152, -0.0071], 61)
([0.6095, -0.1908, -0.072, 1.0002, 0.0152, -0.002], 61)
([0.5749, -0.1518, -0.072, 0.9757, 0.0152, -0.0071], 61)
([0.5402, -0.1128, -0.1395, 0.9174, 0.0122, -0.0071], 60)
([0.5402, -0.0748, -0.2079, 0.876, 0.0122, -0.0071], 61)
([0.507, -0.0748, -0.2748, 0.8208, 0.0122, -0.0071], 61)
([0.4716, -0.0358, -0.2748, 0.7702, 0.0106, -0.002], 61)
([0.4369, 0.0041, -0.3433, 0.7303, 0.0106, -0.0071], 61)
([0.4369, 0.0436, -0.4122, 0.6781, 0.0076, -0.0071], 61)
([0.403, 0.0436, -0.4802, 0.6367, 0.006, -0.0071], 61)
([0.3683, 0.0826, -0.4802, 0.583, 0.006, -0.0071], 61)
([0.3337, 0.1211, -0.5471, 0.5309, 0.006, -0.0071], 61)
([0.3337, 0.1601, -0.6155, 0.4956, 0.0045, -0.0071], 61)
([0.2997, 0.1995, -0.684, 0.4296, 0.0045, -0.0071], 67)
([0.265, 0.1995, -0.7524, 0.3882, 0.0045, -0.0071], 61)
([0.2311, 0.2385, -0.7524, 0.3376, 0.0045, -0.0071], 61)
([0.1964, 0.2779, -0.8214, 0.3054, 0.003, -0.0071], 61)
([0.1964, 0.3165, -0.8888, 0.2501, 0.0014, -0.0071], 61)
([0.1611, 0.3165, -0.9563, 0.198, -0.0001, -0.0071], 61)
([0.1271, 0.3554, -0.9563, 0.155, -0.0016, -0.0071], 61)
([0.0953, 0.3907, -1.0211, 0.1121, -0.0016, -0.0071], 61)
([0.0953, 0.4229, -1.0804, 0.0768, -0.0032, -0.0071], 61)
([0.0679, 0.4229, -1.1315, 0.0446, -0.0032, -0.002], 61)
([0.0448, 0.449, -1.1315, 0.0246, -0.0016, -0.0071], 60)
([0.0274, 0.4696, -1.1734, 0.0062, -0.0032, -0.0071], 61)
([0.0274, 0.4852, -1.2045, -0.006, -0.0032, -0.0071], 61)
([0.0144, 0.4852, -1.2275, -0.0137, -0.0032, -0.0071], 61)
([0.0065, 0.4958, -1.2275, -0.0168, -0.0016, -0.002], 61)
([0.0022, 0.5004, -1.2408, -0.0183, -0.0016, -0.0071], 61)
([0.0007, 0.4999, -1.2469, -0.0183, -0.0016, -0.0071], 61)
([0.0007, 0.4999, -1.2495, -0.0183, -0.0032, -0.0071], 61)
([0.0007, 0.4999, -1.2495, -0.0183, -0.0032, -0.0071], 61)
([0.0007, 0.4999, -1.2495, -0.0198, -0.0032, -0.0071], 61)
([0.0, 0.4999, -1.2495, -0.0198, -0.0032, -0.0071], 61)
([0.0, 0.4999, -1.25, -0.0198, -0.0032, -0.0071], 60)
([0.0, 0.4999, -1.25, -0.0183, -0.0016, -0.0071], 63)
([0.0, 0.4999, -1.25, -0.0183, -0.0016, -0.0071], 60)
([0.0, 0.4999, -1.25, -0.0183, -0.0016, -0.0071], 61)
([0.0, 0.4999, -1.25, -0.0183, -0.0032, -0.0071], 61)
([0.0, 0.4999, -1.25, -0.0183, -0.0032, -0.0071], 61)
([0.0, 0.4999, -1.25, -0.0152, -0.0032, -0.0071], 61)
([0.0, 0.4999, -1.25, -0.0122, -0.0016, -0.0071], 61)
([0.0, 0.4999, -1.25, -0.0106, -0.0032, -0.0071], 61)
([0.0, 0.4999, -1.25, -0.0106, -0.0032, -0.0071], 61)
([0.0, 0.4999, -1.25, -0.0106, -0.0016, -0.0071], 61)
([0.0, 0.499, -1.25, -0.0106, -0.0016, -0.0071], 61)
([0.0, 0.4972, -1.2469, -0.0106, -0.0032, -0.0071], 61)
([0.0, 0.493, -1.2362, -0.0106, -0.0032, -0.0071], 61)
([0.0, 0.493, -1.2147, -0.0106, -0.0032, -0.0071], 61)
([0.0, 0.4848, -1.2147, -0.0106, -0.0016, -0.0071], 60)
([0.0, 0.4724, -1.1872, -0.0106, -0.0032, -0.0071], 60)
([0.0, 0.4559, -1.1483, -0.0106, -0.0032, -0.0071], 60)
([0.0, 0.4559, -1.0998, -0.0106, -0.0032, -0.0071], 61)
([0.0, 0.4343, -1.0998, -0.0106, -0.0032, -0.0071], 60)
([0.0, 0.41, -1.0411, -0.0106, -0.0032, -0.0071], 60)
([0.0, 0.3839, -0.9767, -0.0106, -0.0032, -0.0071], 60)
([0.0, 0.3839, -0.9108, -0.0106, -0.0032, -0.0071], 61)
([0.0, 0.3564, -0.9108, -0.0106, -0.0032, -0.0071], 61)
([0.0, 0.3293, -0.8434, -0.0106, -0.0032, -0.0071], 60)
([0.0, 0.3022, -0.7749, -0.0106, -0.0032, -0.0071], 61)
([0.0, 0.3022, -0.7065, -0.0106, -0.0032, -0.0071], 60)
([0.0, 0.2752, -0.6385, -0.0091, -0.0032, -0.0071], 61)
([0.0, 0.2481, -0.6385, -0.0091, -0.0032, -0.0071], 61)
([0.0, 0.2211, -0.5706, -0.0076, -0.0032, -0.0071], 61)
([0.0, 0.1935, -0.5032, -0.0076, -0.0032, -0.0071], 61)
([0.0, 0.1935, -0.4368, -0.006, -0.0032, -0.0071], 61)
([0.0, 0.1656, -0.4368, -0.006, -0.0032, -0.0071], 61)
([0.0, 0.138, -0.3673, -0.003, -0.0032, -0.0071], 60)
([0.0, 0.111, -0.2988, -0.003, -0.0032, -0.0071], 61)
([0.0, 0.111, -0.2329, -0.0014, -0.0032, -0.0071], 61)
([0.0, 0.0862, -0.1732, 0.0001, -0.0032, -0.0071], 61)
([0.0, 0.0633, -0.1732, 0.0001, -0.0032, -0.0071], 61)
([0.0, 0.0454, -0.1221, 0.0001, -0.0032, -0.0071], 61)
([0.0, 0.0454, -0.0828, 0.0001, -0.0032, -0.0071], 61)
([0.0, 0.0312, -0.0828, 0.0001, -0.0032, -0.0071], 61)
([0.0, 0.0197, -0.0511, 0.0016, -0.0032, -0.0071], 61)
([0.0, 0.0119, -0.0276, 0.0016, -0.0032, -0.0071], 63)
([0.0, 0.0119, -0.0133, 0.0016, -0.0032, -0.0071], 61)
([0.0, 0.0078, -0.0066, 0.0016, -0.0032, -0.0071], 61)
([0.0, 0.0064, -0.0066, 0.0016, -0.0032, -0.0071], 61)
([0.0, 0.0064, -0.0046, 0.0016, -0.0032, -0.0071], 60)
([0.0, 0.0064, -0.0061, 0.0016, -0.0032, -0.0071], 61)
([0.0007, 0.0064, -0.0061, 0.0016, -0.0032, -0.0071], 60)
([0.0065, 0.005, -0.0061, 0.0016, -0.0032, -0.0071], 60)
([0.0224, 0.0009, -0.0051, 0.0016, -0.0032, -0.0071], 60)
([0.0224, -0.0096, -0.0051, 0.0016, -0.0154, -0.0071], 61)
([0.0491, -0.0096, -0.001, 0.0032, -0.0338, -0.0071], 61)
([0.0903, -0.0275, 0.0031, 0.0032, -0.0615, -0.0071], 61)
([0.1466, -0.0523, 0.0031, 0.0016, -0.1013, 0.0133], 61)
([0.1466, -0.0826, 0.0061, 0.0016, -0.132, -0.0071], 61)
([0.2145, -0.0826, 0.0097, 0.0016, -0.1627, -0.0071], 61)
([0.2947, -0.1197, 0.0097, 0.0001, -0.2102, -0.0071], 61)
([0.3828, -0.161, 0.0143, -0.003, -0.2501, -0.0071], 61)
([0.3828, -0.2059, 0.0194, -0.0091, -0.2992, -0.0071], 61)
([0.4745, -0.2059, 0.0261, -0.0137, -0.3422, -0.002], 61)
([0.5691, -0.2509, 0.0322, -0.0198, -0.3974, -0.0071], 66)
([0.6652, -0.2958, 0.0388, -0.0245, -0.4434, -0.0071], 61)
([0.7612, -0.3412, 0.0388, -0.0306, -0.491, -0.0071], 61)
([0.7612, -0.3866, 0.045, -0.0337, -0.5293, -0.0071], 61)
([0.8558, -0.3866, 0.0516, -0.0383, -0.5784, -0.0071], 61)
([0.9432, -0.4297, 0.0516, -0.0398, -0.6214, -0.0071], 61)
([1.0212, -0.4683, 0.0577, -0.0413, -0.6474, -0.0071], 61)
([1.0212, -0.5017, 0.0628, -0.0475, -0.6796, -0.0071], 61)
([1.0891, -0.5017, 0.0674, -0.0505, -0.7057, -0.0071], 61)
([1.1454, -0.5302, 0.0705, -0.0536, -0.7318, -0.0071], 61)
([1.1866, -0.5517, 0.0705, -0.0551, -0.7425, -0.0071], 61)
([1.1866, -0.5678, 0.0736, -0.0551, -0.7548, -0.0071], 61)
([1.2176, -0.5678, 0.0756, -0.0567, -0.764, -0.0071], 61)
([1.2357, -0.5783, 0.0766, -0.0567, -0.7655, -0.0071], 61)
([1.2444, -0.5829, 0.0771, -0.0567, -0.764, -0.002], 61)
([1.2472, -0.5852, 0.0771, -0.0567, -0.764, -0.002], 60)
([1.2472, -0.5829, 0.0776, -0.0582, -0.7655, -0.0071], 61)
([1.2451, -0.5829, 0.0771, -0.0582, -0.7702, -0.0071], 61)
([1.2407, -0.5829, 0.0802, -0.0597, -0.7702, -0.0071], 61)
([1.2285, -0.5829, 0.0802, -0.0751, -0.7794, -0.0071], 61)
([1.2285, -0.5834, 0.0868, -0.0965, -0.787, -0.0071], 60)
([1.2046, -0.5834, 0.1006, -0.1318, -0.8039, -0.002], 60)
([1.1678, -0.5838, 0.1211, -0.1717, -0.8238, -0.0071], 61)
([1.1194, -0.5838, 0.1211, -0.2285, -0.8561, -0.0071], 61)
([1.0588, -0.5847, 0.1487, -0.299, -0.8929, -0.0071], 74)
([0.9844, -0.5852, 0.1824, -0.388, -0.9404, -0.0071], 74)
([0.9844, -0.5852, 0.2222, -0.4708, -0.9895, -0.0071], 72)
([0.8999, -0.5866, 0.2677, -0.5813, -1.0509, -0.0071], 72)
([0.8089, -0.5866, 0.3152, -0.6825, -1.1046, -0.0071], 75)
([0.7143, -0.587, 0.3637, -0.7761, -1.1536, -0.0071], 74)
([0.6182, -0.588, 0.4127, -0.8958, -1.2211, -0.0071], 74)
([0.525, -0.5889, 0.4613, -1.0185, -1.2886, -0.0071], 73)
([0.4369, -0.5893, 0.5057, -1.086, -1.327, -0.002], 74)
([0.3597, -0.5898, 0.5057, -1.1673, -1.373, -0.0071], 61)
([0.2925, -0.5903, 0.5445, -1.2409, -1.4129, -0.0071], 76)
([0.2326, -0.5907, 0.6089, -1.3253, -1.4574, -0.0071], 85)
([0.182, -0.5912, 0.6089, -1.3698, -1.485, -0.0071], 77)
([0.1437, -0.5912, 0.6329, -1.4004, -1.5003, -0.0071], 76)
([0.1184, -0.5916, 0.6503, -1.4188, -1.5111, -0.0071], 76)
([0.1054, -0.5916, 0.662, -1.425, -1.5126, -0.0071], 75)
([0.0997, -0.5921, 0.6671, -1.425, -1.5126, -0.002], 75)
([0.0997, -0.5921, 0.6692, -1.425, -1.5141, -0.002], 76)
([0.0982, -0.5921, 0.6692, -1.4296, -1.5172, -0.0071], 77)
([0.0997, -0.5921, 0.6692, -1.4342, -1.5187, -0.0071], 60)
([0.1026, -0.5916, 0.6671, -1.4342, -1.5172, -0.0071], 61)
([0.1098, -0.5907, 0.6671, -1.4311, -1.508, -0.0071], 61)
([0.1098, -0.5898, 0.6646, -1.4081, -1.4927, -0.0071], 61)
([0.1206, -0.5898, 0.662, -1.3605, -1.4727, -0.002], 60)
([0.1358, -0.5875, 0.6585, -1.2915, -1.4267, -0.0071], 60)
([0.1553, -0.5852, 0.6585, -1.2317, -1.3975, -0.0071], 60)
([0.1553, -0.582, 0.6544, -1.1657, -1.3669, -0.002], 61)
([0.1791, -0.582, 0.6488, -1.0752, -1.3178, -0.0071], 60)
([0.2073, -0.5783, 0.6426, -0.9771, -1.2626, -0.0071], 61)
([0.239, -0.5742, 0.6426, -0.8958, -1.2181, -0.002], 61)
([0.239, -0.5701, 0.636, -0.8098, -1.1782, -0.002], 61)
([0.2708, -0.5664, 0.6288, -0.6657, -1.1092, -0.002], 61)
([0.3033, -0.5664, 0.6222, -0.5659, -1.0524, -0.002], 60)
([0.3365, -0.5623, 0.615, -0.4785, -1.0064, -0.0071], 61)
([0.3698, -0.5586, 0.615, -0.3742, -0.9558, -0.0071], 61)
([0.3698, -0.5549, 0.6079, -0.2806, -0.9082, -0.0071], 60)
([0.403, -0.5549, 0.6007, -0.1717, -0.8515, -0.002], 61)
([0.4348, -0.5513, 0.5936, -0.0781, -0.8039, -0.0071], 60)
([0.468, -0.5481, 0.5936, -0.0014, -0.764, -0.0071], 61)
([0.468, -0.543, 0.5869, 0.109, -0.7103, -0.0071], 61)
([0.5019, -0.543, 0.5798, 0.1872, -0.6704, -0.0071], 61)
([0.5352, -0.5393, 0.5726, 0.2793, -0.6229, -0.002], 60)
([0.5684, -0.5348, 0.5726, 0.3836, -0.5646, -0.0071], 61)
([0.5684, -0.5315, 0.566, 0.4634, -0.5232, -0.002], 61)
([0.6023, -0.5315, 0.5588, 0.5677, -0.4695, -0.0071], 61)
([0.6355, -0.5274, 0.5512, 0.6689, -0.4158, -0.0071], 61)
([0.6695, -0.5233, 0.5512, 0.7517, -0.3728, -0.002], 61)
([0.6695, -0.5196, 0.5445, 0.8576, -0.3207, -0.002], 60)
([0.7027, -0.5196, 0.5379, 0.942, -0.2793, -0.0071], 61)
([0.7359, -0.515, 0.5302, 1.0463, -0.2271, -0.0071], 61)
([0.7691, -0.5118, 0.5302, 1.1306, -0.1826, -0.0071], 61)
([0.7995, -0.5086, 0.5241, 1.2549, -0.1213, -0.0071], 61)
([0.7995, -0.5059, 0.518, 1.3485, -0.0783, -0.0071], 61)
([0.8255, -0.5059, 0.5129, 1.4129, -0.0522, -0.0071], 61)
([0.8479, -0.504, 0.5083, 1.485, -0.0231, -0.002], 61)
([0.8652, -0.5022, 0.5083, 1.5264, -0.0078, -0.0071], 61)
([0.8652, -0.5013, 0.5047, 1.5632, 0.0076, -0.0071], 61)
([0.8789, -0.5013, 0.5021, 1.5755, 0.0137, -0.002], 61)
([0.8876, -0.5004, 0.5006, 1.5908, 0.0229, -0.0071], 61)
([0.8941, -0.5004, 0.5006, 1.5954, 0.0245, -0.0071], 61)
([0.8941, -0.4999, 0.5001, 1.5954, 0.0245, -0.0071], 60)
([0.8955, -0.4999, 0.5001, 1.5954, 0.0198, -0.002], 60)
([0.8955, -0.4999, 0.5001, 1.5985, 0.0214, -0.0071], 61)
([0.8948, -0.4985, 0.5001, 1.6062, 0.0352, -0.0071], 61)
([0.8948, -0.4944, 0.497, 1.6077, 0.0444, -0.002], 60)
([0.8912, -0.4944, 0.4884, 1.6077, 0.0337, -0.002], 61)
([0.8833, -0.4861, 0.473, 1.6016, 0.0275, -0.0071], 61)
([0.871, -0.4747, 0.448, 1.5816, 0.0291, -0.002], 61)
([0.8551, -0.4577, 0.448, 1.5433, 0.0291, -0.0071], 61)
([0.8551, -0.4357, 0.4127, 1.4957, 0.0245, -0.0071], 61)
([0.8341, -0.4357, 0.3693, 1.4589, 0.0229, -0.0071], 61)
([0.8081, -0.4077, 0.3162, 1.416, 0.0229, -0.0071], 61)
([0.7778, -0.3742, 0.3162, 1.3623, 0.0229, -0.0071], 61)
([0.7778, -0.338, 0.2554, 1.3147, 0.0214, -0.0071], 61)
([0.7446, -0.338, 0.1905, 1.2503, 0.0198, -0.002], 61)
([0.7106, -0.3004, 0.1231, 1.2073, 0.0198, -0.0071], 61)
([0.6767, -0.2628, 0.1231, 1.1506, 0.0168, -0.002], 60)
([0.6767, -0.2252, 0.0562, 1.1122, 0.0168, -0.0071], 61)
([0.642, -0.2252, -0.0123, 1.0555, 0.0152, -0.002], 61)
([0.6067, -0.1862, -0.0792, 1.0018, 0.0152, -0.002], 61)
([0.572, -0.1468, -0.0792, 0.9634, 0.0152, -0.002], 61)
([0.572, -0.1082, -0.1471, 0.9113, 0.0137, -0.0071], 61)
([0.5366, -0.1082, -0.2151, 0.8591, 0.0106, -0.002], 61)
([0.5027, -0.0693, -0.2835, 0.8054, 0.0106, -0.0071], 61)
([0.468, -0.0303, -0.3514, 0.764, 0.0106, -0.002], 61)
([0.4333, 0.0092, -0.3514, 0.7149, 0.0106, -0.0071], 61)
([0.4333, 0.0482, -0.4199, 0.6781, 0.0091, -0.002], 61)
([0.3994, 0.0482, -0.4873, 0.6275, 0.006, -0.002], 61)
([0.3647, 0.0867, -0.5542, 0.5845, 0.006, -0.0071], 61)
([0.33, 0.1257, -0.5542, 0.5355, 0.0045, -0.002], 61)
([0.33, 0.1651, -0.6227, 0.4787, 0.0045, -0.002], 60)
([0.2961, 0.1651, -0.6912, 0.4311, 0.0045, -0.002], 61)
([0.2622, 0.2041, -0.7586, 0.3882, 0.0045, -0.0071], 61)
([0.2275, 0.2435, -0.7586, 0.3422, 0.0045, -0.002], 61)
([0.2275, 0.2825, -0.8281, 0.29, 0.0045, -0.0071], 61)
([0.1921, 0.2825, -0.8955, 0.2486, -0.0001, -0.002], 60)
([0.1574, 0.321, -0.9614, 0.198, -0.0016, -0.0071], 60)
([0.1235, 0.3596, -0.9614, 0.1566, -0.0032, -0.002], 61)
([0.1235, 0.3953, -1.0278, 0.1136, -0.0032, -0.0071], 61)
([0.0917, 0.3953, -1.086, 0.0737, -0.0016, -0.0071], 61)
([0.065, 0.4265, -1.1361, 0.0461, -0.0032, -0.0071], 61)
([0.0419, 0.4522, -1.1775, 0.0139, -0.0032, -0.002], 62)
([0.026, 0.4724, -1.1775, 0.0001, -0.0016, -0.0071], 61)
([0.026, 0.4866, -1.2076, -0.0106, -0.0016, -0.0071], 61)
([0.013, 0.4866, -1.2296, -0.0152, -0.0032, -0.002], 61)
([0.0058, 0.4967, -1.2418, -0.0168, -0.0032, -0.0071], 61)
([0.0022, 0.5004, -1.2418, -0.0168, -0.0016, -0.002], 61)
([0.0022, 0.4999, -1.2474, -0.0168, -0.0032, -0.002], 60)
([0.0007, 0.4999, -1.2495, -0.0168, -0.0032, -0.002], 60)
([0.0022, 0.4999, -1.249, -0.0198, -0.0032, -0.0071], 61)
([0.0007, 0.4999, -1.2495, -0.0198, -0.0032, -0.002], 61)
([0.0, 0.4999, -1.2495, -0.0198, -0.0032, -0.0071], 61)
([0.0, 0.4999, -1.25, -0.0198, -0.0016, -0.0071], 60)
([0.0, 0.4999, -1.25, -0.0198, -0.0032, -0.0071], 60)
([0.0, 0.4999, -1.25, -0.0183, -0.0032, -0.0071], 60)
([0.0, 0.4999, -1.25, -0.0183, -0.0032, -0.002], 61)
([0.0, 0.4999, -1.25, -0.0198, -0.0016, -0.0071], 61)
([0.0, 0.4999, -1.25, -0.0183, -0.0016, -0.0071], 60)
([0.0, 0.4999, -1.25, -0.0168, -0.0016, -0.0071], 61)
([0.0, 0.4999, -1.25, -0.0137, -0.0032, -0.002], 60)
([0.0, 0.4999, -1.25, -0.0122, -0.0032, -0.002], 60)
([0.0, 0.4999, -1.25, -0.0122, -0.0032, -0.002], 60)
([0.0, 0.4994, -1.2485, -0.0122, -0.0016, -0.0071], 61)
([0.0, 0.4967, -1.2485, -0.0122, -0.0032, -0.002], 61)
([0.0, 0.4949, -1.2413, -0.0122, -0.0016, -0.002], 61)
([0.0, 0.4949, -1.2239, -0.0122, -0.0032, -0.0071], 61)
([0.0, 0.488, -1.1989, -0.0122, -0.0032, -0.002], 60)
([0.0, 0.4779, -1.1989, -0.0122, -0.0016, -0.002], 61)
([0.0, 0.4628, -1.1662, -0.0122, -0.0032, -0.0071], 61)
([0.0, 0.4628, -1.1202, -0.0122, -0.0032, -0.0071], 61)
([0.0, 0.443, -1.0651, -0.0122, -0.0032, -0.002], 60)
([0.0, 0.4192, -1.0651, -0.0122, -0.0032, -0.0071], 61)
([0.0, 0.3935, -1.0022, -0.0122, -0.0032, -0.0071], 61)
([0.0, 0.3935, -0.9363, -0.0122, -0.0032, -0.0071], 61)
([0.0, 0.3674, -0.871, -0.0122, -0.0032, -0.002], 61)
([0.0, 0.3398, -0.871, -0.0106, -0.0032, -0.002], 61)
([0.0, 0.3128, -0.804, -0.0106, -0.0032, -0.002], 61)
([0.0, 0.2857, -0.7346, -0.0106, -0.0032, -0.0071], 67)
([0.0, 0.2857, -0.6661, -0.0106, -0.0032, -0.002], 61)
([0.0, 0.2587, -0.5977, -0.0106, -0.0032, -0.002], 61)
([0.0, 0.2311, -0.5977, -0.0106, -0.0032, -0.002], 61)
([0.0, 0.2036, -0.5297, -0.0106, -0.0032, -0.002], 61)
([0.0, 0.2036, -0.4623, -0.0106, -0.0032, -0.002], 61)
([0.0, 0.1761, -0.3944, -0.0106, -0.0032, -0.002], 61)
([0.0, 0.1491, -0.3944, -0.0106, -0.0032, -0.002], 61)
([0.0, 0.122, -0.3264, -0.0076, -0.0032, -0.002], 61)
([0.0, 0.122, -0.2605, -0.0076, -0.0032, -0.0071], 60)
([0.0, 0.0954, -0.1967, -0.006, -0.0032, -0.002], 61)
([0.0, 0.072, -0.1967, -0.003, -0.0032, -0.002], 61)
([0.0, 0.0518, -0.1415, -0.0014, -0.0032, -0.002], 61)
([0.0, 0.0362, -0.0981, -0.0014, -0.0032, -0.002], 61)
([0.0, 0.0362, -0.0633, 0.0001, -0.0032, -0.002], 61)
([0.0, 0.0238, -0.0363, 0.0016, -0.0032, -0.0071], 61)
([0.0, 0.0142, -0.0363, 0.0016, -0.0032, -0.002], 61)
([0.0, 0.0092, -0.0179, 0.0016, -0.0032, -0.0071], 61)
([0.0, 0.0092, -0.0087, 0.0016, -0.0032, -0.002], 61)
([0.0, 0.0069, -0.0056, 0.0016, -0.0032, -0.0071], 60)
([0.0, 0.006, -0.0046, 0.0016, -0.0032, -0.002], 60)
([0.0, 0.0069, -0.0046, 0.0016, -0.0032, -0.0071], 61)
([0.0, 0.005, -0.0051, 0.0016, -0.0032, -0.002], 61)
([0.0036, 0.005, -0.0056, 0.0016, -0.0032, -0.002], 60)
([0.0144, 0.0028, -0.0051, 0.0016, -0.0032, -0.002], 61)
([0.0361, -0.005, -0.0051, 0.0016, -0.0139, -0.002], 61)
([0.0361, -0.0197, -0.0051, 0.0016, -0.0338, -0.002], 61)
([0.0708, -0.0197, -0.0005, 0.0016, -0.0568, -0.002], 61)
([0.1206, -0.0417, 0.002, 0.0016, -0.086, -0.0071], 60)
([0.1834, -0.0697, 0.002, 0.0016, -0.1228, -0.002], 60)
([0.1834, -0.1027, 0.0046, 0.0016, -0.1504, -0.002], 60)
([0.2571, -0.1027, 0.0097, 0.0001, -0.1918, -0.0071], 61)
([0.3416, -0.1426, 0.0148, -0.0014, -0.2363, -0.002], 61)
([0.4326, -0.1862, 0.0148, -0.006, -0.2854, -0.002], 61)
([0.4326, -0.2316, 0.0215, -0.0106, -0.3253, -0.002], 61)
([0.5272, -0.2316, 0.0281, -0.0168, -0.3805, -0.002], 60)
([0.6218, -0.2766, 0.0347, -0.0198, -0.4173, -0.0071], 60)
([0.7179, -0.3215, 0.0347, -0.026, -0.4634, -0.002], 61)
([0.7179, -0.3669, 0.0414, -0.0306, -0.5094, -0.002], 61)
([0.8139, -0.4118, 0.048, -0.0367, -0.5692, -0.002], 61)
([0.9056, -0.4118, 0.0541, -0.0383, -0.5922, -0.002], 61)
([0.988, -0.4517, 0.0598, -0.0413, -0.6474, -0.002], 61)
([1.0602, -0.4875, 0.0598, -0.0459, -0.6735, -0.002], 61)
([1.0602, -0.5182, 0.0649, -0.049, -0.7011, -0.002], 61)
([1.1216, -0.5182, 0.069, -0.0505, -0.7149, -0.002], 61)
([1.1693, -0.543, 0.0725, -0.0536, -0.7379, -0.002], 61)
([1.2046, -0.5609, 0.0725, -0.0551, -0.7502, -0.002], 61)
([1.2046, -0.5747, 0.0746, -0.0567, -0.764, -0.002], 61)
([1.2292, -0.5747, 0.0761, -0.0567, -0.7671, -0.002], 60)
([1.2415, -0.5815, 0.0771, -0.0567, -0.7655, -0.002], 61)
([1.2458, -0.5847, 0.0771, -0.0567, -0.764, -0.0071], 61)
([1.2458, -0.5857, 0.0771, -0.0582, -0.764, -0.002], 60)
([1.248, -0.5857, 0.0771, -0.0582, -0.7655, -0.002], 61)
([1.2465, -0.5847, 0.0771, -0.0582, -0.7702, -0.002], 61)
([1.24, -0.5847, 0.0771, -0.0582, -0.7702, -0.0071], 61)
([1.24, -0.5847, 0.0802, -0.0735, -0.7763, -0.0071], 61)
([1.2249, -0.5847, 0.0884, -0.1012, -0.787, -0.002], 61)
([1.1996, -0.5847, 0.1027, -0.1395, -0.807, -0.002], 61)
([1.1606, -0.5852, 0.1241, -0.1932, -0.8346, -0.002], 61)
([1.1108, -0.5852, 0.1241, -0.2346, -0.8591, -0.002], 60)
([1.1108, -0.5852, 0.1522, -0.3006, -0.8913, -0.002], 61)
([1.0479, -0.5857, 0.1865, -0.365, -0.9297, -0.002], 61)
([0.9728, -0.5866, 0.2278, -0.4432, -0.9757, 0.0031], 60)
([0.8869, -0.587, 0.2278, -0.5046, -1.0064, -0.002], 60)
([0.8869, -0.5875, 0.2733, -0.6043, -1.0601, 0.0031], 60)
([0.7951, -0.5875, 0.3213, -0.6795, -1.103, 0.0031], 61)
([0.7005, -0.588, 0.3698, -0.7807, -1.1567, -0.002], 61)
([0.6052, -0.5889, 0.3698, -0.8574, -1.1981, 0.0031], 61)
([0.6052, -0.5893, 0.4199, -0.9372, -1.2426, 0.0031], 61)
([0.5113, -0.5893, 0.4674, -1.0292, -1.2963, 0.0031], 61)
([0.4247, -0.5898, 0.5113, -1.1166, -1.3423, 0.0031], 61)
([0.3488, -0.5903, 0.5113, -1.1719, -1.3715, 0.0031], 61)
([0.3488, -0.5907, 0.5497, -1.2424, -1.4129, 0.0031], 61)
([0.2831, -0.5912, 0.5829, -1.3115, -1.4497, 0.0031], 61)
([0.2246, -0.5912, 0.612, -1.3483, -1.4712, 0.0031], 61)
([0.1755, -0.5912, 0.636, -1.3882, -1.4957, 0.0031], 61)
([0.1394, -0.5916, 0.636, -1.4066, -1.5049, 0.0031], 61)
([0.1394, -0.5916, 0.6523, -1.4158, -1.5095, 0.0031], 61)
([0.1156, -0.5916, 0.6631, -1.425, -1.5126, 0.0031], 61)
([0.104, -0.5921, 0.6677, -1.425, -1.5126, 0.0031], 61)
([0.0997, -0.5921, 0.6677, -1.425, -1.5126, -0.002], 60)
([0.0997, -0.5921, 0.6697, -1.425, -1.5141, 0.0031], 60)
([0.0982, -0.5921, 0.6682, -1.425, -1.5157, 0.0031], 62)
([0.1004, -0.5921, 0.6671, -1.4265, -1.5172, 0.0031], 61)
([0.1047, -0.5916, 0.6671, -1.4265, -1.5172, 0.0031], 61)
([0.1047, -0.5907, 0.6656, -1.4265, -1.5111, 0.0031], 61)
([0.1112, -0.5907, 0.6641, -1.4188, -1.4973, 0.0031], 61)
([0.1221, -0.5898, 0.6615, -1.3759, -1.4742, 0.0031], 61)
([0.1379, -0.587, 0.6615, -1.3176, -1.4436, 0.0031], 61)
([0.1379, -0.587, 0.6579, -1.2409, -1.4006, 0.0031], 61)
([0.1582, -0.5815, 0.6533, -1.1351, -1.35, 0.0031], 61)
([0.1842, -0.5815, 0.6482, -1.0706, -1.3116, 0.0031], 61)
([0.2131, -0.5779, 0.6416, -0.9893, -1.2672, 0.0031], 61)
([0.2448, -0.5733, 0.6416, -0.8912, -1.2288, 0.0031], 61)
([0.2448, -0.5701, 0.635, -0.7838, -1.1705, 0.0031], 61)
([0.2773, -0.5701, 0.6278, -0.6825, -1.1138, 0.0031], 63)
([0.3091, -0.5659, 0.6212, -0.5966, -1.0616, 0.0031], 61)
([0.3423, -0.5618, 0.6212, -0.4938, -1.011, 0.0031], 61)
([0.3423, -0.5577, 0.6135, -0.4079, -0.9726, 0.0031], 60)
([0.3763, -0.5577, 0.6069, -0.3006, -0.9205, 0.0031], 61)
([0.4066, -0.554, 0.5997, -0.2131, -0.8729, 0.0031], 61)
([0.4427, -0.5499, 0.5997, -0.1088, -0.8177, 0.0031], 60)
([0.4427, -0.5481, 0.5926, -0.0275, -0.7794, 0.0031], 61)
([0.4759, -0.5481, 0.5859, 0.086, -0.7211, 0.0031], 61)
([0.5092, -0.5426, 0.5783, 0.1857, -0.6704, 0.0031], 61)
([0.5424, -0.5384, 0.5711, 0.31, -0.6045, 0.0031], 61)
([0.5756, -0.5343, 0.5711, 0.3943, -0.5585, 0.0031], 61)
([0.5756, -0.5306, 0.564, 0.5002, -0.5032, 0.0031], 61)
([0.6088, -0.5306, 0.5573, 0.5753, -0.4634, 0.0031], 61)
([0.6428, -0.5265, 0.5507, 0.695, -0.4051, 0.0031], 61)
([0.676, -0.5228, 0.5507, 0.7717, -0.3667, 0.0031], 61)
([0.676, -0.5187, 0.543, 0.8745, -0.31, 0.0031], 61)
([0.7092, -0.5187, 0.5359, 0.9573, -0.2701, 0.0031], 61)
([0.7439, -0.515, 0.5292, 1.0417, -0.2271, 0.0031], 61)
([0.7764, -0.5109, 0.5292, 1.1414, -0.178, 0.0031], 61)
([0.7764, -0.5082, 0.5226, 1.2488, -0.1243, 0.0031], 61)
([0.806, -0.5082, 0.517, 1.327, -0.0875, 0.0031], 61)
([0.8313, -0.5054, 0.5113, 1.4098, -0.0553, 0.0031], 61)
([0.8522, -0.5036, 0.5113, 1.4666, -0.0338, 0.0031], 61)
([0.8522, -0.5022, 0.5078, 1.5203, -0.0078, -0.002], 61)
([0.8688, -0.5022, 0.5047, 1.554, 0.003, 0.0031], 61)
([0.8811, -0.5013, 0.5021, 1.574, 0.0122, 0.0031], 61)
([0.8898, -0.5008, 0.5006, 1.5908, 0.0229, 0.0031], 61)
([0.8941, -0.4999, 0.5006, 1.5954, 0.0245, 0.0031], 61)
([0.8941, -0.4999, 0.5001, 1.5954, 0.0229, 0.0031], 61)
([0.8963, -0.4999, 0.5001, 1.5954, 0.0198, 0.0031], 60)
([0.8955, -0.4999, 0.5001, 1.597, 0.0183, 0.0031], 61)
([0.8955, -0.4994, 0.5001, 1.6046, 0.0291, 0.0031], 60)
([0.8948, -0.4994, 0.4986, 1.6077, 0.0383, 0.0031], 60)
([0.8919, -0.4953, 0.4904, 1.6077, 0.0306, 0.0031], 61)
([0.8847, -0.4871, 0.4766, 1.6046, 0.0245, 0.0031], 61)
([0.8746, -0.477, 0.4766, 1.5954, 0.0291, 0.0031], 61)
([0.8746, -0.46, 0.4531, 1.5648, 0.0291, 0.0031], 61)
([0.858, -0.46, 0.4194, 1.5295, 0.0275, 0.0031], 61)
([0.837, -0.438, 0.376, 1.4789, 0.0229, 0.0031], 61)
([0.8125, -0.4114, 0.376, 1.4405, 0.0229, 0.0031], 61)
([0.8125, -0.3793, 0.3249, 1.3868, 0.0229, 0.0031], 61)
([0.7836, -0.3793, 0.2661, 1.3301, 0.0229, 0.0031], 61)
([0.7504, -0.3435, 0.2013, 1.2856, 0.0214, 0.0031], 60)
([0.7157, -0.3059, 0.2013, 1.2365, 0.0198, 0.0031], 60)
([0.7157, -0.2678, 0.1343, 1.1859, 0.0198, 0.0031], 61)
([0.681, -0.2678, 0.0659, 1.1414, 0.0168, 0.0031], 60)
([0.6464, -0.2293, -0.0026, 1.08, 0.0152, 0.0031], 60)
([0.6117, -0.1903, -0.0026, 1.0371, 0.0152, 0.0031], 60)
([0.6117, -0.1518, -0.07, 0.9834, 0.0152, 0.0031], 61)
([0.577, -0.1518, -0.1369, 0.9512, 0.0137, 0.0031], 61)
([0.5424, -0.1128, -0.2048, 0.8959, 0.0106, 0.0031], 61)
([0.5084, -0.0752, -0.2048, 0.8361, 0.0106, 0.0031], 61)
([0.473, -0.0358, -0.2723, 0.7824, 0.0106, 0.0031], 61)
([0.473, 0.0037, -0.3407, 0.7379, 0.0091, 0.0031], 61)
([0.4384, 0.0037, -0.4092, 0.6842, 0.0091, 0.0031], 61)
([0.4066, 0.0436, -0.4776, 0.6444, 0.0076, 0.0031], 61)
([0.3698, 0.0821, -0.4776, 0.6014, 0.006, 0.0031], 61)
([0.3698, 0.1202, -0.544, 0.5462, 0.006, -0.002], 61)
([0.3358, 0.1202, -0.6115, 0.5063, 0.0045, 0.0031], 61)
([0.3012, 0.1596, -0.6799, 0.4495, 0.0045, 0.0031], 61)
([0.2672, 0.1986, -0.6799, 0.4081, 0.0045, 0.0031], 60)
([0.2672, 0.238, -0.7484, 0.3529, 0.0045, -0.002], 60)
([0.2326, 0.238, -0.8173, 0.3161, 0.0045, 0.0031], 61)
([0.1979, 0.277, -0.8848, 0.267, 0.0014, 0.0031], 60)
([0.1632, 0.3155, -0.8848, 0.2455, -0.0016, 0.0031], 61)
([0.1632, 0.3545, -0.9522, 0.1872, -0.0016, 0.0031], 61)
([0.1278, 0.3545, -1.0186, 0.1335, -0.0016, 0.0031], 60)
([0.0961, 0.3903, -1.0773, 0.1059, -0.0016, 0.0031], 61)
([0.0686, 0.4219, -1.1289, 0.0553, -0.0016, 0.0031], 66)
([0.0455, 0.449, -1.1289, 0.0292, -0.0016, 0.0082], 61)
([0.0455, 0.4696, -1.1718, 0.0047, -0.0016, 0.0031], 61)
([0.0274, 0.4696, -1.2035, -0.0045, -0.0016, 0.0031], 61)
([0.0152, 0.4848, -1.2265, -0.0122, -0.0016, 0.0031], 61)
([0.0065, 0.4949, -1.2265, -0.0168, -0.0032, 0.0031], 61)
([0.0065, 0.5004, -1.2403, -0.0168, -0.0032, 0.0031], 61)
([0.0022, 0.5004, -1.2464, -0.0183, -0.0016, 0.0031], 60)
([0.0007, 0.4999, -1.2495, -0.0183, -0.0032, 0.0031], 61)
([0.0, 0.4999, -1.2485, -0.0183, -0.0032, 0.0031], 61)
([0.0, 0.4999, -1.2485, -0.0214, -0.0016, 0.0031], 61)
([0.0, 0.4999, -1.2485, -0.0214, -0.0016, 0.0031], 61)
([0.0, 0.4999, -1.25, -0.0214, -0.0032, 0.0031], 61)
([0.0, 0.4999, -1.25, -0.0198, -0.0032, 0.0031], 60)
([0.0, 0.4999, -1.25, -0.0198, -0.0032, 0.0031], 60)
([0.0, 0.4999, -1.25, -0.0183, -0.0032, 0.0031], 60)
([0.0, 0.4999, -1.25, -0.0183, -0.0016, 0.0031], 61)
([0.0, 0.4999, -1.25, -0.0183, -0.0032, 0.0031], 61)
([0.0, 0.4999, -1.25, -0.0152, -0.0016, 0.0082], 61)
([0.0, 0.4999, -1.25, -0.0137, -0.0016, 0.0031], 61)
([0.0, 0.4999, -1.25, -0.0122, -0.0032, 0.0082], 61)
([0.0, 0.4999, -1.25, -0.0091, -0.0016, 0.0031], 61)
([0.0, 0.4999, -1.25, -0.0076, -0.0032, 0.0031], 61)
([0.0, 0.4999, -1.25, -0.006, -0.0016, 0.0031], 61)
([0.0, 0.4999, -1.25, -0.003, -0.0032, 0.0031], 61)
([0.0, 0.4999, -1.25, -0.003, -0.0032, 0.0031], 61)
([0.0, 0.4999, -1.25, -0.003, -0.0016, 0.0031], 61)
([0.0, 0.4999, -1.25, -0.003, -0.0032, 0.0031], 61)
([0.0, 0.4999, -1.25, -0.0014, -0.0016, 0.0031], 61)
([0.0, 0.4999, -1.25, -0.0014, -0.0032, 0.0031], 61)
([0.0, 0.4999, -1.25, 0.0001, -0.0016, 0.0031], 61)
([0.0, 0.4999, -1.25, 0.0001, -0.0016, 0.0031], 60)
([0.0, 0.4999, -1.25, 0.0001, -0.0016, 0.0031], 60)
([0.0, 0.4999, -1.25, 0.0001, -0.0032, 0.0031], 61)
([0.0, 0.4999, -1.25, 0.0001, -0.0032, 0.0031], 61)
([0.0, 0.4999, -1.25, 0.0001, -0.0016, 0.0031], 61)
([0.0, 0.4999, -1.25, 0.0001, -0.0016, 0.0031], 61)
([0.0, 0.4999, -1.25, 0.0001, -0.0016, 0.0031], 61)
([0.0, 0.4999, -1.25, 0.0001, -0.0032, 0.0031], 61)
([0.0, 0.4999, -1.25, 0.0001, -0.0032, 0.0031], 61)
([0.0, 0.4999, -1.25, 0.0001, -0.0016, 0.0031], 61)
([0.0, 0.4999, -1.25, 0.0001, -0.0032, 0.0031], 61)
([0.0, 0.4999, -1.25, 0.0001, -0.0032, 0.0031], 61)
([0.0, 0.4999, -1.25, 0.0001, -0.0016, 0.0031], 61)
([0.0, 0.4999, -1.25, 0.0001, -0.0016, 0.0031], 61)
([0.0, 0.4999, -1.25, 0.0001, -0.0016, 0.0031], 61)
([0.0, 0.4999, -1.25, 0.0001, -0.0016, 0.0031], 61)
([0.0, 0.4999, -1.25, 0.0001, -0.0016, 0.0031], 61)
([0.0, 0.4999, -1.25, 0.0001, -0.0016, 0.0031], 60)
([0.0, 0.4999, -1.25, 0.0001, -0.0016, 0.0031], 60)
([0.0, 0.4999, -1.25, 0.0001, -0.0016, 0.0031], 61)
([0.0, 0.4999, -1.25, 0.0001, -0.0016, 0.0031], 61)
([0.0, 0.4999, -1.25, 0.0001, -0.0016, 0.0031], 61)
([0.0, 0.4999, -1.25, 0.0001, -0.0016, 0.0031], 61)
([0.0, 0.4999, -1.25, 0.0001, -0.0016, 0.0031], 61)
([0.0, 0.4999, -1.25, 0.0001, -0.0016, 0.0031], 61)
([0.0, 0.4999, -1.25, 0.0001, -0.0016, 0.0031], 61)
([0.0, 0.4999, -1.25, 0.0016, -0.0016, 0.0031], 61)
([0.0, 0.4999, -1.25, 0.0016, -0.0016, 0.0031], 61)
([0.0, 0.4999, -1.25, 0.0001, -0.0016, 0.0031], 61)
([0.0, 0.4999, -1.25, 0.0016, -0.0016, 0.0031], 61)
([0.0, 0.4999, -1.25, 0.0001, -0.0016, 0.0031], 60)