INFO: hari: Starting controller: python.exe -u hari.py
[0.0, -0.0, 0.0, 0.0, -0.0, -0.0] 60.903
[0.048, -0.051, 0.051, -0.051, -0.051, 0.002] 61.551
[0.074, -0.102, 0.102, -0.102, -0.102, 0.002] 46.88
[0.086, -0.154, 0.154, -0.154, -0.153, 0.003] 63.158
[0.091, -0.205, 0.205, -0.205, -0.205, 0.003] 62.119
[0.094, -0.256, 0.256, -0.256, -0.256, 0.003] 59.621
[0.095, -0.307, 0.307, -0.307, -0.307, 0.003] 61.953
[0.096, -0.358, 0.358, -0.358, -0.358, 0.003] 64.18
[0.096, -0.41, 0.409, -0.41, -0.409, 0.003] 77.71
[0.096, -0.461, 0.461, -0.461, -0.46, 0.003] 61.834
[0.096, -0.512, 0.512, -0.512, -0.511, 0.003] 62.536
[0.096, -0.555, 0.563, -0.563, -0.563, 0.003] 62.507
[0.096, -0.575, 0.614, -0.614, -0.614, 0.003] 93.997
[0.096, -0.584, 0.646, -0.665, -0.665, 0.003] 62.024
[0.096, -0.588, 0.66, -0.717, -0.716, 0.003] 61.789
[0.096, -0.59, 0.667, -0.768, -0.767, 0.003] 63.272
[0.096, -0.591, 0.67, -0.819, -0.819, 0.003] 61.76
[0.096, -0.592, 0.672, -0.87, -0.87, 0.003] 77.571
[0.096, -0.592, 0.672, -0.921, -0.921, 0.003] 62.643
[0.096, -0.592, 0.673, -0.973, -0.972, 0.003] 62.409
[0.096, -0.592, 0.673, -1.024, -1.023, 0.003] 63.809
[0.096, -0.592, 0.673, -1.075, -1.075, 0.003] 75.822
[0.096, -0.592, 0.673, -1.126, -1.126, 0.003] 63.927
[0.096, -0.592, 0.673, -1.177, -1.177, 0.003] 61.053
[0.096, -0.592, 0.673, -1.229, -1.228, 0.003] 78.382
[0.096, -0.592, 0.673, -1.28, -1.279, 0.003] 62.58
[0.096, -0.592, 0.673, -1.331, -1.331, 0.003] 60.376
[0.096, -0.592, 0.673, -1.382, -1.382, 0.003] 61.559
[0.096, -0.592, 0.673, -1.433, -1.433, 0.003] 62.858
[0.096, -0.592, 0.673, -1.485, -1.468, 0.003] 77.203
[0.096, -0.592, 0.673, -1.536, -1.485, 0.003] 62.715
[0.096, -0.592, 0.673, -1.587, -1.492, 0.003] 62.525
[0.096, -0.592, 0.673, -1.638, -1.496, 0.003] 62.278
[0.096, -0.592, 0.673, -1.688, -1.498, 0.003] 92.474
[0.096, -0.592, 0.673, -1.715, -1.498, 0.003] 62.229
[0.096, -0.592, 0.673, -1.727, -1.499, 0.003] 62.51
[0.096, -0.592, 0.673, -1.733, -1.499, 0.003] 63.464
[0.045, -0.592, 0.622, -1.682, -1.448, 0.003] 62.639
[-0.006, -0.592, 0.571, -1.631, -1.397, 0.003] 79.027
[-0.058, -0.592, 0.519, -1.579, -1.345, 0.003] 62.314
[-0.109, -0.592, 0.468, -1.528, -1.294, 0.003] 62.842
[-0.16, -0.592, 0.417, -1.477, -1.243, 0.003] 63.963
[-0.211, -0.592, 0.366, -1.426, -1.192, 0.003] 94.119
[-0.262, -0.592, 0.315, -1.375, -1.141, 0.003] 61.878
[-0.314, -0.592, 0.263, -1.324, -1.089, 0.003] 63.052
[-0.365, -0.592, 0.212, -1.272, -1.038, 0.003] 62.959
[-0.416, -0.592, 0.161, -1.221, -0.987, 0.003] 62.394
[-0.467, -0.592, 0.11, -1.17, -0.936, 0.003] 79.563
[-0.518, -0.592, 0.059, -1.119, -0.885, 0.003] 78.222
[-0.57, -0.592, 0.008, -1.068, -0.833, 0.003] 62.15
[-0.621, -0.592, -0.038, -1.016, -0.789, 0.003] 77.694
[-0.672, -0.592, -0.06, -0.965, -0.768, 0.003] 60.19
[-0.723, -0.592, -0.07, -0.914, -0.758, 0.003] 61.315
[-0.774, -0.592, -0.075, -0.863, -0.754, 0.003] 61.981
[-0.826, -0.592, -0.077, -0.812, -0.752, 0.003] 61.64
[-0.877, -0.592, -0.078, -0.76, -0.751, 0.003] 63.792
[-0.928, -0.592, -0.079, -0.709, -0.75, 0.003] 63.464
[-0.979, -0.592, -0.079, -0.658, -0.75, 0.003] 91.099
[-1.03, -0.592, -0.079, -0.607, -0.75, 0.003] 62.709
[-1.082, -0.592, -0.079, -0.556, -0.75, 0.003] 63.87
[-1.133, -0.592, -0.079, -0.505, -0.75, 0.003] 61.067
[-1.184, -0.592, -0.079, -0.453, -0.75, 0.003] 62.29
[-1.221, -0.592, -0.079, -0.402, -0.75, 0.003] 77.532
[-1.238, -0.592, -0.079, -0.351, -0.75, 0.003] 62.621
[-1.246, -0.592, -0.079, -0.3, -0.75, 0.003] 61.85
[-1.25, -0.592, -0.079, -0.249, -0.75, 0.003] 61.354
[-1.252, -0.592, -0.079, -0.197, -0.75, 0.003] 79.056
[-1.252, -0.592, -0.079, -0.146, -0.75, 0.003] 63.727
[-1.253, -0.592, -0.079, -0.099, -0.75, 0.003] 62.361
[-1.253, -0.592, -0.079, -0.075, -0.75, 0.003] 63.37
[-1.253, -0.592, -0.079, -0.064, -0.75, 0.003] 78.164
[-1.202, -0.541, -0.028, -0.012, -0.801, 0.003] 61.811
[-1.151, -0.49, 0.022, 0.039, -0.852, 0.003] 63.179
[-1.099, -0.438, 0.05, 0.09, -0.904, 0.003] 62.892
[-1.048, -0.387, 0.063, 0.141, -0.955, 0.003] 76.82
[-0.997, -0.336, 0.069, 0.192, -1.006, 0.003] 61.952
[-0.946, -0.285, 0.072, 0.243, -1.057, 0.003] 62.136
[-0.895, -0.234, 0.073, 0.295, -1.108, 0.003] 64.104
[-0.843, -0.182, 0.073, 0.346, -1.16, 0.003] 75.735
[-0.792, -0.131, 0.074, 0.397, -1.211, 0.003] 63.091
[-0.741, -0.08, 0.074, 0.448, -1.262, 0.003] 62.386
[-0.69, -0.029, 0.074, 0.499, -1.313, 0.003] 61.683
[-0.639, 0.022, 0.074, 0.551, -1.364, 0.003] 76.851
[-0.587, 0.074, 0.074, 0.602, -1.406, 0.003] 62.79
[-0.536, 0.125, 0.074, 0.653, -1.425, 0.003] 63.33
[-0.485, 0.176, 0.074, 0.704, -1.433, 0.003] 62.305
[-0.434, 0.227, 0.074, 0.755, -1.438, 0.003] 77.608
[-0.383, 0.278, 0.074, 0.807, -1.439, 0.003] 63.081
[-0.331, 0.33, 0.074, 0.858, -1.44, 0.003] 62.165
[-0.28, 0.381, 0.074, 0.909, -1.441, 0.003] 62.768
[-0.229, 0.432, 0.074, 0.96, -1.441, 0.003] 95.151
[-0.178, 0.483, 0.074, 1.011, -1.441, 0.003] 60.966
[-0.127, 0.534, 0.074, 1.063, -1.441, 0.003] 62.308
[-0.075, 0.575, 0.074, 1.114, -1.441, 0.003] 62.459
[-0.024, 0.594, 0.074, 1.165, -1.441, 0.003] 60.974
[0.027, 0.603, 0.074, 1.216, -1.441, 0.003] 78.508
[0.078, 0.607, 0.074, 1.267, -1.441, 0.003] 77.901
[0.129, 0.608, 0.074, 1.319, -1.441, 0.003] 63.966
[0.181, 0.609, 0.074, 1.37, -1.441, 0.003] 61.072
[0.232, 0.61, 0.074, 1.421, -1.441, 0.003] 63.369
[0.283, 0.61, 0.074, 1.472, -1.441, 0.003] 93.223
[0.334, 0.61, 0.074, 1.523, -1.441, 0.003] 61.892
[0.385, 0.61, 0.074, 1.575, -1.441, 0.003] 62.042
[0.437, 0.61, 0.074, 1.626, -1.441, 0.003] 61.735
[0.488, 0.61, 0.074, 1.677, -1.441, 0.003] 61.324
[0.539, 0.61, 0.074, 1.724, -1.441, 0.003] 93.729
[0.59, 0.61, 0.074, 1.749, -1.441, 0.003] 62.004
[0.641, 0.61, 0.074, 1.76, -1.441, 0.003] 63.299
[0.693, 0.61, 0.074, 1.765, -1.441, 0.003] 62.956
[0.744, 0.61, 0.074, 1.768, -1.441, 0.003] 62.399
[0.795, 0.61, 0.074, 1.769, -1.441, 0.003] 92.787
[0.846, 0.61, 0.074, 1.77, -1.441, 0.003] 62.878
[0.897, 0.61, 0.074, 1.77, -1.441, 0.003] 61.786
[0.949, 0.61, 0.074, 1.77, -1.441, 0.003] 62.547
[1.0, 0.61, 0.074, 1.77, -1.441, 0.003] 61.804
[1.051, 0.61, 0.074, 1.77, -1.441, 0.003] 77.777
[1.102, 0.61, 0.074, 1.77, -1.441, 0.003] 78.03
[1.153, 0.61, 0.074, 1.77, -1.441, 0.003] 62.013
[1.205, 0.61, 0.074, 1.77, -1.441, 0.003] 62.103
[1.256, 0.61, 0.074, 1.77, -1.441, 0.003] 78.185
[1.307, 0.61, 0.074, 1.77, -1.441, 0.003] 93.061
[1.358, 0.61, 0.074, 1.77, -1.441, 0.003] 62.124
[1.409, 0.61, 0.074, 1.77, -1.441, 0.003] 62.737
[1.461, 0.61, 0.074, 1.77, -1.441, 0.003] 63.439
[1.512, 0.61, 0.074, 1.77, -1.441, 0.003] 61.869
[1.563, 0.61, 0.074, 1.77, -1.441, 0.003] 61.278
[1.614, 0.61, 0.074, 1.77, -1.441, 0.003] 62.351
[1.665, 0.61, 0.074, 1.77, -1.441, 0.003] 61.935
[1.717, 0.61, 0.074, 1.77, -1.441, 0.003] 77.714
[1.768, 0.61, 0.074, 1.77, -1.441, 0.003] 93.916
[1.819, 0.61, 0.074, 1.77, -1.441, 0.003] 64.063
[1.87, 0.61, 0.074, 1.77, -1.441, 0.003] 63.343
[1.921, 0.61, 0.074, 1.77, -1.441, 0.003] 78.612
[1.972, 0.61, 0.074, 1.77, -1.441, 0.003] 46.638
[2.024, 0.61, 0.074, 1.77, -1.441, 0.003] 76.858
[2.075, 0.61, 0.074, 1.77, -1.441, 0.003] 61.88
[2.126, 0.61, 0.074, 1.77, -1.441, 0.003] 61.065
[2.177, 0.61, 0.074, 1.77, -1.441, 0.003] 63.077
[2.228, 0.61, 0.074, 1.77, -1.441, 0.003] 62.648
[2.28, 0.61, 0.074, 1.77, -1.441, 0.003] 77.172
[2.331, 0.61, 0.074, 1.77, -1.441, 0.003] 77.248
[2.382, 0.61, 0.074, 1.77, -1.441, 0.003] 64.624
[2.433, 0.61, 0.074, 1.77, -1.441, 0.003] 61.001
[2.466, 0.61, 0.074, 1.77, -1.441, 0.003] 78.183
[2.482, 0.61, 0.074, 1.77, -1.441, 0.003] 62.09
[2.489, 0.61, 0.074, 1.77, -1.441, 0.003] 61.634
[2.438, 0.559, 0.023, 1.719, -1.39, 0.003] 61.071
[2.387, 0.527, -0.028, 1.668, -1.339, 0.003] 63.009
[2.335, 0.513, -0.08, 1.616, -1.287, 0.003] 77.565
[2.284, 0.506, -0.131, 1.565, -1.236, 0.003] 63.542
[2.233, 0.503, -0.182, 1.514, -1.185, 0.003] 63.019
[2.182, 0.501, -0.233, 1.463, -1.134, 0.003] 62.622
[2.131, 0.501, -0.284, 1.412, -1.083, 0.003] 78.402
[2.079, 0.5, -0.336, 1.361, -1.032, 0.003] 78.014
[2.028, 0.5, -0.387, 1.309, -0.98, 0.003] 63.857
[1.977, 0.5, -0.438, 1.258, -0.929, 0.003] 61.696
[1.926, 0.5, -0.489, 1.207, -0.878, 0.003] 64.687
[1.875, 0.5, -0.54, 1.156, -0.827, 0.003] 91.492
[1.823, 0.5, -0.592, 1.105, -0.776, 0.003] 62.294
[1.772, 0.5, -0.643, 1.053, -0.725, 0.003] 61.77
[1.721, 0.5, -0.694, 1.002, -0.673, 0.003] 62.146
[1.67, 0.5, -0.745, 0.951, -0.622, 0.003] 63.154
[1.619, 0.5, -0.796, 0.9, -0.571, 0.003] 92.015
[1.567, 0.5, -0.848, 0.849, -0.52, 0.003] 62.865
[1.516, 0.5, -0.899, 0.797, -0.469, 0.003] 62.304
[1.465, 0.5, -0.95, 0.746, -0.417, 0.003] 62.273
[1.414, 0.5, -1.001, 0.695, -0.366, 0.003] 61.354
[1.363, 0.5, -1.052, 0.644, -0.315, 0.003] 77.994
[1.311, 0.5, -1.104, 0.593, -0.264, 0.003] 63.292
[1.26, 0.5, -1.155, 0.542, -0.213, 0.003] 62.192
[1.209, 0.5, -1.203, 0.49, -0.162, 0.003] 62.358
[1.158, 0.5, -1.228, 0.439, -0.11, 0.003] 94.222
[1.107, 0.5, -1.24, 0.388, -0.059, 0.003] 61.235
[1.055, 0.5, -1.245, 0.337, -0.029, 0.003] 62.043
[1.004, 0.5, -1.248, 0.286, -0.015, 0.003] 63.467
[0.953, 0.5, -1.249, 0.235, -0.009, 0.003] 60.521
[0.902, 0.5, -1.25, 0.183, -0.006, 0.003] 92.286
[0.851, 0.5, -1.25, 0.132, -0.004, 0.003] 61.639
[0.799, 0.5, -1.25, 0.081, -0.003, 0.003] 62.31
[0.748, 0.5, -1.25, 0.038, -0.003, 0.003] 62.761
[0.697, 0.5, -1.25, 0.017, -0.003, 0.003] 62.337
[0.646, 0.5, -1.25, 0.008, -0.003, 0.003] 92.918
[0.595, 0.5, -1.25, 0.004, -0.003, 0.003] 63.628
[0.543, 0.5, -1.25, 0.002, -0.003, 0.003] 61.329
[0.492, 0.5, -1.25, 0.001, -0.003, 0.003] 64.252
[0.441, 0.5, -1.25, 0.0, -0.003, 0.003] 60.849
[0.39, 0.5, -1.25, 0.0, -0.003, 0.003] 91.986
[0.339, 0.5, -1.25, 0.0, -0.003, 0.003] 61.406
[0.287, 0.5, -1.25, 0.0, -0.003, 0.003] 63.23
[0.236, 0.5, -1.25, 0.0, -0.003, 0.003] 60.814
[0.185, 0.5, -1.25, 0.0, -0.003, 0.003] 94.121
[0.134, 0.5, -1.25, 0.0, -0.003, 0.003] 63.197
[0.083, 0.5, -1.25, 0.0, -0.003, 0.003] 77.566
[0.039, 0.5, -1.25, -0.0, -0.003, 0.003] 62.591
[0.018, 0.5, -1.25, -0.0, -0.003, 0.003] 62.738
[0.008, 0.5, -1.25, 0.0, -0.003, 0.003] 63.128
[0.004, 0.449, -1.199, -0.0, -0.001, 0.001] 62.172
[0.002, 0.398, -1.148, -0.0, -0.001, 0.001] 61.789
[0.001, 0.346, -1.096, -0.0, -0.0, 0.0] 63.399
[0.0, 0.295, -1.045, -0.0, -0.0, 0.0] 77.436
[0.0, 0.244, -0.994, -0.0, -0.0, 0.0] 62.953
[0.0, 0.193, -0.943, -0.0, -0.0, 0.0] 62.115
[0.0, 0.142, -0.892, -0.0, -0.0, 0.0] 62.823
[0.0, 0.09, -0.841, -0.0, -0.0, 0.0] 78.387
[0.0, 0.044, -0.789, 0.0, -0.0, 0.0] 62.89
[0.0, 0.02, -0.738, 0.0, -0.0, -0.0] 62.291
[0.0, 0.009, -0.687, 0.0, -0.0, -0.0] 77.122
[0.0, 0.004, -0.636, 0.0, -0.0, 0.0] 62.01
[0.0, 0.002, -0.585, 0.0, -0.0, -0.0] 61.358
[0.0, 0.001, -0.533, 0.0, -0.0, 0.0] 62.688
[0.0, 0.0, -0.482, 0.0, -0.0, 0.0] 62.441
[0.0, 0.0, -0.431, 0.0, -0.0, 0.0] 77.909
[0.0, 0.0, -0.38, -0.0, -0.0, 0.0] 61.338
[0.0, 0.0, -0.329, -0.0, -0.0, 0.0] 62.491
[0.0, 0.0, -0.277, -0.0, 0.0, -0.0] 61.015
[0.0, 0.0, -0.226, -0.0, 0.0, 0.0] 78.193
[0.0, 0.0, -0.175, -0.0, 0.0, 0.0] 62.872
[0.0, 0.0, -0.124, -0.0, -0.0, 0.0] 63.424
[0.0, 0.0, -0.073, -0.0, 0.0, 0.0] 61.25
[0.0, -0.0, -0.034, -0.0, 0.0, 0.0] 78.834
[0.0, -0.0, -0.016, 0.0, 0.0, 0.0] 63.534
[0.0, -0.0, -0.007, 0.0, 0.0, 0.0] 60.764
[0.0, -0.0, -0.003, 0.0, -0.0, 0.0] 61.564
[0.048, -0.051, 0.048, -0.051, -0.051, 0.002] 77.581
[0.074, -0.102, 0.099, -0.102, -0.102, 0.002] 62.891
[0.086, -0.154, 0.15, -0.154, -0.153, 0.003] 63.188
[0.091, -0.205, 0.201, -0.205, -0.205, 0.003] 61.104
[0.094, -0.256, 0.253, -0.256, -0.256, 0.003] 77.934
[0.095, -0.307, 0.304, -0.307, -0.307, 0.003] 61.411
[0.096, -0.358, 0.355, -0.358, -0.358, 0.003] 60.628
[0.096, -0.41, 0.406, -0.41, -0.409, 0.003] 63.209
[0.096, -0.461, 0.457, -0.461, -0.46, 0.003] 77.232
[0.096, -0.512, 0.508, -0.512, -0.511, 0.003] 60.831
[0.096, -0.555, 0.56, -0.563, -0.563, 0.003] 62.549
[0.096, -0.575, 0.611, -0.614, -0.614, 0.003] 62.705
[0.096, -0.584, 0.644, -0.665, -0.665, 0.003] 90.671
[0.096, -0.588, 0.66, -0.717, -0.716, 0.003] 63.97
[0.096, -0.59, 0.667, -0.768, -0.767, 0.003] 60.94
[0.096, -0.591, 0.67, -0.819, -0.819, 0.003] 63.965
[0.096, -0.592, 0.672, -0.87, -0.87, 0.003] 60.819
[0.096, -0.592, 0.672, -0.921, -0.921, 0.003] 76.357
[0.096, -0.592, 0.673, -0.973, -0.972, 0.003] 62.442
[0.096, -0.592, 0.673, -1.024, -1.023, 0.003] 77.503
[0.096, -0.592, 0.673, -1.075, -1.075, 0.003] 78.679
[0.096, -0.592, 0.673, -1.126, -1.126, 0.003] 76.136
[0.096, -0.592, 0.673, -1.177, -1.177, 0.003] 60.817
[0.096, -0.592, 0.673, -1.229, -1.228, 0.003] 63.39
[0.096, -0.592, 0.673, -1.28, -1.279, 0.003] 61.054
[0.096, -0.592, 0.673, -1.331, -1.331, 0.003] 61.382
[0.096, -0.592, 0.673, -1.382, -1.382, 0.003] 62.41
[0.096, -0.592, 0.673, -1.433, -1.433, 0.003] 63.922
[0.096, -0.592, 0.673, -1.485, -1.468, 0.003] 76.073
[0.096, -0.592, 0.673, -1.536, -1.485, 0.003] 64.459
[0.096, -0.592, 0.673, -1.587, -1.492, 0.003] 61.981
[0.096, -0.592, 0.673, -1.638, -1.496, 0.003] 78.014
[0.096, -0.592, 0.673, -1.688, -1.498, 0.003] 62.305
[0.096, -0.592, 0.673, -1.715, -1.498, 0.003] 63.071
[0.096, -0.592, 0.673, -1.727, -1.499, 0.003] 64.069
[0.096, -0.592, 0.673, -1.733, -1.499, 0.003] 62.568
[0.045, -0.592, 0.622, -1.682, -1.448, 0.003] 79.277
[-0.006, -0.592, 0.571, -1.631, -1.397, 0.003] 61.069
[-0.058, -0.592, 0.519, -1.579, -1.345, 0.003] 62.0
[-0.109, -0.592, 0.468, -1.528, -1.294, 0.003] 91.942
[-0.16, -0.592, 0.417, -1.477, -1.243, 0.003] 62.113
[-0.211, -0.592, 0.366, -1.426, -1.192, 0.003] 62.623
[-0.262, -0.592, 0.315, -1.375, -1.141, 0.003] 63.342
[-0.314, -0.592, 0.263, -1.324, -1.089, 0.003] 61.081
[-0.365, -0.592, 0.212, -1.272, -1.038, 0.003] 80.159
[-0.416, -0.592, 0.161, -1.221, -0.987, 0.003] 61.152
[-0.467, -0.592, 0.11, -1.17, -0.936, 0.003] 63.155
[-0.518, -0.592, 0.059, -1.119, -0.885, 0.003] 63.745
[-0.57, -0.592, 0.008, -1.068, -0.833, 0.003] 77.044
[-0.621, -0.592, -0.038, -1.016, -0.789, 0.003] 63.05
[-0.672, -0.592, -0.06, -0.965, -0.768, 0.003] 61.459
[-0.723, -0.592, -0.07, -0.914, -0.758, 0.003] 62.418
[-0.774, -0.592, -0.075, -0.863, -0.754, 0.003] 78.758
[-0.826, -0.592, -0.077, -0.812, -0.752, 0.003] 61.464
[-0.877, -0.592, -0.078, -0.76, -0.751, 0.003] 62.195
[-0.928, -0.592, -0.079, -0.709, -0.75, 0.003] 62.351
[-0.979, -0.592, -0.079, -0.658, -0.75, 0.003] 76.194
[-1.03, -0.592, -0.079, -0.607, -0.75, 0.003] 62.685
[-1.082, -0.592, -0.079, -0.556, -0.75, 0.003] 63.461
[-1.133, -0.592, -0.079, -0.505, -0.75, 0.003] 62.915
[-1.184, -0.592, -0.079, -0.453, -0.75, 0.003] 78.536
[-1.221, -0.592, -0.079, -0.402, -0.75, 0.003] 62.189
[-1.238, -0.592, -0.079, -0.351, -0.75, 0.003] 62.171
[-1.246, -0.592, -0.079, -0.3, -0.75, 0.003] 63.179
[-1.25, -0.592, -0.079, -0.249, -0.75, 0.003] 76.739
[-1.252, -0.592, -0.079, -0.197, -0.75, 0.003] 62.732
[-1.252, -0.592, -0.079, -0.146, -0.75, 0.003] 61.31
[-1.253, -0.592, -0.079, -0.099, -0.75, 0.003] 62.484
[-1.253, -0.592, -0.079, -0.075, -0.75, 0.003] 78.677
[-1.253, -0.592, -0.079, -0.064, -0.75, 0.003] 62.008
[-1.202, -0.541, -0.028, -0.012, -0.801, 0.003] 59.646
[-1.151, -0.49, 0.022, 0.039, -0.852, 0.003] 62.213
[-1.099, -0.438, 0.05, 0.09, -0.904, 0.003] 78.717
[-1.048, -0.387, 0.063, 0.141, -0.955, 0.003] 62.424
[-0.997, -0.336, 0.069, 0.192, -1.006, 0.003] 62.59
[-0.946, -0.285, 0.072, 0.243, -1.057, 0.003] 63.52
[-0.895, -0.234, 0.073, 0.295, -1.108, 0.003] 75.856
[-0.843, -0.182, 0.073, 0.346, -1.16, 0.003] 62.883
[-0.792, -0.131, 0.074, 0.397, -1.211, 0.003] 62.325
[-0.741, -0.08, 0.074, 0.448, -1.262, 0.003] 63.139
[-0.69, -0.029, 0.074, 0.499, -1.313, 0.003] 78.749
[-0.639, 0.022, 0.074, 0.551, -1.364, 0.003] 62.657
[-0.587, 0.074, 0.074, 0.602, -1.406, 0.003] 62.253
[-0.536, 0.125, 0.074, 0.653, -1.425, 0.003] 61.597
[-0.485, 0.176, 0.074, 0.704, -1.433, 0.003] 77.994
[-0.434, 0.227, 0.074, 0.755, -1.438, 0.003] 61.597
[-0.383, 0.278, 0.074, 0.807, -1.439, 0.003] 62.615
[-0.331, 0.33, 0.074, 0.858, -1.44, 0.003] 63.908
[-0.28, 0.381, 0.074, 0.909, -1.441, 0.003] 77.46
[-0.229, 0.432, 0.074, 0.96, -1.441, 0.003] 62.667
[-0.178, 0.483, 0.074, 1.011, -1.441, 0.003] 62.832
[-0.127, 0.534, 0.074, 1.063, -1.441, 0.003] 77.143
[-0.075, 0.575, 0.074, 1.114, -1.441, 0.003] 76.354
[-0.024, 0.594, 0.074, 1.165, -1.441, 0.003] 61.895
[0.027, 0.603, 0.074, 1.216, -1.441, 0.003] 61.617
[0.078, 0.607, 0.074, 1.267, -1.441, 0.003] 63.315
[0.129, 0.608, 0.074, 1.319, -1.441, 0.003] 62.771
[0.181, 0.609, 0.074, 1.37, -1.441, 0.003] 77.073
[0.232, 0.61, 0.074, 1.421, -1.441, 0.003] 62.879
[0.283, 0.61, 0.074, 1.472, -1.441, 0.003] 62.055
[0.334, 0.61, 0.074, 1.523, -1.441, 0.003] 62.443
[0.385, 0.61, 0.074, 1.575, -1.441, 0.003] 77.891
[0.437, 0.61, 0.074, 1.626, -1.441, 0.003] 76.964
[0.488, 0.61, 0.074, 1.677, -1.441, 0.003] 63.204
[0.539, 0.61, 0.074, 1.724, -1.441, 0.003] 61.448
[0.59, 0.61, 0.074, 1.749, -1.441, 0.003] 93.314
[0.641, 0.61, 0.074, 1.76, -1.441, 0.003] 78.574
[0.693, 0.61, 0.074, 1.765, -1.441, 0.003] 46.493
[0.744, 0.61, 0.074, 1.768, -1.441, 0.003] 62.821
[0.795, 0.61, 0.074, 1.769, -1.441, 0.003] 77.122
[0.846, 0.61, 0.074, 1.77, -1.441, 0.003] 61.628
[0.897, 0.61, 0.074, 1.77, -1.441, 0.003] 63.304
[0.949, 0.61, 0.074, 1.77, -1.441, 0.003] 62.592
[1.0, 0.61, 0.074, 1.77, -1.441, 0.003] 77.266
[1.051, 0.61, 0.074, 1.77, -1.441, 0.003] 62.657
[1.102, 0.61, 0.074, 1.77, -1.441, 0.003] 62.539
[1.153, 0.61, 0.074, 1.77, -1.441, 0.003] 63.532
[1.205, 0.61, 0.074, 1.77, -1.441, 0.003] 61.678
[1.256, 0.61, 0.074, 1.77, -1.441, 0.003] 79.194
[1.307, 0.61, 0.074, 1.77, -1.441, 0.003] 61.37
[1.358, 0.61, 0.074, 1.77, -1.441, 0.003] 62.702
[1.409, 0.61, 0.074, 1.77, -1.441, 0.003] 61.399
[1.461, 0.61, 0.074, 1.77, -1.441, 0.003] 77.62
[1.512, 0.61, 0.074, 1.77, -1.441, 0.003] 62.981
[1.563, 0.61, 0.074, 1.77, -1.441, 0.003] 61.255
[1.614, 0.61, 0.074, 1.77, -1.441, 0.003] 62.158
[1.665, 0.61, 0.074, 1.77, -1.441, 0.003] 92.699
[1.717, 0.61, 0.074, 1.77, -1.441, 0.003] 62.368
[1.768, 0.61, 0.074, 1.77, -1.441, 0.003] 61.045
[1.819, 0.61, 0.074, 1.77, -1.441, 0.003] 61.831
[1.87, 0.61, 0.074, 1.77, -1.441, 0.003] 63.331
[1.921, 0.61, 0.074, 1.77, -1.441, 0.003] 77.103
[1.972, 0.61, 0.074, 1.77, -1.441, 0.003] 61.556
[2.024, 0.61, 0.074, 1.77, -1.441, 0.003] 62.115
[2.075, 0.61, 0.074, 1.77, -1.441, 0.003] 63.435
[2.126, 0.61, 0.074, 1.77, -1.441, 0.003] 77.785
[2.177, 0.61, 0.074, 1.77, -1.441, 0.003] 62.858
[2.228, 0.61, 0.074, 1.77, -1.441, 0.003] 62.78
[2.28, 0.61, 0.074, 1.77, -1.441, 0.003] 62.35
[2.331, 0.61, 0.074, 1.77, -1.441, 0.003] 78.384
[2.382, 0.61, 0.074, 1.77, -1.441, 0.003] 62.072
[2.433, 0.61, 0.074, 1.77, -1.441, 0.003] 61.445
[2.466, 0.61, 0.074, 1.77, -1.441, 0.003] 63.635
[2.482, 0.61, 0.074, 1.77, -1.441, 0.003] 78.832
[2.489, 0.61, 0.074, 1.77, -1.441, 0.003] 62.272
[2.438, 0.559, 0.023, 1.719, -1.39, 0.003] 61.228
[2.387, 0.527, -0.028, 1.668, -1.339, 0.003] 61.84
[2.335, 0.513, -0.08, 1.616, -1.287, 0.003] 78.572
[2.284, 0.506, -0.131, 1.565, -1.236, 0.003] 60.438
[2.233, 0.503, -0.182, 1.514, -1.185, 0.003] 62.201
[2.182, 0.501, -0.233, 1.463, -1.134, 0.003] 62.633
[2.131, 0.501, -0.284, 1.412, -1.083, 0.003] 78.275
[2.079, 0.5, -0.336, 1.361, -1.032, 0.003] 62.706
[2.028, 0.5, -0.387, 1.309, -0.98, 0.003] 62.148
[1.977, 0.5, -0.438, 1.258, -0.929, 0.003] 62.32
[1.926, 0.5, -0.489, 1.207, -0.878, 0.003] 92.902
[1.875, 0.5, -0.54, 1.156, -0.827, 0.003] 62.099
[1.823, 0.5, -0.592, 1.105, -0.776, 0.003] 62.427
[1.772, 0.5, -0.643, 1.053, -0.725, 0.003] 62.201
[1.721, 0.5, -0.694, 1.002, -0.673, 0.003] 61.27
[1.67, 0.5, -0.745, 0.951, -0.622, 0.003] 80.248
[1.619, 0.5, -0.796, 0.9, -0.571, 0.003] 78.524
[1.567, 0.5, -0.848, 0.849, -0.52, 0.003] 64.328
[1.516, 0.5, -0.899, 0.797, -0.469, 0.003] 62.237
[1.465, 0.5, -0.95, 0.746, -0.417, 0.003] 62.398
[1.414, 0.5, -1.001, 0.695, -0.366, 0.003] 94.449
[1.363, 0.5, -1.052, 0.644, -0.315, 0.003] 63.006
[1.311, 0.5, -1.104, 0.593, -0.264, 0.003] 61.43
[1.26, 0.5, -1.155, 0.542, -0.213, 0.003] 60.929
[1.209, 0.5, -1.203, 0.49, -0.162, 0.003] 63.131
[1.158, 0.5, -1.228, 0.439, -0.11, 0.003] 93.912
[1.107, 0.5, -1.24, 0.388, -0.059, 0.003] 62.839
[1.055, 0.5, -1.245, 0.337, -0.029, 0.003] 60.271
[1.004, 0.5, -1.248, 0.286, -0.015, 0.003] 62.406
[0.953, 0.5, -1.249, 0.235, -0.009, 0.003] 62.779
[0.902, 0.5, -1.25, 0.183, -0.006, 0.003] 94.934
[0.851, 0.5, -1.25, 0.132, -0.004, 0.003] 63.293
[0.799, 0.5, -1.25, 0.081, -0.003, 0.003] 60.873
[0.748, 0.5, -1.25, 0.038, -0.003, 0.003] 63.145
[0.697, 0.5, -1.25, 0.017, -0.003, 0.003] 63.366
[0.646, 0.5, -1.25, 0.008, -0.003, 0.003] 77.228
[0.595, 0.5, -1.25, 0.004, -0.003, 0.003] 62.981
[0.543, 0.5, -1.25, 0.002, -0.003, 0.003] 60.963
[0.492, 0.5, -1.25, 0.001, -0.003, 0.003] 63.154
[0.441, 0.5, -1.25, 0.0, -0.003, 0.003] 78.215
[0.39, 0.5, -1.25, 0.0, -0.003, 0.003] 61.019
[0.339, 0.5, -1.25, 0.0, -0.003, 0.003] 63.449
[0.287, 0.5, -1.25, 0.0, -0.003, 0.003] 61.991
[0.236, 0.5, -1.25, 0.0, -0.003, 0.003] 92.348
[0.185, 0.5, -1.25, 0.0, -0.003, 0.003] 62.003
[0.134, 0.5, -1.25, 0.0, -0.003, 0.003] 77.072
[0.083, 0.5, -1.25, 0.0, -0.003, 0.003] 62.613
[0.039, 0.5, -1.25, -0.0, -0.003, 0.003] 78.664
[0.018, 0.5, -1.25, -0.0, -0.003, 0.003] 93.401
[0.008, 0.5, -1.25, 0.0, -0.003, 0.003] 39.229
[0.004, 0.449, -1.199, -0.0, -0.001, 0.001] 37.267
[0.002, 0.398, -1.148, -0.0, -0.001, 0.001] 48.677
[0.001, 0.346, -1.096, -0.0, -0.0, 0.0] 62.122
[0.0, 0.295, -1.045, -0.0, -0.0, 0.0] 61.925
[0.0, 0.244, -0.994, -0.0, -0.0, 0.0] 77.668
[0.0, 0.193, -0.943, -0.0, -0.0, 0.0] 77.218
[0.0, 0.142, -0.892, -0.0, -0.0, 0.0] 64.09
[0.0, 0.09, -0.841, -0.0, -0.0, 0.0] 61.584
[0.0, 0.044, -0.789, 0.0, -0.0, 0.0] 62.433
[0.0, 0.02, -0.738, 0.0, -0.0, -0.0] 62.032
[0.0, 0.009, -0.687, 0.0, -0.0, -0.0] 63.473
[0.0, 0.004, -0.636, 0.0, -0.0, 0.0] 62.389
[0.0, 0.002, -0.585, 0.0, -0.0, -0.0] 61.947
[0.0, 0.001, -0.533, 0.0, -0.0, 0.0] 62.571
[0.0, 0.0, -0.482, 0.0, -0.0, 0.0] 91.119
[0.0, 0.0, -0.431, 0.0, -0.0, 0.0] 63.495
[0.0, 0.0, -0.38, -0.0, -0.0, 0.0] 60.781
[0.0, 0.0, -0.329, -0.0, -0.0, 0.0] 62.403
[0.0, 0.0, -0.277, -0.0, 0.0, -0.0] 75.627
[0.0, 0.0, -0.226, -0.0, 0.0, 0.0] 62.382
[0.0, 0.0, -0.175, -0.0, 0.0, 0.0] 63.467
[0.0, 0.0, -0.124, -0.0, -0.0, 0.0] 61.726
[0.0, 0.0, -0.073, -0.0, 0.0, 0.0] 62.756
[0.0, -0.0, -0.034, -0.0, 0.0, 0.0] 91.887
[0.0, -0.0, -0.016, 0.0, 0.0, 0.0] 61.854
[0.0, -0.0, -0.007, 0.0, 0.0, 0.0] 63.251
[0.0, -0.0, -0.003, 0.0, -0.0, 0.0] 61.33
[0.048, -0.051, 0.048, -0.051, -0.051, 0.002] 61.234
[0.074, -0.102, 0.099, -0.102, -0.102, 0.002] 79.064
[0.086, -0.154, 0.15, -0.154, -0.153, 0.003] 61.993
[0.091, -0.205, 0.201, -0.205, -0.205, 0.003] 61.309
[0.094, -0.256, 0.253, -0.256, -0.256, 0.003] 77.255
[0.095, -0.307, 0.304, -0.307, -0.307, 0.003] 60.823
[0.096, -0.358, 0.355, -0.358, -0.358, 0.003] 62.694
[0.096, -0.41, 0.406, -0.41, -0.409, 0.003] 63.451
[0.096, -0.461, 0.457, -0.461, -0.46, 0.003] 61.889
[0.096, -0.512, 0.508, -0.512, -0.511, 0.003] 77.267
[0.096, -0.555, 0.56, -0.563, -0.563, 0.003] 60.682
[0.096, -0.575, 0.611, -0.614, -0.614, 0.003] 62.187
[0.096, -0.584, 0.644, -0.665, -0.665, 0.003] 64.328
[0.096, -0.588, 0.66, -0.717, -0.716, 0.003] 76.6
[0.096, -0.59, 0.667, -0.768, -0.767, 0.003] 62.653
[0.096, -0.591, 0.67, -0.819, -0.819, 0.003] 62.279
[0.096, -0.592, 0.672, -0.87, -0.87, 0.003] 63.088
[0.096, -0.592, 0.672, -0.921, -0.921, 0.003] 92.885
[0.096, -0.592, 0.673, -0.973, -0.972, 0.003] 61.851
[0.096, -0.592, 0.673, -1.024, -1.023, 0.003] 62.756
[0.096, -0.592, 0.673, -1.075, -1.075, 0.003] 63.808
[0.096, -0.592, 0.673, -1.126, -1.126, 0.003] 62.351
[0.096, -0.592, 0.673, -1.177, -1.177, 0.003] 76.054
[0.096, -0.592, 0.673, -1.229, -1.228, 0.003] 77.317
[0.096, -0.592, 0.673, -1.28, -1.279, 0.003] 60.77
[0.096, -0.592, 0.673, -1.331, -1.331, 0.003] 62.846
[0.096, -0.592, 0.673, -1.382, -1.382, 0.003] 61.788
[0.096, -0.592, 0.673, -1.433, -1.433, 0.003] 60.908
[0.096, -0.592, 0.673, -1.485, -1.468, 0.003] 93.401
[0.096, -0.592, 0.673, -1.536, -1.485, 0.003] 61.186
[0.096, -0.592, 0.673, -1.587, -1.492, 0.003] 62.237
[0.096, -0.592, 0.673, -1.638, -1.496, 0.003] 61.896
[0.096, -0.592, 0.673, -1.688, -1.498, 0.003] 63.32
[0.096, -0.592, 0.673, -1.715, -1.498, 0.003] 77.592
[0.096, -0.592, 0.673, -1.727, -1.499, 0.003] 61.562
[0.096, -0.592, 0.673, -1.733, -1.499, 0.003] 63.033
[0.045, -0.592, 0.622, -1.682, -1.448, 0.003] 64.46
[-0.006, -0.592, 0.571, -1.631, -1.397, 0.003] 78.706
[-0.058, -0.592, 0.519, -1.579, -1.345, 0.003] 77.337
[-0.109, -0.592, 0.468, -1.528, -1.294, 0.003] 61.679
[-0.16, -0.592, 0.417, -1.477, -1.243, 0.003] 62.257
[-0.211, -0.592, 0.366, -1.426, -1.192, 0.003] 63.435
[-0.262, -0.592, 0.315, -1.375, -1.141, 0.003] 77.427
[-0.314, -0.592, 0.263, -1.324, -1.089, 0.003] 62.283
[-0.365, -0.592, 0.212, -1.272, -1.038, 0.003] 62.12
[-0.416, -0.592, 0.161, -1.221, -0.987, 0.003] 77.348
[-0.467, -0.592, 0.11, -1.17, -0.936, 0.003] 61.89
[-0.518, -0.592, 0.059, -1.119, -0.885, 0.003] 63.441
[-0.57, -0.592, 0.008, -1.068, -0.833, 0.003] 59.774
[-0.621, -0.592, -0.038, -1.016, -0.789, 0.003] 63.835
[-0.672, -0.592, -0.06, -0.965, -0.768, 0.003] 77.145
[-0.723, -0.592, -0.07, -0.914, -0.758, 0.003] 78.374
[-0.774, -0.592, -0.075, -0.863, -0.754, 0.003] 62.723
[-0.826, -0.592, -0.077, -0.812, -0.752, 0.003] 61.638
[-0.877, -0.592, -0.078, -0.76, -0.751, 0.003] 61.18
[-0.928, -0.592, -0.079, -0.709, -0.75, 0.003] 76.075
[-0.979, -0.592, -0.079, -0.658, -0.75, 0.003] 63.881
[-1.03, -0.592, -0.079, -0.607, -0.75, 0.003] 60.832
[-1.082, -0.592, -0.079, -0.556, -0.75, 0.003] 62.443
[-1.133, -0.592, -0.079, -0.505, -0.75, 0.003] 78.688
[-1.184, -0.592, -0.079, -0.453, -0.75, 0.003] 61.407
[-1.221, -0.592, -0.079, -0.402, -0.75, 0.003] 62.702
[-1.238, -0.592, -0.079, -0.351, -0.75, 0.003] 63.825
[-1.246, -0.592, -0.079, -0.3, -0.75, 0.003] 77.842
[-1.25, -0.592, -0.079, -0.249, -0.75, 0.003] 77.902
[-1.252, -0.592, -0.079, -0.197, -0.75, 0.003] 62.4
[-1.252, -0.592, -0.079, -0.146, -0.75, 0.003] 61.947
[-1.253, -0.592, -0.079, -0.099, -0.75, 0.003] 62.123
[-1.253, -0.592, -0.079, -0.075, -0.75, 0.003] 77.758
[-1.253, -0.592, -0.079, -0.064, -0.75, 0.003] 62.135
[-1.202, -0.541, -0.028, -0.012, -0.801, 0.003] 62.004
[-1.151, -0.49, 0.022, 0.039, -0.852, 0.003] 63.179
[-1.099, -0.438, 0.05, 0.09, -0.904, 0.003] 78.969
[-1.048, -0.387, 0.063, 0.141, -0.955, 0.003] 62.063
[-0.997, -0.336, 0.069, 0.192, -1.006, 0.003] 62.258
[-0.946, -0.285, 0.072, 0.243, -1.057, 0.003] 61.544
[-0.895, -0.234, 0.073, 0.295, -1.108, 0.003] 78.192
[-0.843, -0.182, 0.073, 0.346, -1.16, 0.003] 94.786
[-0.792, -0.131, 0.074, 0.397, -1.211, 0.003] 61.922
[-0.741, -0.08, 0.074, 0.448, -1.262, 0.003] 76.443
[-0.69, -0.029, 0.074, 0.499, -1.313, 0.003] 62.284
[-0.639, 0.022, 0.074, 0.551, -1.364, 0.003] 61.41
[-0.587, 0.074, 0.074, 0.602, -1.406, 0.003] 61.045
[-0.536, 0.125, 0.074, 0.653, -1.425, 0.003] 62.982
[-0.485, 0.176, 0.074, 0.704, -1.433, 0.003] 61.395
[-0.434, 0.227, 0.074, 0.755, -1.438, 0.003] 79.798
[-0.383, 0.278, 0.074, 0.807, -1.439, 0.003] 60.74
[-0.331, 0.33, 0.074, 0.858, -1.44, 0.003] 62.425
[-0.28, 0.381, 0.074, 0.909, -1.441, 0.003] 63.764
[-0.229, 0.432, 0.074, 0.96, -1.441, 0.003] 76.191
[-0.178, 0.483, 0.074, 1.011, -1.441, 0.003] 77.613
[-0.127, 0.534, 0.074, 1.063, -1.441, 0.003] 62.2
[-0.075, 0.575, 0.074, 1.114, -1.441, 0.003] 63.04
[-0.024, 0.594, 0.074, 1.165, -1.441, 0.003] 60.987
[0.027, 0.603, 0.074, 1.216, -1.441, 0.003] 77.287
[0.078, 0.607, 0.074, 1.267, -1.441, 0.003] 62.586
[0.129, 0.608, 0.074, 1.319, -1.441, 0.003] 63.938
[0.181, 0.609, 0.074, 1.37, -1.441, 0.003] 61.183
[0.232, 0.61, 0.074, 1.421, -1.441, 0.003] 79.06
[0.283, 0.61, 0.074, 1.472, -1.441, 0.003] 60.177
[0.334, 0.61, 0.074, 1.523, -1.441, 0.003] 62.042
[0.385, 0.61, 0.074, 1.575, -1.441, 0.003] 75.913
[0.437, 0.61, 0.074, 1.626, -1.441, 0.003] 63.931
[0.488, 0.61, 0.074, 1.677, -1.441, 0.003] 61.67
[0.539, 0.61, 0.074, 1.724, -1.441, 0.003] 61.389
[0.59, 0.61, 0.074, 1.749, -1.441, 0.003] 77.062
[0.641, 0.61, 0.074, 1.76, -1.441, 0.003] 62.016
[0.693, 0.61, 0.074, 1.765, -1.441, 0.003] 62.837
[0.744, 0.61, 0.074, 1.768, -1.441, 0.003] 61.008
[0.795, 0.61, 0.074, 1.769, -1.441, 0.003] 62.012
[0.846, 0.61, 0.074, 1.77, -1.441, 0.003] 109.948
[0.897, 0.61, 0.074, 1.77, -1.441, 0.003] 78.08
[0.949, 0.61, 0.074, 1.77, -1.441, 0.003] 62.051
[1.0, 0.61, 0.074, 1.77, -1.441, 0.003] 76.671
[1.051, 0.61, 0.074, 1.77, -1.441, 0.003] 62.695
[1.102, 0.61, 0.074, 1.77, -1.441, 0.003] 61.488
[1.153, 0.61, 0.074, 1.77, -1.441, 0.003] 63.063
[1.205, 0.61, 0.074, 1.77, -1.441, 0.003] 60.825
[1.256, 0.61, 0.074, 1.77, -1.441, 0.003] 61.841
[1.307, 0.61, 0.074, 1.77, -1.441, 0.003] 63.125
[1.358, 0.61, 0.074, 1.77, -1.441, 0.003] 93.023
[1.409, 0.61, 0.074, 1.77, -1.441, 0.003] 61.813
[1.461, 0.61, 0.074, 1.77, -1.441, 0.003] 64.195
[1.512, 0.61, 0.074, 1.77, -1.441, 0.003] 62.848
[1.563, 0.61, 0.074, 1.77, -1.441, 0.003] 62.545
[1.614, 0.61, 0.074, 1.77, -1.441, 0.003] 91.805
[1.665, 0.61, 0.074, 1.77, -1.441, 0.003] 61.822
[1.717, 0.61, 0.074, 1.77, -1.441, 0.003] 61.798
[1.768, 0.61, 0.074, 1.77, -1.441, 0.003] 61.519
[1.819, 0.61, 0.074, 1.77, -1.441, 0.003] 62.841
[1.87, 0.61, 0.074, 1.77, -1.441, 0.003] 77.662
[1.921, 0.61, 0.074, 1.77, -1.441, 0.003] 61.434
[1.972, 0.61, 0.074, 1.77, -1.441, 0.003] 62.224
[2.024, 0.61, 0.074, 1.77, -1.441, 0.003] 61.73
[2.075, 0.61, 0.074, 1.77, -1.441, 0.003] 77.788
[2.126, 0.61, 0.074, 1.77, -1.441, 0.003] 61.882
[2.177, 0.61, 0.074, 1.77, -1.441, 0.003] 62.217
[2.228, 0.61, 0.074, 1.77, -1.441, 0.003] 64.673
[2.28, 0.61, 0.074, 1.77, -1.441, 0.003] 78.196
[2.331, 0.61, 0.074, 1.77, -1.441, 0.003] 62.213
[2.382, 0.61, 0.074, 1.77, -1.441, 0.003] 62.955
[2.433, 0.61, 0.074, 1.77, -1.441, 0.003] 61.274
[2.466, 0.61, 0.074, 1.77, -1.441, 0.003] 78.355
[2.482, 0.61, 0.074, 1.77, -1.441, 0.003] 60.65
[2.489, 0.61, 0.074, 1.77, -1.441, 0.003] 64.252
[2.438, 0.559, 0.023, 1.719, -1.39, 0.003] 64.139
[2.387, 0.527, -0.028, 1.668, -1.339, 0.003] 77.436
[2.335, 0.513, -0.08, 1.616, -1.287, 0.003] 60.106
[2.284, 0.506, -0.131, 1.565, -1.236, 0.003] 62.049
[2.233, 0.503, -0.182, 1.514, -1.185, 0.003] 77.673
[2.182, 0.501, -0.233, 1.463, -1.134, 0.003] 62.561
[2.131, 0.501, -0.284, 1.412, -1.083, 0.003] 62.083
[2.079, 0.5, -0.336, 1.361, -1.032, 0.003] 62.27
[2.028, 0.5, -0.387, 1.309, -0.98, 0.003] 62.859
[1.977, 0.5, -0.438, 1.258, -0.929, 0.003] 77.44
[1.926, 0.5, -0.489, 1.207, -0.878, 0.003] 62.208
[1.875, 0.5, -0.54, 1.156, -0.827, 0.003] 61.367
[1.823, 0.5, -0.592, 1.105, -0.776, 0.003] 63.24
[1.772, 0.5, -0.643, 1.053, -0.725, 0.003] 77.892
[1.721, 0.5, -0.694, 1.002, -0.673, 0.003] 63.796
[1.67, 0.5, -0.745, 0.951, -0.622, 0.003] 60.677
[1.619, 0.5, -0.796, 0.9, -0.571, 0.003] 62.419
[1.567, 0.5, -0.848, 0.849, -0.52, 0.003] 95.051
[1.516, 0.5, -0.899, 0.797, -0.469, 0.003] 60.984
[1.465, 0.5, -0.95, 0.746, -0.417, 0.003] 61.909
[1.414, 0.5, -1.001, 0.695, -0.366, 0.003] 63.985
[1.363, 0.5, -1.052, 0.644, -0.315, 0.003] 61.083
[1.311, 0.5, -1.104, 0.593, -0.264, 0.003] 93.974
[1.26, 0.5, -1.155, 0.542, -0.213, 0.003] 62.706
[1.209, 0.5, -1.203, 0.49, -0.162, 0.003] 62.088
[1.158, 0.5, -1.228, 0.439, -0.11, 0.003] 61.594
[1.107, 0.5, -1.24, 0.388, -0.059, 0.003] 62.631
[1.055, 0.5, -1.245, 0.337, -0.029, 0.003] 94.08
[1.004, 0.5, -1.248, 0.286, -0.015, 0.003] 62.865
[0.953, 0.5, -1.249, 0.235, -0.009, 0.003] 62.114
[0.902, 0.5, -1.25, 0.183, -0.006, 0.003] 76.723
[0.851, 0.5, -1.25, 0.132, -0.004, 0.003] 62.465
[0.799, 0.5, -1.25, 0.081, -0.003, 0.003] 62.663
[0.748, 0.5, -1.25, 0.038, -0.003, 0.003] 62.247
[0.697, 0.5, -1.25, 0.017, -0.003, 0.003] 61.791
[0.646, 0.5, -1.25, 0.008, -0.003, 0.003] 78.111
[0.595, 0.5, -1.25, 0.004, -0.003, 0.003] 62.088
[0.543, 0.5, -1.25, 0.002, -0.003, 0.003] 61.096
[0.492, 0.5, -1.25, 0.001, -0.003, 0.003] 63.669
[0.441, 0.5, -1.25, 0.0, -0.003, 0.003] 61.013
[0.39, 0.5, -1.25, 0.0, -0.003, 0.003] 78.077
[0.339, 0.5, -1.25, 0.0, -0.003, 0.003] 63.158
[0.287, 0.5, -1.25, 0.0, -0.003, 0.003] 61.437
[0.236, 0.5, -1.25, 0.0, -0.003, 0.003] 61.888
[0.185, 0.5, -1.25, 0.0, -0.003, 0.003] 79.77
[0.134, 0.5, -1.25, 0.0, -0.003, 0.003] 59.868
[0.083, 0.5, -1.25, 0.0, -0.003, 0.003] 62.362
[0.039, 0.5, -1.25, -0.0, -0.003, 0.003] 62.564
[0.018, 0.5, -1.25, -0.0, -0.003, 0.003] 93.105
[0.008, 0.5, -1.25, 0.0, -0.003, 0.003] 62.053
[0.004, 0.449, -1.199, -0.0, -0.001, 0.001] 62.915
[0.002, 0.398, -1.148, -0.0, -0.001, 0.001] 63.214
[0.001, 0.346, -1.096, -0.0, -0.0, 0.0] 61.06
[0.0, 0.295, -1.045, -0.0, -0.0, 0.0] 92.466
[0.0, 0.244, -0.994, -0.0, -0.0, 0.0] 61.301
[0.0, 0.193, -0.943, -0.0, -0.0, 0.0] 61.987
[0.0, 0.142, -0.892, -0.0, -0.0, 0.0] 61.556
[0.0, 0.09, -0.841, -0.0, -0.0, 0.0] 63.006
[0.0, 0.044, -0.789, 0.0, -0.0, 0.0] 77.481
[0.0, 0.02, -0.738, 0.0, -0.0, -0.0] 62.942
[0.0, 0.009, -0.687, 0.0, -0.0, -0.0] 61.95
[0.0, 0.004, -0.636, 0.0, -0.0, 0.0] 78.062
[0.0, 0.002, -0.585, 0.0, -0.0, -0.0] 62.134
[0.0, 0.001, -0.533, 0.0, -0.0, 0.0] 63.32
[0.0, 0.0, -0.482, 0.0, -0.0, 0.0] 62.6
[0.0, 0.0, -0.431, 0.0, -0.0, 0.0] 61.538
[0.0, 0.0, -0.38, -0.0, -0.0, 0.0] 93.478
[0.0, 0.0, -0.329, -0.0, -0.0, 0.0] 62.708
[0.0, 0.0, -0.277, -0.0, 0.0, -0.0] 64.032
[0.0, 0.0, -0.226, -0.0, 0.0, 0.0] 62.084
[0.0, 0.0, -0.175, -0.0, 0.0, 0.0] 76.926
[0.0, 0.0, -0.124, -0.0, -0.0, 0.0] 61.427
[0.0, 0.0, -0.073, -0.0, 0.0, 0.0] 61.726
[0.0, -0.0, -0.034, -0.0, 0.0, 0.0] 61.48
[0.0, -0.0, -0.016, 0.0, 0.0, 0.0] 78.781
[0.0, -0.0, -0.007, 0.0, 0.0, 0.0] 62.708
[0.0, -0.0, -0.003, 0.0, -0.0, 0.0] 62.461
[0.048, -0.051, 0.048, -0.051, -0.051, 0.002] 62.667
[0.074, -0.102, 0.099, -0.102, -0.102, 0.002] 75.527
[0.086, -0.154, 0.15, -0.154, -0.153, 0.003] 62.31
[0.091, -0.205, 0.201, -0.205, -0.205, 0.003] 77.899
[0.094, -0.256, 0.253, -0.256, -0.256, 0.003] 62.213
[0.095, -0.307, 0.304, -0.307, -0.307, 0.003] 63.039
[0.096, -0.358, 0.355, -0.358, -0.358, 0.003] 77.275
[0.096, -0.41, 0.406, -0.41, -0.409, 0.003] 61.773
[0.096, -0.461, 0.457, -0.461, -0.46, 0.003] 63.618
[0.096, -0.512, 0.508, -0.512, -0.511, 0.003] 63.314
[0.096, -0.555, 0.56, -0.563, -0.563, 0.003] 62.975
[0.096, -0.575, 0.611, -0.614, -0.614, 0.003] 61.883
[0.096, -0.584, 0.644, -0.665, -0.665, 0.003] 93.116
[0.096, -0.588, 0.66, -0.717, -0.716, 0.003] 62.246
[0.096, -0.59, 0.667, -0.768, -0.767, 0.003] 61.699
[0.096, -0.591, 0.67, -0.819, -0.819, 0.003] 62.224
[0.096, -0.592, 0.672, -0.87, -0.87, 0.003] 62.215
[0.096, -0.592, 0.672, -0.921, -0.921, 0.003] 92.821
[0.096, -0.592, 0.673, -0.973, -0.972, 0.003] 62.281
[0.096, -0.592, 0.673, -1.024, -1.023, 0.003] 63.527
[0.096, -0.592, 0.673, -1.075, -1.075, 0.003] 62.002
[0.096, -0.592, 0.673, -1.126, -1.126, 0.003] 61.071
[0.096, -0.592, 0.673, -1.177, -1.177, 0.003] 78.329
[0.096, -0.592, 0.673, -1.229, -1.228, 0.003] 76.638
[0.096, -0.592, 0.673, -1.28, -1.279, 0.003] 62.885
[0.096, -0.592, 0.673, -1.331, -1.331, 0.003] 62.331
[0.096, -0.592, 0.673, -1.382, -1.382, 0.003] 63.495
[0.096, -0.592, 0.673, -1.433, -1.433, 0.003] 61.544
[0.096, -0.592, 0.673, -1.485, -1.468, 0.003] 77.111
[0.096, -0.592, 0.673, -1.536, -1.485, 0.003] 62.62
[0.096, -0.592, 0.673, -1.587, -1.492, 0.003] 61.353
[0.096, -0.592, 0.673, -1.638, -1.496, 0.003] 62.681
[0.096, -0.592, 0.673, -1.688, -1.498, 0.003] 77.764
[0.096, -0.592, 0.673, -1.715, -1.498, 0.003] 63.433
[0.096, -0.592, 0.673, -1.727, -1.499, 0.003] 62.809
[0.096, -0.592, 0.673, -1.733, -1.499, 0.003] 61.587
[0.045, -0.592, 0.622, -1.682, -1.448, 0.003] 77.593
[-0.006, -0.592, 0.571, -1.631, -1.397, 0.003] 61.979
[-0.058, -0.592, 0.519, -1.579, -1.345, 0.003] 61.007
[-0.109, -0.592, 0.468, -1.528, -1.294, 0.003] 62.705
[-0.16, -0.592, 0.417, -1.477, -1.243, 0.003] 78.06
[-0.211, -0.592, 0.366, -1.426, -1.192, 0.003] 94.369
[-0.262, -0.592, 0.315, -1.375, -1.141, 0.003] 61.85
[-0.314, -0.592, 0.263, -1.324, -1.089, 0.003] 62.993
[-0.365, -0.592, 0.212, -1.272, -1.038, 0.003] 61.293
[-0.416, -0.592, 0.161, -1.221, -0.987, 0.003] 62.771
[-0.467, -0.592, 0.11, -1.17, -0.936, 0.003] 76.888
[-0.518, -0.592, 0.059, -1.119, -0.885, 0.003] 78.236
[-0.57, -0.592, 0.008, -1.068, -0.833, 0.003] 62.873
[-0.621, -0.592, -0.038, -1.016, -0.789, 0.003] 61.787
[-0.672, -0.592, -0.06, -0.965, -0.768, 0.003] 61.112
[-0.723, -0.592, -0.07, -0.914, -0.758, 0.003] 91.953
[-0.774, -0.592, -0.075, -0.863, -0.754, 0.003] 63.005
[-0.826, -0.592, -0.077, -0.812, -0.752, 0.003] 63.734
[-0.877, -0.592, -0.078, -0.76, -0.751, 0.003] 62.018
[-0.928, -0.592, -0.079, -0.709, -0.75, 0.003] 61.362
[-0.979, -0.592, -0.079, -0.658, -0.75, 0.003] 77.189
[-1.03, -0.592, -0.079, -0.607, -0.75, 0.003] 61.52
[-1.082, -0.592, -0.079, -0.556, -0.75, 0.003] 63.123
[-1.133, -0.592, -0.079, -0.505, -0.75, 0.003] 63.861
[-1.184, -0.592, -0.079, -0.453, -0.75, 0.003] 77.394
[-1.221, -0.592, -0.079, -0.402, -0.75, 0.003] 92.102
[-1.238, -0.592, -0.079, -0.351, -0.75, 0.003] 61.717
[-1.246, -0.592, -0.079, -0.3, -0.75, 0.003] 63.714
[-1.25, -0.592, -0.079, -0.249, -0.75, 0.003] 61.489
[-1.252, -0.592, -0.079, -0.197, -0.75, 0.003] 62.653
[-1.252, -0.592, -0.079, -0.146, -0.75, 0.003] 93.223
[-1.253, -0.592, -0.079, -0.099, -0.75, 0.003] 61.818
[-1.253, -0.592, -0.079, -0.075, -0.75, 0.003] 62.51
[-1.253, -0.592, -0.079, -0.064, -0.75, 0.003] 61.61
[-1.202, -0.541, -0.028, -0.012, -0.801, 0.003] 64.021
[-1.151, -0.49, 0.022, 0.039, -0.852, 0.003] 78.913
[-1.099, -0.438, 0.05, 0.09, -0.904, 0.003] 77.076
[-1.048, -0.387, 0.063, 0.141, -0.955, 0.003] 61.643
[-0.997, -0.336, 0.069, 0.192, -1.006, 0.003] 62.543
[-0.946, -0.285, 0.072, 0.243, -1.057, 0.003] 61.042
[-0.895, -0.234, 0.073, 0.295, -1.108, 0.003] 78.714
[-0.843, -0.182, 0.073, 0.346, -1.16, 0.003] 63.746
[-0.792, -0.131, 0.074, 0.397, -1.211, 0.003] 62.285
[-0.741, -0.08, 0.074, 0.448, -1.262, 0.003] 62.155
[-0.69, -0.029, 0.074, 0.499, -1.313, 0.003] 79.066
[-0.639, 0.022, 0.074, 0.551, -1.364, 0.003] 60.943
[-0.587, 0.074, 0.074, 0.602, -1.406, 0.003] 62.609
[-0.536, 0.125, 0.074, 0.653, -1.425, 0.003] 61.661
[-0.485, 0.176, 0.074, 0.704, -1.433, 0.003] 78.762
[-0.434, 0.227, 0.074, 0.755, -1.438, 0.003] 92.731
[-0.383, 0.278, 0.074, 0.807, -1.439, 0.003] 61.391
[-0.331, 0.33, 0.074, 0.858, -1.44, 0.003] 62.676
[-0.28, 0.381, 0.074, 0.909, -1.441, 0.003] 61.882
[-0.229, 0.432, 0.074, 0.96, -1.441, 0.003] 61.5
[-0.178, 0.483, 0.074, 1.011, -1.441, 0.003] 78.022
[-0.127, 0.534, 0.074, 1.063, -1.441, 0.003] 61.635
[-0.075, 0.575, 0.074, 1.114, -1.441, 0.003] 63.205
[-0.024, 0.594, 0.074, 1.165, -1.441, 0.003] 61.918
[0.027, 0.603, 0.074, 1.216, -1.441, 0.003] 92.742
[0.078, 0.607, 0.074, 1.267, -1.441, 0.003] 63.402
[0.129, 0.608, 0.074, 1.319, -1.441, 0.003] 60.995
[0.181, 0.609, 0.074, 1.37, -1.441, 0.003] 62.513
[0.232, 0.61, 0.074, 1.421, -1.441, 0.003] 77.324
[0.283, 0.61, 0.074, 1.472, -1.441, 0.003] 61.157
[0.334, 0.61, 0.074, 1.523, -1.441, 0.003] 62.837
[0.385, 0.61, 0.074, 1.575, -1.441, 0.003] 62.161
[0.437, 0.61, 0.074, 1.626, -1.441, 0.003] 63.488
[0.488, 0.61, 0.074, 1.677, -1.441, 0.003] 78.011
[0.539, 0.61, 0.074, 1.724, -1.441, 0.003] 61.359
[0.59, 0.61, 0.074, 1.749, -1.441, 0.003] 63.036
[0.641, 0.61, 0.074, 1.76, -1.441, 0.003] 61.628
[0.693, 0.61, 0.074, 1.765, -1.441, 0.003] 92.031
[0.744, 0.61, 0.074, 1.768, -1.441, 0.003] 63.88
[0.795, 0.61, 0.074, 1.769, -1.441, 0.003] 61.332
[0.846, 0.61, 0.074, 1.77, -1.441, 0.003] 65.539
[0.897, 0.61, 0.074, 1.77, -1.441, 0.003] 60.657
[0.949, 0.61, 0.074, 1.77, -1.441, 0.003] 78.45
[1.0, 0.61, 0.074, 1.77, -1.441, 0.003] 61.789
[1.051, 0.61, 0.074, 1.77, -1.441, 0.003] 61.932
[1.102, 0.61, 0.074, 1.77, -1.441, 0.003] 64.005
[1.153, 0.61, 0.074, 1.77, -1.441, 0.003] 78.477
[1.205, 0.61, 0.074, 1.77, -1.441, 0.003] 63.213
[1.256, 0.61, 0.074, 1.77, -1.441, 0.003] 65.558
[1.307, 0.61, 0.074, 1.77, -1.441, 0.003] 60.255
[1.358, 0.61, 0.074, 1.77, -1.441, 0.003] 94.997
[1.409, 0.61, 0.074, 1.77, -1.441, 0.003] 62.591
[1.461, 0.61, 0.074, 1.77, -1.441, 0.003] 62.201
[1.512, 0.61, 0.074, 1.77, -1.441, 0.003] 62.279
[1.563, 0.61, 0.074, 1.77, -1.441, 0.003] 62.88
[1.614, 0.61, 0.074, 1.77, -1.441, 0.003] 80.053
[1.665, 0.61, 0.074, 1.77, -1.441, 0.003] 62.427
[1.717, 0.61, 0.074, 1.77, -1.441, 0.003] 61.067
[1.768, 0.61, 0.074, 1.77, -1.441, 0.003] 62.983
[1.819, 0.61, 0.074, 1.77, -1.441, 0.003] 79.639
[1.87, 0.61, 0.074, 1.77, -1.441, 0.003] 76.977
[1.921, 0.61, 0.074, 1.77, -1.441, 0.003] 63.801
[1.972, 0.61, 0.074, 1.77, -1.441, 0.003] 62.118
[2.024, 0.61, 0.074, 1.77, -1.441, 0.003] 62.24
[2.075, 0.61, 0.074, 1.77, -1.441, 0.003] 79.964
[2.126, 0.61, 0.074, 1.77, -1.441, 0.003] 60.776
[2.177, 0.61, 0.074, 1.77, -1.441, 0.003] 62.372
[2.228, 0.61, 0.074, 1.77, -1.441, 0.003] 60.959
[2.28, 0.61, 0.074, 1.77, -1.441, 0.003] 78.473
[2.331, 0.61, 0.074, 1.77, -1.441, 0.003] 62.177
[2.382, 0.61, 0.074, 1.77, -1.441, 0.003] 60.813
[2.433, 0.61, 0.074, 1.77, -1.441, 0.003] 61.615
[2.466, 0.61, 0.074, 1.77, -1.441, 0.003] 76.981
[2.482, 0.61, 0.074, 1.77, -1.441, 0.003] 61.512
[2.489, 0.61, 0.074, 1.77, -1.441, 0.003] 63.082
[2.438, 0.559, 0.023, 1.719, -1.39, 0.003] 76.012
[2.387, 0.527, -0.028, 1.668, -1.339, 0.003] 62.829
[2.335, 0.513, -0.08, 1.616, -1.287, 0.003] 64.062
[2.284, 0.506, -0.131, 1.565, -1.236, 0.003] 62.219
[2.233, 0.503, -0.182, 1.514, -1.185, 0.003] 62.127
[2.182, 0.501, -0.233, 1.463, -1.134, 0.003] 78.435
[2.131, 0.501, -0.284, 1.412, -1.083, 0.003] 62.756
[2.079, 0.5, -0.336, 1.361, -1.032, 0.003] 63.611
[2.028, 0.5, -0.387, 1.309, -0.98, 0.003] 63.085
[1.977, 0.5, -0.438, 1.258, -0.929, 0.003] 77.116
[1.926, 0.5, -0.489, 1.207, -0.878, 0.003] 62.032
[1.875, 0.5, -0.54, 1.156, -0.827, 0.003] 62.869
[1.823, 0.5, -0.592, 1.105, -0.776, 0.003] 61.573
[1.772, 0.5, -0.643, 1.053, -0.725, 0.003] 77.923
[1.721, 0.5, -0.694, 1.002, -0.673, 0.003] 61.157
[1.67, 0.5, -0.745, 0.951, -0.622, 0.003] 77.297
[1.619, 0.5, -0.796, 0.9, -0.571, 0.003] 77.3
[1.567, 0.5, -0.848, 0.849, -0.52, 0.003] 63.909
[1.516, 0.5, -0.899, 0.797, -0.469, 0.003] 90.865
[1.465, 0.5, -0.95, 0.746, -0.417, 0.003] 40.211
[1.414, 0.5, -1.001, 0.695, -0.366, 0.003] 39.314
[1.363, 0.5, -1.052, 0.644, -0.315, 0.003] 60.285
[1.311, 0.5, -1.104, 0.593, -0.264, 0.003] 61.421
[1.26, 0.5, -1.155, 0.542, -0.213, 0.003] 62.72
[1.209, 0.5, -1.203, 0.49, -0.162, 0.003] 62.965
[1.158, 0.5, -1.228, 0.439, -0.11, 0.003] 62.796
[1.107, 0.5, -1.24, 0.388, -0.059, 0.003] 61.605
[1.055, 0.5, -1.245, 0.337, -0.029, 0.003] 62.578
[1.004, 0.5, -1.248, 0.286, -0.015, 0.003] 77.959
[0.953, 0.5, -1.249, 0.235, -0.009, 0.003] 62.057
[0.902, 0.5, -1.25, 0.183, -0.006, 0.003] 61.979
[0.851, 0.5, -1.25, 0.132, -0.004, 0.003] 62.931
[0.799, 0.5, -1.25, 0.081, -0.003, 0.003] 92.11
[0.748, 0.5, -1.25, 0.038, -0.003, 0.003] 63.163
[0.697, 0.5, -1.25, 0.017, -0.003, 0.003] 62.131
[0.646, 0.5, -1.25, 0.008, -0.003, 0.003] 61.91
[0.595, 0.5, -1.25, 0.004, -0.003, 0.003] 65.098
[0.543, 0.5, -1.25, 0.002, -0.003, 0.003] 76.843
[0.492, 0.5, -1.25, 0.001, -0.003, 0.003] 63.859
[0.441, 0.5, -1.25, 0.0, -0.003, 0.003] 63.919
[0.39, 0.5, -1.25, 0.0, -0.003, 0.003] 61.75
[0.339, 0.5, -1.25, 0.0, -0.003, 0.003] 92.22
[0.287, 0.5, -1.25, 0.0, -0.003, 0.003] 62.209
[0.236, 0.5, -1.25, 0.0, -0.003, 0.003] 63.081
[0.185, 0.5, -1.25, 0.0, -0.003, 0.003] 62.798
[0.134, 0.5, -1.25, 0.0, -0.003, 0.003] 61.234
[0.083, 0.5, -1.25, 0.0, -0.003, 0.003] 92.586
[0.039, 0.5, -1.25, -0.0, -0.003, 0.003] 63.256
[0.018, 0.5, -1.25, -0.0, -0.003, 0.003] 60.958
[0.008, 0.5, -1.25, 0.0, -0.003, 0.003] 62.773
[0.004, 0.449, -1.199, -0.0, -0.001, 0.001] 61.281
[0.002, 0.398, -1.148, -0.0, -0.001, 0.001] 77.264
[0.001, 0.346, -1.096, -0.0, -0.0, 0.0] 77.006
[0.0, 0.295, -1.045, -0.0, -0.0, 0.0] 63.614
[0.0, 0.244, -0.994, -0.0, -0.0, 0.0] 62.117
[0.0, 0.193, -0.943, -0.0, -0.0, 0.0] 76.523
[0.0, 0.142, -0.892, -0.0, -0.0, 0.0] 62.307
[0.0, 0.09, -0.841, -0.0, -0.0, 0.0] 62.114
[0.0, 0.044, -0.789, 0.0, -0.0, 0.0] 61.769
[0.0, 0.02, -0.738, 0.0, -0.0, -0.0] 60.835
[0.0, 0.009, -0.687, 0.0, -0.0, -0.0] 78.822
[0.0, 0.004, -0.636, 0.0, -0.0, 0.0] 60.918
[0.0, 0.002, -0.585, 0.0, -0.0, -0.0] 61.788
[0.0, 0.001, -0.533, 0.0, -0.0, 0.0] 63.623
[0.0, 0.0, -0.482, 0.0, -0.0, 0.0] 91.577
[0.0, 0.0, -0.431, 0.0, -0.0, 0.0] 77.451
[0.0, 0.0, -0.38, -0.0, -0.0, 0.0] 62.199
[0.0, 0.0, -0.329, -0.0, -0.0, 0.0] 61.92
[0.0, 0.0, -0.277, -0.0, 0.0, -0.0] 62.221
[0.0, 0.0, -0.226, -0.0, 0.0, 0.0] 77.835
[0.0, 0.0, -0.175, -0.0, 0.0, 0.0] 61.446
[0.0, 0.0, -0.124, -0.0, -0.0, 0.0] 61.633
[0.0, 0.0, -0.073, -0.0, 0.0, 0.0] 62.77
[0.0, -0.0, -0.034, -0.0, 0.0, 0.0] 77.042
[0.0, -0.0, -0.016, 0.0, 0.0, 0.0] 61.233
[0.0, -0.0, -0.007, 0.0, 0.0, 0.0] 61.057
[0.0, -0.0, -0.003, 0.0, -0.0, 0.0] 62.625
[0.048, -0.051, 0.048, -0.051, -0.051, 0.002] 77.299
[0.074, -0.102, 0.099, -0.102, -0.102, 0.002] 77.425
[0.086, -0.154, 0.15, -0.154, -0.153, 0.003] 61.999
[0.091, -0.205, 0.201, -0.205, -0.205, 0.003] 62.558
[0.094, -0.256, 0.253, -0.256, -0.256, 0.003] 78.128
[0.095, -0.307, 0.304, -0.307, -0.307, 0.003] 61.625
[0.096, -0.358, 0.355, -0.358, -0.358, 0.003] 61.59
[0.096, -0.41, 0.406, -0.41, -0.409, 0.003] 62.092
[0.096, -0.461, 0.457, -0.461, -0.46, 0.003] 62.642
[0.096, -0.512, 0.508, -0.512, -0.511, 0.003] 77.854
[0.096, -0.555, 0.56, -0.563, -0.563, 0.003] 61.466
[0.096, -0.575, 0.611, -0.614, -0.614, 0.003] 62.034
[0.096, -0.584, 0.644, -0.665, -0.665, 0.003] 63.015
[0.096, -0.588, 0.66, -0.717, -0.716, 0.003] 77.262
[0.096, -0.59, 0.667, -0.768, -0.767, 0.003] 76.217
[0.096, -0.591, 0.67, -0.819, -0.819, 0.003] 62.88
[0.096, -0.592, 0.672, -0.87, -0.87, 0.003] 61.928
[0.096, -0.592, 0.672, -0.921, -0.921, 0.003] 62.404
[0.096, -0.592, 0.673, -0.973, -0.972, 0.003] 79.426
[0.096, -0.592, 0.673, -1.024, -1.023, 0.003] 61.568
[0.096, -0.592, 0.673, -1.075, -1.075, 0.003] 62.359
[0.096, -0.592, 0.673, -1.126, -1.126, 0.003] 91.67
[0.096, -0.592, 0.673, -1.177, -1.177, 0.003] 62.328
[0.096, -0.592, 0.673, -1.229, -1.228, 0.003] 62.662
[0.096, -0.592, 0.673, -1.28, -1.279, 0.003] 63.524
[0.096, -0.592, 0.673, -1.331, -1.331, 0.003] 61.545
[0.096, -0.592, 0.673, -1.382, -1.382, 0.003] 77.242
[0.096, -0.592, 0.673, -1.433, -1.433, 0.003] 60.499
[0.096, -0.592, 0.673, -1.485, -1.468, 0.003] 63.338
[0.096, -0.592, 0.673, -1.536, -1.485, 0.003] 62.673
[0.096, -0.592, 0.673, -1.587, -1.492, 0.003] 63.079
[0.096, -0.592, 0.673, -1.638, -1.496, 0.003] 93.277
[0.096, -0.592, 0.673, -1.688, -1.498, 0.003] 62.044
[0.096, -0.592, 0.673, -1.715, -1.498, 0.003] 62.661
[0.096, -0.592, 0.673, -1.727, -1.499, 0.003] 63.171
[0.096, -0.592, 0.673, -1.733, -1.499, 0.003] 63.793
[0.045, -0.592, 0.622, -1.682, -1.448, 0.003] 78.123
[-0.006, -0.592, 0.571, -1.631, -1.397, 0.003] 62.921
[-0.058, -0.592, 0.519, -1.579, -1.345, 0.003] 62.496
[-0.109, -0.592, 0.468, -1.528, -1.294, 0.003] 76.454
[-0.16, -0.592, 0.417, -1.477, -1.243, 0.003] 60.626
[-0.211, -0.592, 0.366, -1.426, -1.192, 0.003] 61.5
[-0.262, -0.592, 0.315, -1.375, -1.141, 0.003] 62.102
[-0.314, -0.592, 0.263, -1.324, -1.089, 0.003] 60.542
[-0.365, -0.592, 0.212, -1.272, -1.038, 0.003] 93.161
[-0.416, -0.592, 0.161, -1.221, -0.987, 0.003] 63.798
[-0.467, -0.592, 0.11, -1.17, -0.936, 0.003] 60.509
[-0.518, -0.592, 0.059, -1.119, -0.885, 0.003] 62.312
[-0.57, -0.592, 0.008, -1.068, -0.833, 0.003] 61.729
[-0.621, -0.592, -0.038, -1.016, -0.789, 0.003] 77.705
[-0.672, -0.592, -0.06, -0.965, -0.768, 0.003] 79.142
[-0.723, -0.592, -0.07, -0.914, -0.758, 0.003] 62.067
[-0.774, -0.592, -0.075, -0.863, -0.754, 0.003] 61.21
[-0.826, -0.592, -0.077, -0.812, -0.752, 0.003] 63.391
[-0.877, -0.592, -0.078, -0.76, -0.751, 0.003] 77.145
[-0.928, -0.592, -0.079, -0.709, -0.75, 0.003] 62.1
[-0.979, -0.592, -0.079, -0.658, -0.75, 0.003] 61.267
[-1.03, -0.592, -0.079, -0.607, -0.75, 0.003] 61.856
[-1.082, -0.592, -0.079, -0.556, -0.75, 0.003] 78.093
[-1.133, -0.592, -0.079, -0.505, -0.75, 0.003] 61.974
[-1.184, -0.592, -0.079, -0.453, -0.75, 0.003] 63.06
[-1.221, -0.592, -0.079, -0.402, -0.75, 0.003] 61.863
[-1.238, -0.592, -0.079, -0.351, -0.75, 0.003] 78.388
[-1.246, -0.592, -0.079, -0.3, -0.75, 0.003] 76.412
[-1.25, -0.592, -0.079, -0.249, -0.75, 0.003] 94.802
[-1.252, -0.592, -0.079, -0.197, -0.75, 0.003] 61.842
[-1.252, -0.592, -0.079, -0.146, -0.75, 0.003] 62.15
[-1.253, -0.592, -0.079, -0.099, -0.75, 0.003] 76.529
[-1.253, -0.592, -0.079, -0.075, -0.75, 0.003] 62.284
[-1.253, -0.592, -0.079, -0.064, -0.75, 0.003] 61.313
[-1.202, -0.541, -0.028, -0.012, -0.801, 0.003] 62.456
[-1.151, -0.49, 0.022, 0.039, -0.852, 0.003] 61.67
[-1.099, -0.438, 0.05, 0.09, -0.904, 0.003] 61.443
[-1.048, -0.387, 0.063, 0.141, -0.955, 0.003] 76.605
[-0.997, -0.336, 0.069, 0.192, -1.006, 0.003] 62.592
[-0.946, -0.285, 0.072, 0.243, -1.057, 0.003] 61.697
[-0.895, -0.234, 0.073, 0.295, -1.108, 0.003] 62.793
[-0.843, -0.182, 0.073, 0.346, -1.16, 0.003] 76.387
[-0.792, -0.131, 0.074, 0.397, -1.211, 0.003] 62.764
[-0.741, -0.08, 0.074, 0.448, -1.262, 0.003] 61.824
[-0.69, -0.029, 0.074, 0.499, -1.313, 0.003] 64.232
[-0.639, 0.022, 0.074, 0.551, -1.364, 0.003] 62.654
[-0.587, 0.074, 0.074, 0.602, -1.406, 0.003] 94.047
[-0.536, 0.125, 0.074, 0.653, -1.425, 0.003] 62.892
[-0.485, 0.176, 0.074, 0.704, -1.433, 0.003] 60.244
[-0.434, 0.227, 0.074, 0.755, -1.438, 0.003] 62.875
[-0.383, 0.278, 0.074, 0.807, -1.439, 0.003] 78.812
[-0.331, 0.33, 0.074, 0.858, -1.44, 0.003] 60.477
[-0.28, 0.381, 0.074, 0.909, -1.441, 0.003] 62.523
[-0.229, 0.432, 0.074, 0.96, -1.441, 0.003] 62.198
[-0.178, 0.483, 0.074, 1.011, -1.441, 0.003] 64.023
[-0.127, 0.534, 0.074, 1.063, -1.441, 0.003] 77.052
[-0.075, 0.575, 0.074, 1.114, -1.441, 0.003] 79.791
[-0.024, 0.594, 0.074, 1.165, -1.441, 0.003] 61.923
[0.027, 0.603, 0.074, 1.216, -1.441, 0.003] 62.444
[0.078, 0.607, 0.074, 1.267, -1.441, 0.003] 62.359
[0.129, 0.608, 0.074, 1.319, -1.441, 0.003] 77.935
[0.181, 0.609, 0.074, 1.37, -1.441, 0.003] 64.207
[0.232, 0.61, 0.074, 1.421, -1.441, 0.003] 61.103
[0.283, 0.61, 0.074, 1.472, -1.441, 0.003] 76.427
[0.334, 0.61, 0.074, 1.523, -1.441, 0.003] 61.818
[0.385, 0.61, 0.074, 1.575, -1.441, 0.003] 62.374
[0.437, 0.61, 0.074, 1.626, -1.441, 0.003] 62.586
[0.488, 0.61, 0.074, 1.677, -1.441, 0.003] 62.268
[0.539, 0.61, 0.074, 1.724, -1.441, 0.003] 78.57
[0.59, 0.61, 0.074, 1.749, -1.441, 0.003] 79.382
[0.641, 0.61, 0.074, 1.76, -1.441, 0.003] 62.888
[0.693, 0.61, 0.074, 1.765, -1.441, 0.003] 60.916
[0.744, 0.61, 0.074, 1.768, -1.441, 0.003] 61.829
[0.795, 0.61, 0.074, 1.769, -1.441, 0.003] 79.208
[0.846, 0.61, 0.074, 1.77, -1.441, 0.003] 62.494
[0.897, 0.61, 0.074, 1.77, -1.441, 0.003] 61.568
[0.949, 0.61, 0.074, 1.77, -1.441, 0.003] 78.702
[1.0, 0.61, 0.074, 1.77, -1.441, 0.003] 61.582
[1.051, 0.61, 0.074, 1.77, -1.441, 0.003] 61.969
[1.102, 0.61, 0.074, 1.77, -1.441, 0.003] 62.814
[1.153, 0.61, 0.074, 1.77, -1.441, 0.003] 61.856
[1.205, 0.61, 0.074, 1.77, -1.441, 0.003] 91.772
[1.256, 0.61, 0.074, 1.77, -1.441, 0.003] 63.929
[1.307, 0.61, 0.074, 1.77, -1.441, 0.003] 61.93
[1.358, 0.61, 0.074, 1.77, -1.441, 0.003] 63.133
[1.409, 0.61, 0.074, 1.77, -1.441, 0.003] 62.884
[1.461, 0.61, 0.074, 1.77, -1.441, 0.003] 79.263
[1.512, 0.61, 0.074, 1.77, -1.441, 0.003] 62.775
[1.563, 0.61, 0.074, 1.77, -1.441, 0.003] 63.223
[1.614, 0.61, 0.074, 1.77, -1.441, 0.003] 76.597
[1.665, 0.61, 0.074, 1.77, -1.441, 0.003] 62.276
[1.717, 0.61, 0.074, 1.77, -1.441, 0.003] 62.053
[1.768, 0.61, 0.074, 1.77, -1.441, 0.003] 62.963
[1.819, 0.61, 0.074, 1.77, -1.441, 0.003] 63.778
[1.87, 0.61, 0.074, 1.77, -1.441, 0.003] 77.267
[1.921, 0.61, 0.074, 1.77, -1.441, 0.003] 63.628
[1.972, 0.61, 0.074, 1.77, -1.441, 0.003] 61.567
[2.024, 0.61, 0.074, 1.77, -1.441, 0.003] 63.13
[2.075, 0.61, 0.074, 1.77, -1.441, 0.003] 76.897
[2.126, 0.61, 0.074, 1.77, -1.441, 0.003] 62.713
[2.177, 0.61, 0.074, 1.77, -1.441, 0.003] 63.413
[2.228, 0.61, 0.074, 1.77, -1.441, 0.003] 63.121
[2.28, 0.61, 0.074, 1.77, -1.441, 0.003] 77.022
[2.331, 0.61, 0.074, 1.77, -1.441, 0.003] 61.907
[2.382, 0.61, 0.074, 1.77, -1.441, 0.003] 60.621
[2.433, 0.61, 0.074, 1.77, -1.441, 0.003] 62.425
[2.466, 0.61, 0.074, 1.77, -1.441, 0.003] 77.875
[2.482, 0.61, 0.074, 1.77, -1.441, 0.003] 77.584
[2.489, 0.61, 0.074, 1.77, -1.441, 0.003] 63.959
[2.438, 0.559, 0.023, 1.719, -1.39, 0.003] 63.223
[2.387, 0.527, -0.028, 1.668, -1.339, 0.003] 62.302
[2.335, 0.513, -0.08, 1.616, -1.287, 0.003] 63.383
[2.284, 0.506, -0.131, 1.565, -1.236, 0.003] 94.143
[2.233, 0.503, -0.182, 1.514, -1.185, 0.003] 60.614
[2.182, 0.501, -0.233, 1.463, -1.134, 0.003] 64.784
[2.131, 0.501, -0.284, 1.412, -1.083, 0.003] 61.768
[2.079, 0.5, -0.336, 1.361, -1.032, 0.003] 62.287
[2.028, 0.5, -0.387, 1.309, -0.98, 0.003] 77.648
[1.977, 0.5, -0.438, 1.258, -0.929, 0.003] 76.566
[1.926, 0.5, -0.489, 1.207, -0.878, 0.003] 63.529
[1.875, 0.5, -0.54, 1.156, -0.827, 0.003] 64.623
[1.823, 0.5, -0.592, 1.105, -0.776, 0.003] 61.313
[1.772, 0.5, -0.643, 1.053, -0.725, 0.003] 92.157
[1.721, 0.5, -0.694, 1.002, -0.673, 0.003] 62.111
[1.67, 0.5, -0.745, 0.951, -0.622, 0.003] 63.194
[1.619, 0.5, -0.796, 0.9, -0.571, 0.003] 61.988
[1.567, 0.5, -0.848, 0.849, -0.52, 0.003] 62.352
[1.516, 0.5, -0.899, 0.797, -0.469, 0.003] 77.317
[1.465, 0.5, -0.95, 0.746, -0.417, 0.003] 64.12
[1.414, 0.5, -1.001, 0.695, -0.366, 0.003] 61.755
[1.363, 0.5, -1.052, 0.644, -0.315, 0.003] 61.848
[1.311, 0.5, -1.104, 0.593, -0.264, 0.003] 91.946
[1.26, 0.5, -1.155, 0.542, -0.213, 0.003] 49.061
[1.209, 0.5, -1.203, 0.49, -0.162, 0.003] 61.177
[1.158, 0.5, -1.228, 0.439, -0.11, 0.003] 92.179
[1.107, 0.5, -1.24, 0.388, -0.059, 0.003] 61.924
[1.055, 0.5, -1.245, 0.337, -0.029, 0.003] 61.762
[1.004, 0.5, -1.248, 0.286, -0.015, 0.003] 60.189
[0.953, 0.5, -1.249, 0.235, -0.009, 0.003] 63.114
[0.902, 0.5, -1.25, 0.183, -0.006, 0.003] 60.977
[0.851, 0.5, -1.25, 0.132, -0.004, 0.003] 78.853
[0.799, 0.5, -1.25, 0.081, -0.003, 0.003] 61.472
[0.748, 0.5, -1.25, 0.038, -0.003, 0.003] 61.742
[0.697, 0.5, -1.25, 0.017, -0.003, 0.003] 62.741
[0.646, 0.5, -1.25, 0.008, -0.003, 0.003] 77.871
[0.595, 0.5, -1.25, 0.004, -0.003, 0.003] 62.231
[0.543, 0.5, -1.25, 0.002, -0.003, 0.003] 61.945
[0.492, 0.5, -1.25, 0.001, -0.003, 0.003] 62.287
[0.441, 0.5, -1.25, 0.0, -0.003, 0.003] 78.789
[0.39, 0.5, -1.25, 0.0, -0.003, 0.003] 77.12
[0.339, 0.5, -1.25, 0.0, -0.003, 0.003] 61.751
[0.287, 0.5, -1.25, 0.0, -0.003, 0.003] 62.492
[0.236, 0.5, -1.25, 0.0, -0.003, 0.003] 61.637
[0.185, 0.5, -1.25, 0.0, -0.003, 0.003] 92.257
[0.134, 0.5, -1.25, 0.0, -0.003, 0.003] 62.606
[0.083, 0.5, -1.25, 0.0, -0.003, 0.003] 61.316
[0.039, 0.5, -1.25, -0.0, -0.003, 0.003] 61.731
[0.018, 0.5, -1.25, -0.0, -0.003, 0.003] 63.758
[0.008, 0.5, -1.25, 0.0, -0.003, 0.003] 76.291
[0.004, 0.449, -1.199, -0.0, -0.001, 0.001] 62.128
[0.002, 0.398, -1.148, -0.0, -0.001, 0.001] 75.703
[0.001, 0.346, -1.096, -0.0, -0.0, 0.0] 61.27
[0.0, 0.295, -1.045, -0.0, -0.0, 0.0] 61.026
[0.0, 0.244, -0.994, -0.0, -0.0, 0.0] 62.679
[0.0, 0.193, -0.943, -0.0, -0.0, 0.0] 59.636
[0.0, 0.142, -0.892, -0.0, -0.0, 0.0] 62.504
[0.0, 0.09, -0.841, -0.0, -0.0, 0.0] 78.756
[0.0, 0.044, -0.789, 0.0, -0.0, 0.0] 62.082
[0.0, 0.02, -0.738, 0.0, -0.0, -0.0] 61.07
[0.0, 0.009, -0.687, 0.0, -0.0, -0.0] 62.974
[0.0, 0.004, -0.636, 0.0, -0.0, 0.0] 93.926
[0.0, 0.002, -0.585, 0.0, -0.0, -0.0] 62.255
[0.0, 0.001, -0.533, 0.0, -0.0, 0.0] 61.835
[0.0, 0.0, -0.482, 0.0, -0.0, 0.0] 63.107
[0.0, 0.0, -0.431, 0.0, -0.0, 0.0] 61.521
[0.0, 0.0, -0.38, -0.0, -0.0, 0.0] 78.509
[0.0, 0.0, -0.329, -0.0, -0.0, 0.0] 61.74
[0.0, 0.0, -0.277, -0.0, 0.0, -0.0] 63.256
[0.0, 0.0, -0.226, -0.0, 0.0, 0.0] 63.118
[0.0, 0.0, -0.175, -0.0, 0.0, 0.0] 78.068
[0.0, 0.0, -0.124, -0.0, -0.0, 0.0] 60.842
[0.0, 0.0, -0.073, -0.0, 0.0, 0.0] 62.606
[0.0, -0.0, -0.034, -0.0, 0.0, 0.0] 60.658
[0.0, -0.0, -0.016, 0.0, 0.0, 0.0] 76.973
[0.0, -0.0, -0.007, 0.0, 0.0, 0.0] 61.023