[INFO] [1680257511.508488]: Python ROS Wrapper ready
([-0.0065, 0.493, -1.2449, 0.0001, -0.0001, -0.0071], 628)
([-0.0058, 0.4935, -1.2556, 0.0001, -0.0001, -0.0071], 61)
([-0.0058, 0.4935, -1.2556, 0.0001, -0.0124, -0.0071], 61)
([-0.0058, 0.4935, -1.2791, 0.0001, -0.0246, -0.002], 61)
([-0.0058, 0.4935, -1.3001, 0.0001, -0.0461, -0.0071], 61)
([-0.0058, 0.4935, -1.3195, 0.0001, -0.0753, -0.0071], 61)
([-0.0058, 0.4935, -1.3195, 0.0001, -0.1029, -0.0071], 61)
([-0.0058, 0.4935, -1.3271, 0.0001, -0.1443, -0.0071], 61)
([-0.0058, 0.4935, -1.3276, 0.0001, -0.1765, -0.0071], 61)
([-0.0058, 0.4935, -1.3276, 0.0001, -0.221, -0.002], 60)
([-0.0058, 0.4935, -1.3276, 0.0001, -0.2593, -0.0071], 61)
([-0.0058, 0.4935, -1.3276, 0.0001, -0.2915, 0.0082], 61)
([-0.0058, 0.4935, -1.3276, 0.0001, -0.3391, -0.002], 61)
([-0.0058, 0.4935, -1.3276, 0.0001, -0.3713, -0.0071], 60)
([-0.0058, 0.4935, -1.3276, 0.0001, -0.4081, -0.0071], 61)
([-0.0058, 0.4935, -1.3276, 0.0001, -0.4327, -0.002], 61)
([-0.0058, 0.4935, -1.3282, 0.0001, -0.4618, -0.0071], 61)
([-0.0058, 0.4935, -1.3282, 0.0001, -0.4833, -0.0071], 61)
([-0.0058, 0.4935, -1.3282, 0.0001, -0.4986, -0.0071], 61)
([-0.0058, 0.4981, -1.3282, 0.0001, -0.5124, -0.0071], 129)
([-0.0079, 0.4981, -1.3282, 0.0001, -0.5124, -0.0071], 60)
([-0.0079, 0.4985, -1.3282, 0.0001, -0.514, -0.002], 60)
([-0.0079, 0.499, -1.3282, 0.0001, -0.5155, -0.0071], 61)
([-0.0079, 0.4985, -1.3282, 0.0001, -0.514, -0.0071], 61)
([-0.0079, 0.4985, -1.3266, 0.0001, -0.514, -0.002], 61)
([-0.0072, 0.4962, -1.3184, 0.0001, -0.514, -0.0071], 60)
([-0.0065, 0.493, -1.3184, 0.0001, -0.5094, -0.0071], 61)
([-0.0065, 0.4866, -1.3011, 0.0001, -0.4986, -0.002], 61)
([-0.0065, 0.477, -1.2766, 0.0001, -0.4879, -0.0071], 61)
([-0.0058, 0.477, -1.2413, 0.0001, -0.471, -0.002], 61)
([-0.0058, 0.4618, -1.1953, 0.0001, -0.4557, -0.0071], 61)
([-0.0058, 0.4435, -1.1953, 0.0001, -0.4357, -0.0071], 60)
([-0.0058, 0.421, -1.1397, 0.0001, -0.4158, -0.0071], 61)
([-0.0051, 0.421, -1.0758, 0.0001, -0.3928, -0.0071], 61)
([-0.0051, 0.3967, -1.0099, 0.0001, -0.3728, -0.0071], 61)
([-0.0043, 0.3719, -1.0099, 0.0001, -0.3514, -0.002], 61)
([-0.0043, 0.3463, -0.944, 0.0001, -0.3299, -0.0071], 61)
([-0.0043, 0.3463, -0.8776, 0.0001, -0.3115, -0.0071], 61)
([-0.0043, 0.321, -0.8112, 0.0001, -0.29, -0.0071], 60)
([-0.0036, 0.2954, -0.8112, 0.0001, -0.2701, -0.002], 60)
([-0.0036, 0.2697, -0.7402, 0.0001, -0.2517, -0.0071], 60)
([-0.0036, 0.2697, -0.6717, 0.0001, -0.2302, -0.0071], 61)
([-0.0029, 0.2444, -0.6033, 0.0001, -0.2102, -0.0071], 60)
([-0.0029, 0.2188, -0.6033, 0.0001, -0.1872, -0.0071], 60)
([-0.0029, 0.1931, -0.5348, 0.0001, -0.1704, -0.002], 60)
([-0.0029, 0.1931, -0.4679, 0.0001, -0.1458, -0.0071], 61)
([-0.0022, 0.1674, -0.4005, 0.0001, -0.1289, -0.0071], 61)
([-0.0022, 0.1413, -0.3315, 0.0001, -0.1029, -0.0071], 60)
([-0.0014, 0.1156, -0.3315, 0.0001, -0.086, -0.0071], 61)
([-0.0014, 0.0913, -0.2651, 0.0001, -0.063, -0.0071], 61)
([-0.0014, 0.0913, -0.2013, 0.0001, -0.04, -0.0071], 60)
([-0.0014, 0.0688, -0.1446, 0.0001, -0.0292, -0.0071], 61)
([-0.0007, 0.0495, -0.1446, 0.0001, -0.017, -0.0071], 61)
([-0.0007, 0.0344, -0.0986, 0.0001, -0.0078, -0.0071], 61)
([-0.0007, 0.0344, -0.0633, 0.0001, -0.0001, -0.002], 60)
([-0.0007, 0.0225, -0.0368, 0.0001, 0.0045, -0.0071], 60)
([-0.0007, 0.0138, -0.0368, 0.0001, 0.0091, -0.0071], 61)
([-0.0007, 0.0092, -0.0179, 0.0001, 0.0091, -0.0071], 61)
([-0.0007, 0.0092, -0.0092, 0.0001, 0.0091, -0.002], 61)
([0.0, 0.0069, -0.0056, 0.0001, 0.0091, -0.0071], 60)
([0.0, 0.006, -0.0056, 0.0001, 0.0091, -0.002], 60)
([0.0, 0.006, -0.0051, 0.0001, 0.0091, -0.0071], 61)
([0.0, 0.006, -0.0056, 0.0001, 0.0091, -0.0071], 61)
([0.0, 0.005, -0.0051, 0.0001, 0.0091, -0.0071], 61)
([0.0022, 0.0018, -0.0015, -0.006, 0.0076, -0.002], 61)
([0.0022, -0.0023, -0.0015, -0.0321, -0.0047, -0.002], 60)
([0.0029, -0.0142, 0.0087, -0.0735, -0.0369, -0.002], 61)
([0.0058, -0.0142, 0.0266, -0.1165, -0.0722, -0.0071], 60)
([0.0108, -0.033, 0.0516, -0.1794, -0.1305, -0.0071], 61)
([0.0108, -0.0582, 0.0516, -0.2377, -0.1765, -0.0071], 60)
([0.0159, -0.089, 0.0843, -0.3236, -0.2471, -0.0071], 60)
([0.0202, -0.089, 0.1226, -0.3834, -0.3038, -0.0071], 60)
([0.0231, -0.1243, 0.1665, -0.4831, -0.3897, -0.002], 60)
([0.0231, -0.1646, 0.1665, -0.5644, -0.4526, -0.0071], 60)
([0.0282, -0.2064, 0.214, -0.6549, -0.5262, -0.002], 61)
([0.0339, -0.249, 0.2621, -0.7884, -0.6444, -0.0071], 61)
([0.0404, -0.249, 0.3106, -0.9019, -0.7425, -0.0071], 61)
([0.0484, -0.2917, 0.3106, -0.9863, -0.8192, -0.002], 61)
([0.0484, -0.3343, 0.3586, -1.086, -0.9082, -0.0071], 61)
([0.0549, -0.3774, 0.4082, -1.178, -0.9895, -0.002], 61)
([0.0614, -0.3774, 0.4572, -1.2838, -1.0723, -0.0071], 60)
([0.0679, -0.4196, 0.5032, -1.3605, -1.1352, -0.0071], 60)
([0.0679, -0.4586, 0.5032, -1.4664, -1.2334, -0.002], 61)
([0.0744, -0.4926, 0.5451, -1.5477, -1.3101, -0.0071], 61)
([0.0794, -0.4926, 0.5813, -1.6106, -1.3699, -0.0071], 61)
([0.0845, -0.5224, 0.612, -1.6765, -1.4282, -0.002], 61)
([0.0845, -0.5467, 0.612, -1.7164, -1.4681, -0.002], 60)
([0.0874, -0.5641, 0.636, -1.7471, -1.5049, -0.002], 61)
([0.0903, -0.5641, 0.6528, -1.764, -1.5233, -0.002], 61)
([0.0917, -0.576, 0.6625, -1.7686, -1.5279, -0.002], 61)
([0.0917, -0.5825, 0.6625, -1.7686, -1.5279, -0.002], 60)
([0.0924, -0.5825, 0.6671, -1.7686, -1.5279, -0.0071], 61)
([0.0939, -0.5825, 0.6682, -1.7717, -1.5279, -0.002], 61)
([0.0924, -0.5825, 0.6666, -1.7778, -1.5356, -0.002], 61)
([0.0867, -0.5825, 0.6615, -1.7809, -1.5387, -0.0071], 61)
([0.0867, -0.5825, 0.6615, -1.7809, -1.5356, -0.002], 61)
([0.0729, -0.5825, 0.6508, -1.7763, -1.5233, -0.002], 61)
([0.0477, -0.5829, 0.6355, -1.7563, -1.5049, -0.002], 61)
([0.0094, -0.5834, 0.613, -1.6873, -1.4773, -0.002], 61)
([0.0094, -0.5838, 0.613, -1.6137, -1.4451, -0.002], 61)
([-0.0404, -0.5838, 0.5839, -1.5477, -1.419, -0.002], 61)
([-0.1033, -0.5838, 0.5476, -1.4894, -1.3837, -0.002], 61)
([-0.1784, -0.5843, 0.5476, -1.4035, -1.3515, -0.0071], 60)
([-0.1784, -0.5847, 0.5062, -1.3283, -1.2994, -0.0071], 60)
([-0.2636, -0.5857, 0.4582, -1.2194, -1.2457, -0.002], 61)
([-0.3553, -0.5857, 0.4066, -1.1427, -1.215, -0.002], 60)
([-0.4507, -0.5861, 0.355, -1.0353, -1.1675, -0.0071], 60)
([-0.4507, -0.587, 0.355, -0.9356, -1.1245, -0.002], 60)
([-0.546, -0.5875, 0.3034, -0.8559, -1.0877, -0.0071], 61)
([-0.6406, -0.5875, 0.2508, -0.7516, -1.0371, -0.002], 61)
([-0.7366, -0.5884, 0.1977, -0.6365, -0.988, -0.002], 61)
([-0.8313, -0.5893, 0.1451, -0.5368, -0.9404, -0.0071], 61)
([-0.8313, -0.5898, 0.1451, -0.4601, -0.9082, -0.002], 61)
([-0.9215, -0.5903, 0.0955, -0.3696, -0.8775, -0.0071], 61)
([-1.0031, -0.5903, 0.0511, -0.2837, -0.8361, -0.0071], 61)
([-1.0761, -0.5907, 0.0117, -0.2162, -0.81, -0.0071], 61)
([-1.0761, -0.5912, 0.0117, -0.1426, -0.7809, -0.002], 61)
([-1.136, -0.5912, -0.0204, -0.0981, -0.764, -0.0071], 60)
([-1.183, -0.5912, -0.045, -0.0536, -0.7487, -0.0071], 60)
([-1.2162, -0.5916, -0.0618, -0.0367, -0.7425, -0.002], 61)
([-1.2162, -0.5916, -0.0618, -0.0275, -0.7379, -0.002], 60)
([-1.2371, -0.5916, -0.0725, -0.0245, -0.7379, -0.002], 60)
([-1.2465, -0.5916, -0.0771, -0.0245, -0.7379, -0.002], 60)
([-1.2509, -0.5921, -0.0787, -0.0245, -0.7379, -0.0071], 60)
([-1.2509, -0.5921, -0.0787, -0.0245, -0.7379, -0.002], 60)
([-1.2523, -0.5921, -0.0787, -0.0245, -0.7364, -0.0071], 60)
([-1.2516, -0.5921, -0.0787, -0.0214, -0.7364, -0.0071], 60)
([-1.2494, -0.5921, -0.0782, -0.0198, -0.7364, -0.0071], 61)
([-1.24, -0.588, -0.0782, -0.0198, -0.7364, -0.002], 61)
([-1.24, -0.5815, -0.0776, -0.0168, -0.7364, -0.0071], 60)
([-1.2198, -0.5815, -0.0756, 0.0001, -0.7364, -0.002], 60)
([-1.1873, -0.5719, -0.0741, 0.0154, -0.7425, -0.002], 61)
([-1.1411, -0.5586, -0.0741, 0.04, -0.7548, -0.002], 60)
([-1.1411, -0.5407, -0.0715, 0.063, -0.764, -0.0071], 61)
([-1.0833, -0.5407, -0.0685, 0.0875, -0.7732, -0.002], 60)
([-1.0104, -0.5187, -0.0649, 0.1197, -0.7855, -0.002], 60)
([-0.9251, -0.4921, -0.0649, 0.1596, -0.8008, -0.002], 60)
([-0.9251, -0.4641, -0.0608, 0.1872, -0.8146, -0.002], 60)
([-0.8349, -0.4641, -0.0577, 0.2333, -0.8346, -0.002], 61)
([-0.7417, -0.4343, -0.0536, 0.2624, -0.8469, -0.0071], 61)
([-0.6471, -0.4036, -0.0536, 0.3023, -0.8637, -0.0071], 61)
([-0.5518, -0.3729, -0.049, 0.3422, -0.8806, -0.002], 61)
([-0.5518, -0.3421, -0.046, 0.3821, -0.8959, -0.0071], 61)
([-0.455, -0.3421, -0.0414, 0.4143, -0.9097, -0.0071], 61)
([-0.3582, -0.3109, -0.0378, 0.4419, -0.922, -0.002], 61)
([-0.2629, -0.2807, -0.0378, 0.4833, -0.9358, -0.0071], 61)
([-0.2629, -0.2504, -0.0337, 0.5155, -0.9481, -0.0071], 61)
([-0.1668, -0.2504, -0.0306, 0.5447, -0.9604, -0.002], 61)
([-0.0715, -0.2197, -0.0266, 0.5845, -0.9772, -0.002], 61)
([0.0238, -0.189, -0.0266, 0.6229, -0.9926, -0.002], 60)
([0.0238, -0.1578, -0.0225, 0.6566, -1.0049, -0.002], 60)
([0.1206, -0.1578, -0.0184, 0.695, -1.0187, -0.002], 60)
([0.2174, -0.1266, -0.0143, 0.7226, -1.0325, -0.002], 60)
([0.3134, -0.0959, -0.0143, 0.764, -1.0478, -0.002], 60)
([0.3134, -0.0656, -0.0107, 0.7932, -1.0585, -0.002], 60)
([0.4088, -0.0656, -0.0066, 0.8254, -1.0723, -0.0071], 61)
([0.5034, -0.0349, -0.0026, 0.8637, -1.0862, -0.002], 60)
([0.5987, -0.0037, -0.0026, 0.9021, -1.103, -0.002], 60)
([0.5987, 0.0275, 0.0005, 0.9297, -1.1122, -0.002], 60)
([0.6948, 0.0275, 0.0051, 0.9619, -1.1245, -0.002], 61)
([0.7915, 0.0592, 0.0087, 1.0125, -1.146, -0.0071], 61)
([0.8883, 0.0894, 0.0128, 1.0417, -1.1552, -0.0071], 61)
([0.9836, 0.1202, 0.0128, 1.0769, -1.169, -0.0071], 61)
([0.9836, 0.1513, 0.0169, 1.1138, -1.1905, -0.002], 61)
([1.0797, 0.1513, 0.0204, 1.1536, -1.2058, -0.0071], 61)
([1.175, 0.1825, 0.0245, 1.1828, -1.2104, -0.0071], 61)
([1.2711, 0.2137, 0.0245, 1.2165, -1.2181, -0.002], 61)
([1.2711, 0.2454, 0.0281, 1.258, -1.2411, -0.002], 61)
([1.3686, 0.2454, 0.0322, 1.2963, -1.2595, -0.002], 60)
([1.4625, 0.2752, 0.0358, 1.3193, -1.2672, -0.002], 66)
([1.5585, 0.3059, 0.0358, 1.3485, -1.2779, -0.0071], 60)
([1.5585, 0.3375, 0.0373, 1.3914, -1.2948, -0.002], 60)
([1.6546, 0.3375, 0.0398, 1.4267, -1.307, -0.0071], 61)
([1.7499, 0.3687, 0.0434, 1.4742, -1.3255, -0.002], 61)
([1.8467, 0.3995, 0.0475, 1.5049, -1.3408, -0.002], 60)
([1.9427, 0.4302, 0.0475, 1.5387, -1.35, -0.0071], 61)
([1.9427, 0.4605, 0.0511, 1.5755, -1.3669, -0.0071], 61)
([2.0388, 0.4605, 0.0552, 1.6123, -1.3791, -0.002], 61)
([2.1319, 0.4903, 0.0587, 1.6445, -1.3945, -0.002], 60)
([2.2186, 0.5192, 0.0587, 1.6783, -1.4052, -0.002], 60)
([2.2186, 0.5448, 0.0618, 1.7135, -1.419, -0.002], 61)
([2.2944, 0.5448, 0.0649, 1.7274, -1.4236, -0.0071], 60)
([2.3587, 0.5669, 0.0679, 1.7442, -1.4313, -0.0071], 61)
([2.4086, 0.5847, 0.0679, 1.7611, -1.4482, -0.002], 60)
([2.4086, 0.5976, 0.0695, 1.7734, -1.4482, -0.002], 61)
([2.4454, 0.5976, 0.071, 1.7795, -1.4466, -0.002], 60)
([2.4707, 0.6063, 0.072, 1.7795, -1.4466, -0.002], 60)
([2.4822, 0.6104, 0.072, 1.7795, -1.4466, -0.002], 60)
([2.4822, 0.6104, 0.072, 1.7795, -1.4466, -0.0071], 61)
([2.4873, 0.6104, 0.073, 1.781, -1.4466, -0.002], 61)
([2.4837, 0.6104, 0.072, 1.781, -1.4497, -0.002], 61)
([2.4837, 0.6104, 0.072, 1.781, -1.4497, -0.0071], 61)
([2.4837, 0.6104, 0.0725, 1.781, -1.4497, -0.0071], 61)
([2.4779, 0.6095, 0.0685, 1.781, -1.4451, -0.0071], 61)
([2.4627, 0.6095, 0.0593, 1.781, -1.4344, -0.002], 61)
([2.436, 0.6077, 0.0439, 1.7764, -1.419, -0.0071], 61)
([2.3956, 0.6063, 0.0439, 1.7519, -1.3883, -0.0071], 60)
([2.3956, 0.6036, 0.0215, 1.6967, -1.3607, -0.0071], 60)
([2.3421, 0.6036, -0.0077, 1.6675, -1.3408, -0.0071], 61)
([2.2771, 0.6022, -0.0444, 1.6092, -1.2963, -0.0071], 60)
([2.1984, 0.5994, -0.0444, 1.5632, -1.2595, -0.0071], 60)
([2.1984, 0.5971, -0.0863, 1.4988, -1.2135, -0.002], 60)
([2.1103, 0.5971, -0.1338, 1.4512, -1.1705, -0.002], 61)
([2.0186, 0.5953, -0.1829, 1.4083, -1.1352, 0.0133], 61)
([1.924, 0.5916, -0.1829, 1.3408, -1.08, -0.0071], 61)
([1.924, 0.588, -0.2334, 1.2978, -1.0432, -0.002], 61)
([1.8286, 0.588, -0.284, 1.2303, -0.9941, -0.0071], 61)
([1.7326, 0.5838, -0.3346, 1.1659, -0.9466, -0.0071], 61)
([1.6365, 0.5797, -0.3346, 1.123, -0.9128, -0.002], 61)
([1.6365, 0.5751, -0.3862, 1.0662, -0.8653, -0.002], 61)
([1.5419, 0.5751, -0.4368, 1.0187, -0.8284, -0.002], 61)
([1.4459, 0.571, -0.4878, 0.945, -0.7702, -0.002], 61)
([1.3505, 0.5669, -0.5384, 0.8867, -0.7241, -0.002], 61)
([1.253, 0.5627, -0.5384, 0.8422, -0.6873, -0.0071], 61)
([1.253, 0.5581, -0.59, 0.7916, -0.6459, -0.002], 61)
([1.1563, 0.5581, -0.6411, 0.7471, -0.6091, -0.0071], 61)
([1.0609, 0.5536, -0.6927, 0.6935, -0.5646, -0.002], 60)
([0.9656, 0.5494, -0.6927, 0.626, -0.5124, -0.0071], 61)
([0.9656, 0.5448, -0.7433, 0.5845, -0.4802, -0.002], 61)
([0.8688, 0.5448, -0.7959, 0.5355, -0.4373, -0.0071], 60)
([0.7735, 0.5407, -0.847, 0.491, -0.3989, -0.0071], 60)
([0.676, 0.5366, -0.847, 0.4281, -0.3514, -0.0071], 60)
([0.676, 0.5325, -0.898, 0.379, -0.3115, -0.0071], 61)
([0.5799, 0.5325, -0.9486, 0.3146, -0.2609, -0.0071], 61)
([0.4846, 0.5279, -0.9992, 0.2701, -0.2225, -0.002], 61)
([0.3914, 0.5238, -0.9992, 0.2302, -0.1872, -0.0071], 61)
([0.3914, 0.5196, -1.0492, 0.1765, -0.1489, -0.002], 61)
([0.3033, 0.5196, -1.0952, 0.1228, -0.1044, -0.002], 61)
([0.2261, 0.516, -1.1361, 0.0891, -0.0753, -0.0071], 61)
([0.1582, 0.5132, -1.1361, 0.0599, -0.0522, -0.0071], 61)
([0.1018, 0.5105, -1.1713, 0.0246, -0.0216, -0.0071], 61)
([0.1018, 0.5082, -1.1999, 0.0047, -0.0062, -0.0071], 61)
([0.0599, 0.5082, -1.2214, -0.0045, 0.0014, -0.002], 61)
([0.0296, 0.5068, -1.2362, -0.0122, 0.0091, -0.002], 61)
([0.0123, 0.5059, -1.2362, -0.0152, 0.0122, -0.002], 61)
([0.0123, 0.5054, -1.2449, -0.0152, 0.0122, -0.002], 61)
([0.0043, 0.5054, -1.2485, -0.0152, 0.0137, -0.002], 61)
([0.0007, 0.5045, -1.2485, -0.0152, 0.0122, -0.0071], 60)
([0.0, 0.5045, -1.2495, -0.0152, 0.0137, -0.002], 61)
([0.0, 0.5045, -1.2495, -0.0183, 0.0152, -0.0071], 61)
([0.0, 0.5022, -1.2474, -0.0183, 0.0152, -0.0071], 61)
([0.0014, 0.5022, -1.2413, -0.0198, 0.0152, -0.002], 61)
([0.0022, 0.5004, -1.2245, -0.0198, 0.0152, -0.002], 61)
([0.0022, 0.4935, -1.2245, -0.0198, 0.0168, -0.0071], 61)
([0.0029, 0.4834, -1.1999, -0.0198, 0.0152, -0.002], 61)
([0.0022, 0.4834, -1.1672, -0.0198, 0.0152, -0.0071], 61)
([0.0029, 0.4683, -1.1228, -0.0198, 0.0152, -0.002], 61)
([0.0029, 0.449, -1.1228, -0.0198, 0.0152, -0.002], 60)
([0.0029, 0.4251, -1.0687, -0.0198, 0.0152, -0.002], 60)
([0.0022, 0.4251, -1.0074, -0.0198, 0.0152, -0.002], 61)
([0.0022, 0.3999, -0.943, -0.0198, 0.0152, -0.002], 61)
([0.0022, 0.3729, -0.943, -0.0198, 0.0152, -0.002], 60)
([0.0022, 0.3453, -0.8761, -0.0198, 0.0152, -0.002], 61)
([0.0022, 0.3453, -0.8081, -0.0183, 0.0152, -0.002], 61)
([0.0014, 0.3174, -0.7397, -0.0183, 0.0152, -0.0071], 61)
([0.0014, 0.2899, -0.7397, -0.0168, 0.0152, -0.002], 61)
([0.0014, 0.2628, -0.6712, -0.0168, 0.0137, -0.0071], 61)
([0.0014, 0.2353, -0.6033, -0.0168, 0.0137, -0.002], 61)
([0.0007, 0.2353, -0.5348, -0.0168, 0.0137, -0.0071], 60)
([0.0007, 0.2078, -0.4684, -0.0168, 0.0122, -0.0071], 60)
([0.0007, 0.1793, -0.4684, -0.0152, 0.0076, -0.002], 60)
([0.0007, 0.1518, -0.4, -0.0137, 0.0076, -0.002], 61)
([0.0, 0.1518, -0.332, -0.0106, 0.006, -0.002], 61)
([0.0, 0.1243, -0.2656, -0.0091, 0.006, -0.0071], 60)
([0.0, 0.0977, -0.2656, -0.0076, 0.0045, -0.0071], 60)
([0.0, 0.0734, -0.2013, -0.0045, 0.003, -0.002], 61)
([-0.0007, 0.0734, -0.1435, -0.003, 0.003, -0.002], 61)
([-0.0007, 0.0527, -0.0991, -0.003, 0.003, -0.002], 61)
([-0.0007, 0.0367, -0.0991, -0.0014, 0.003, -0.0071], 60)
([-0.0007, 0.0238, -0.0644, 0.0001, 0.003, -0.002], 60)
([-0.0007, 0.0238, -0.0368, 0.0001, 0.0014, -0.0071], 60)
([-0.0007, 0.0142, -0.0184, 0.0001, -0.0016, -0.002], 60)
([-0.0007, 0.0092, -0.0184, 0.0001, -0.0016, -0.0071], 60)
([-0.0007, 0.0092, -0.0097, 0.0001, -0.0016, -0.002], 60)
([0.0, 0.0069, -0.0056, 0.0001, -0.0016, -0.0071], 60)
([0.0, 0.006, -0.0056, 0.0001, -0.0016, -0.0071], 60)
([0.0, 0.0064, -0.0056, 0.0001, -0.0016, -0.002], 60)
([0.0, 0.005, -0.0051, 0.0001, -0.0016, -0.0071], 61)
([0.0, 0.005, -0.0041, 0.0001, -0.0016, -0.002], 61)
([0.0, 0.0046, -0.0031, 0.0001, -0.0016, -0.002], 61)
([0.0, 0.0037, -0.0031, 0.0001, -0.0016, -0.0071], 60)
([0.0, 0.0037, -0.0031, 0.0001, -0.0016, -0.002], 60)
([0.0, 0.0037, -0.0031, 0.0016, -0.0016, -0.0071], 61)
([0.0, 0.0037, -0.0026, 0.0016, -0.0016, -0.0071], 60)
([0.0007, 0.0018, -0.0026, 0.0016, -0.0078, -0.0071], 60)
([0.0022, -0.0009, 0.001, -0.0045, -0.0292, -0.0071], 61)
([0.0022, -0.0105, 0.0087, -0.0383, -0.0522, -0.0071], 61)
([0.0043, -0.0105, 0.024, -0.0812, -0.0814, -0.0071], 61)
([0.0087, -0.0266, 0.0465, -0.1456, -0.1305, -0.0071], 61)
([0.0137, -0.0495, 0.0465, -0.2039, -0.175, -0.0071], 61)
([0.0137, -0.078, 0.0761, -0.2868, -0.2379, -0.002], 60)
([0.0188, -0.078, 0.1119, -0.3711, -0.3069, -0.002], 61)
([0.0217, -0.1119, 0.1527, -0.4386, -0.3636, -0.002], 61)
([0.026, -0.1504, 0.1527, -0.5383, -0.4434, -0.0071], 60)
([0.026, -0.1917, 0.1987, -0.6212, -0.5124, -0.002], 61)
([0.0325, -0.1917, 0.2462, -0.7239, -0.6014, -0.0071], 61)
([0.039, -0.2339, 0.2942, -0.8375, -0.6996, -0.0071], 61)
([0.0448, -0.2761, 0.2942, -0.9203, -0.7655, -0.002], 61)
([0.0448, -0.3187, 0.3423, -1.0277, -0.8607, -0.002], 60)
([0.0513, -0.3187, 0.3908, -1.112, -0.9328, -0.002], 60)
([0.0585, -0.3619, 0.4403, -1.2041, -1.0141, -0.002], 61)
([0.065, -0.4045, 0.4403, -1.3207, -1.1061, -0.002], 61)
([0.065, -0.444, 0.4868, -1.3958, -1.1721, -0.002], 61)
([0.0715, -0.444, 0.5292, -1.4955, -1.2672, -0.0071], 61)
([0.0773, -0.4788, 0.567, -1.5906, -1.3561, -0.002], 61)
([0.0823, -0.51, 0.5997, -1.6428, -1.4022, -0.002], 61)
([0.0859, -0.5361, 0.5997, -1.6597, -1.4175, -0.002], 61)
([0.0859, -0.5568, 0.6258, -1.7318, -1.4927, -0.002], 61)
([0.0888, -0.5568, 0.6457, -1.7502, -1.5111, -0.002], 61)
([0.091, -0.571, 0.659, -1.7671, -1.5233, -0.002], 61)
([0.0924, -0.5802, 0.659, -1.7701, -1.5264, -0.002], 61)
([0.0924, -0.5802, 0.6661, -1.7701, -1.5264, -0.002], 60)
([0.0932, -0.5838, 0.6671, -1.7717, -1.5264, -0.002], 60)
([0.0924, -0.5838, 0.6661, -1.7824, -1.5356, -0.002], 60)
([0.0881, -0.5834, 0.6661, -1.7839, -1.5387, -0.002], 61)
([0.0881, -0.5811, 0.6615, -1.7855, -1.5371, -0.002], 61)
([0.0758, -0.5811, 0.6508, -1.7839, -1.531, -0.002], 61)
([0.0527, -0.5811, 0.6355, -1.7701, -1.5126, -0.002], 60)
([0.0173, -0.5815, 0.6355, -1.7042, -1.4819, -0.002], 61)
([0.0173, -0.582, 0.6145, -1.6535, -1.4574, -0.002], 60)
([-0.0318, -0.582, 0.5859, -1.5799, -1.4282, -0.002], 60)
([-0.0924, -0.5825, 0.5512, -1.5017, -1.3883, -0.002], 60)
([-0.1654, -0.5829, 0.5512, -1.4234, -1.3515, -0.002], 61)
([-0.2492, -0.5838, 0.5103, -1.3299, -1.3009, -0.002], 61)
([-0.2492, -0.5847, 0.4638, -1.2378, -1.258, -0.002], 61)
([-0.3402, -0.5847, 0.4127, -1.1289, -1.2181, -0.002], 60)
([-0.4355, -0.5857, 0.3617, -1.0522, -1.1828, -0.002], 61)
([-0.5308, -0.5861, 0.3617, -0.9494, -1.126, -0.002], 61)
([-0.5308, -0.587, 0.3101, -0.839, -1.0892, -0.002], 60)
([-0.6254, -0.587, 0.258, -0.7562, -1.0432, -0.002], 61)
([-0.7215, -0.588, 0.2048, -0.6703, -1.0049, -0.002], 61)
([-0.8168, -0.5889, 0.2048, -0.5675, -0.965, -0.002], 61)
([-0.8168, -0.5898, 0.1522, -0.4923, -0.9297, -0.002], 61)
([-0.9071, -0.5898, 0.1027, -0.3819, -0.8729, -0.002], 60)
([-0.9909, -0.5903, 0.0577, -0.296, -0.8392, -0.002], 61)
([-1.0645, -0.5907, 0.0577, -0.2346, -0.8192, -0.002], 60)
([-1.0645, -0.5912, 0.0184, -0.1564, -0.787, -0.0071], 61)
([-1.1266, -0.5912, -0.0153, -0.115, -0.7702, -0.002], 61)
([-1.1765, -0.5916, -0.0414, -0.0643, -0.7517, -0.002], 60)
([-1.2119, -0.5921, -0.0414, -0.0398, -0.7425, -0.002], 60)
([-1.2119, -0.5921, -0.0598, -0.0306, -0.7379, -0.002], 60)
([-1.235, -0.5921, -0.0715, -0.0229, -0.7364, -0.002], 61)
([-1.2458, -0.5921, -0.0766, -0.0229, -0.7364, -0.002], 61)
([-1.2509, -0.5921, -0.0792, -0.0229, -0.7364, -0.002], 60)
([-1.2516, -0.5921, -0.0792, -0.0245, -0.7364, -0.002], 61)
([-1.2516, -0.5921, -0.0792, -0.0229, -0.7364, -0.002], 61)
([-1.2509, -0.5921, -0.0792, -0.0168, -0.7364, -0.002], 60)
([-1.2487, -0.5916, -0.0782, -0.0168, -0.7364, -0.002], 61)
([-1.2393, -0.5875, -0.0782, -0.0152, -0.7364, -0.002], 61)
([-1.2393, -0.5806, -0.0771, -0.0091, -0.7364, -0.002], 61)
([-1.2198, -0.5806, -0.0751, 0.0062, -0.7364, -0.002], 61)
([-1.1873, -0.571, -0.0725, 0.02, -0.741, -0.002], 61)
([-1.1404, -0.5568, -0.0725, 0.0446, -0.7533, -0.002], 61)
([-1.1404, -0.5384, -0.0705, 0.0691, -0.7625, -0.002], 60)
([-1.0804, -0.5384, -0.0674, 0.0921, -0.7717, -0.002], 60)
([-1.0068, -0.516, -0.0639, 0.1213, -0.7855, -0.002], 61)
([-0.9215, -0.4894, -0.0639, 0.1535, -0.7962, -0.002], 61)
([-0.9215, -0.4609, -0.0608, 0.198, -0.8177, -0.002], 60)
([-0.8298, -0.4609, -0.0562, 0.2333, -0.833, -0.002], 61)
([-0.7374, -0.4311, -0.0541, 0.2685, -0.8484, -0.002], 61)
([-0.642, -0.4008, -0.0541, 0.3069, -0.8653, 0.0031], 61)
([-0.5467, -0.3697, -0.0521, 0.3422, -0.8791, -0.002], 61)
([-0.5467, -0.3389, -0.049, 0.3805, -0.8944, -0.002], 61)
([-0.4507, -0.3389, -0.046, 0.4265, -0.9128, -0.002], 61)
([-0.3539, -0.3087, -0.0424, 0.4526, -0.9235, -0.002], 61)
([-0.2593, -0.2779, -0.0424, 0.4925, -0.9389, -0.002], 61)
([-0.2593, -0.2477, -0.0383, 0.5186, -0.9496, -0.002], 60)
([-0.1625, -0.2477, -0.0347, 0.5569, -0.9665, -0.002], 60)
([-0.0664, -0.2174, -0.0306, 0.5876, -0.9772, 0.0031], 60)
([0.0289, -0.1862, -0.0306, 0.6198, -0.991, -0.002], 61)
([0.0289, -0.155, -0.0271, 0.6536, -1.0049, -0.002], 61)
([0.1257, -0.155, -0.023, 0.6919, -1.0171, -0.002], 61)
([0.2224, -0.1243, -0.0194, 0.7287, -1.034, -0.002], 60)
([0.317, -0.094, -0.0194, 0.7609, -1.0478, -0.002], 61)
([0.317, -0.0633, -0.0153, 0.8008, -1.0601, -0.002], 60)
([0.4117, -0.0633, -0.0117, 0.833, -1.0769, -0.002], 61)
([0.5084, -0.0321, -0.0077, 0.8699, -1.0892, 0.0031], 61)
([0.6038, -0.0009, -0.0077, 0.8975, -1.1, -0.002], 61)
([0.6038, 0.0307, -0.0036, 0.9297, -1.1122, -0.002], 61)
([0.6998, 0.0615, 0.0, 0.9803, -1.1322, 0.0031], 61)
([0.7966, 0.0615, 0.0041, 1.0171, -1.149, -0.002], 61)
([0.8926, 0.0917, 0.0061, 1.0493, -1.1598, -0.002], 60)
([0.988, 0.1225, 0.0061, 1.0892, -1.1782, -0.002], 61)
([0.988, 0.1536, 0.0117, 1.1168, -1.1874, -0.002], 61)
([1.084, 0.1536, 0.0153, 1.1552, -1.2027, -0.002], 61)
([1.1801, 0.1848, 0.0194, 1.1935, -1.2135, 0.0031], 61)
([1.2761, 0.216, 0.0194, 1.2257, -1.2303, -0.002], 61)
([1.2761, 0.2472, 0.0235, 1.2672, -1.2472, -0.002], 61)
([1.3729, 0.2472, 0.0276, 1.2994, -1.2564, -0.002], 60)
([1.4682, 0.2779, 0.0317, 1.3255, -1.2687, -0.002], 61)
([1.5636, 0.3087, 0.0317, 1.3607, -1.2825, -0.002], 61)
([1.5636, 0.3394, 0.0352, 1.3883, -1.2932, -0.002], 60)
([1.6582, 0.3394, 0.0393, 1.4313, -1.3086, 0.0031], 60)
([1.755, 0.3706, 0.0434, 1.4681, -1.327, -0.002], 60)
([1.8517, 0.4013, 0.0434, 1.4957, -1.3362, -0.002], 61)
([1.8517, 0.4325, 0.047, 1.5417, -1.35, -0.002], 60)
([1.9485, 0.4325, 0.0511, 1.5678, -1.3623, -0.002], 61)
([2.0438, 0.4628, 0.0552, 1.6092, -1.3776, -0.002], 61)
([2.137, 0.4921, 0.0587, 1.6522, -1.396, -0.002], 61)
([2.2229, 0.5205, 0.0587, 1.6875, -1.4083, -0.002], 61)
([2.2229, 0.5462, 0.0618, 1.712, -1.419, -0.002], 61)
([2.2988, 0.5462, 0.0654, 1.7335, -1.4267, -0.002], 60)
([2.3623, 0.5682, 0.0679, 1.755, -1.439, -0.002], 60)
([2.4107, 0.5857, 0.0679, 1.7657, -1.442, -0.002], 61)
([2.4107, 0.5976, 0.0695, 1.7734, -1.442, -0.002], 61)
([2.4468, 0.5976, 0.071, 1.778, -1.4466, -0.002], 61)
([2.4714, 0.6058, 0.072, 1.7795, -1.4482, -0.002], 61)
([2.4829, 0.61, 0.072, 1.7795, -1.4482, 0.0031], 60)
([2.4829, 0.61, 0.072, 1.7795, -1.4466, -0.002], 61)
([2.4873, 0.61, 0.073, 1.7795, -1.4482, -0.002], 60)
([2.4851, 0.61, 0.072, 1.7795, -1.4482, -0.002], 61)
([2.4815, 0.61, 0.07, 1.781, -1.4482, 0.0031], 61)
([2.4815, 0.6091, 0.07, 1.7795, -1.4466, -0.002], 60)
([2.4721, 0.6081, 0.0644, 1.7795, -1.4436, -0.002], 61)
([2.4526, 0.6081, 0.0531, 1.7795, -1.4267, -0.002], 60)
([2.4201, 0.604, 0.0352, 1.7534, -1.3945, -0.002], 93)
([2.3753, 0.604, 0.0102, 1.6951, -1.3638, -0.002], 61)
([2.3183, 0.6013, -0.0215, 1.6537, -1.3285, -0.002], 61)
([2.2482, 0.598, -0.0215, 1.62, -1.304, -0.002], 61)
([2.2482, 0.5953, -0.0598, 1.5586, -1.258, 0.0031], 60)
([2.1673, 0.5953, -0.1032, 1.5003, -1.2165, 0.0031], 61)
([2.0763, 0.5939, -0.1512, 1.4528, -1.1751, -0.002], 60)
([2.0763, 0.5921, -0.1512, 1.396, -1.1291, -0.002], 60)
([1.9839, 0.5893, -0.2013, 1.3393, -1.0846, 0.0031], 60)
([1.8878, 0.5893, -0.2529, 1.2733, -1.034, 0.0031], 61)
([1.7911, 0.5857, -0.3034, 1.2288, -0.9972, -0.002], 60)
([1.6957, 0.5815, -0.3034, 1.1797, -0.9558, -0.002], 60)
([1.6957, 0.5774, -0.3545, 1.1337, -0.9205, -0.002], 60)
([1.6004, 0.5774, -0.4056, 1.0662, -0.8653, -0.002], 61)
([1.5044, 0.5733, -0.4567, 1.0064, -0.8192, -0.002], 60)
([1.4097, 0.5692, -0.4567, 0.9604, -0.7824, -0.002], 60)
([1.4097, 0.565, -0.5067, 0.9067, -0.7364, -0.002], 61)
([1.313, 0.565, -0.5578, 0.8622, -0.7027, -0.002], 61)
([1.2162, 0.5609, -0.6089, 0.8039, -0.6551, -0.002], 61)
([1.1209, 0.5563, -0.6605, 0.7318, -0.5953, -0.002], 61)
([1.0248, 0.5517, -0.6605, 0.695, -0.5646, -0.002], 61)
([1.0248, 0.5476, -0.7121, 0.6367, -0.5186, -0.002], 61)
([0.9288, 0.5476, -0.7637, 0.5876, -0.4818, 0.0031], 60)
([0.8334, 0.5439, -0.8148, 0.5293, -0.4342, -0.002], 61)
([0.7374, 0.5393, -0.8148, 0.4756, -0.3867, 0.0031], 61)
([0.7374, 0.5348, -0.8659, 0.4173, -0.3391, -0.002], 61)
([0.6399, 0.5348, -0.9164, 0.3728, -0.3038, -0.002], 61)
([0.5438, 0.5306, -0.967, 0.3253, -0.2701, 0.0031], 60)
([0.4485, 0.526, -0.967, 0.2701, -0.2225, -0.002], 60)
([0.4485, 0.5219, -1.0186, 0.2287, -0.1888, 0.0031], 60)
([0.3568, 0.5219, -1.0671, 0.1673, -0.1382, -0.002], 61)
([0.273, 0.5182, -1.1116, 0.1259, -0.1059, 0.0031], 60)
([0.1993, 0.5146, -1.1116, 0.0891, -0.0768, -0.002], 61)
([0.1993, 0.5118, -1.1499, 0.0584, -0.0522, -0.002], 61)
([0.1351, 0.5118, -1.1821, 0.0292, -0.0277, -0.002], 60)
([0.0838, 0.5095, -1.2086, 0.0108, -0.0108, -0.002], 61)
([0.0838, 0.5077, -1.2086, -0.0014, -0.0016, -0.002], 61)
([0.0469, 0.5063, -1.2275, -0.0122, 0.0091, -0.002], 61)
([0.0217, 0.5054, -1.2403, -0.0168, 0.0137, -0.002], 61)
([0.0079, 0.5054, -1.2464, -0.0168, 0.0137, -0.002], 61)
([0.0022, 0.5054, -1.2464, -0.0168, 0.0137, 0.0031], 61)
([0.0014, 0.5054, -1.2495, -0.0183, 0.0137, -0.002], 60)
([0.0014, 0.5054, -1.249, -0.0198, 0.0183, -0.002], 60)
([0.0014, 0.5054, -1.248, -0.0214, 0.0183, -0.002], 61)
([0.0029, 0.5036, -1.2423, -0.0214, 0.0183, -0.002], 61)
([0.0029, 0.5017, -1.2423, -0.0214, 0.0183, -0.002], 60)
([0.0043, 0.4958, -1.2265, -0.0214, 0.0183, -0.002], 60)
([0.0058, 0.4958, -1.203, -0.0214, 0.0168, 0.0031], 60)
([0.0058, 0.4857, -1.1718, -0.0214, 0.0183, -0.002], 61)
([0.0058, 0.471, -1.1718, -0.0214, 0.0183, 0.0031], 60)
([0.0058, 0.4517, -1.1289, -0.0214, 0.0183, 0.0031], 60)
([0.0051, 0.4517, -1.0758, -0.0229, 0.0183, -0.002], 61)
([0.0051, 0.4288, -1.0155, -0.0214, 0.0168, -0.002], 60)
([0.0051, 0.4036, -1.0155, -0.0214, 0.0168, -0.002], 61)
([0.0051, 0.3765, -0.9512, -0.0229, 0.0168, 0.0031], 60)
([0.0043, 0.3765, -0.8858, -0.0229, 0.0168, -0.002], 61)
([0.0043, 0.349, -0.8178, -0.0214, 0.0168, -0.002], 60)
([0.0036, 0.321, -0.7484, -0.0214, 0.0168, 0.0031], 61)
([0.0029, 0.294, -0.7484, -0.0198, 0.0168, -0.002], 61)
([0.0029, 0.2665, -0.6809, -0.0198, 0.0137, -0.002], 61)
([0.0029, 0.2665, -0.612, -0.0183, 0.0122, 0.0031], 61)
([0.0022, 0.2389, -0.5435, -0.0183, 0.0106, 0.0031], 61)
([0.0022, 0.211, -0.5435, -0.0152, 0.0076, -0.002], 61)
([0.0022, 0.1835, -0.4771, -0.0137, 0.0076, 0.0031], 60)
([0.0014, 0.1835, -0.4092, -0.0106, 0.0076, -0.002], 60)
([0.0007, 0.1555, -0.3412, -0.0091, 0.006, -0.002], 61)
([0.0007, 0.1275, -0.3412, -0.0076, 0.0045, 0.0031], 60)
([0.0007, 0.1004, -0.2738, -0.0045, 0.0045, 0.0031], 60)
([0.0, 0.1004, -0.2089, -0.003, 0.003, 0.0031], 60)
([0.0, 0.0761, -0.1512, -0.0014, 0.003, -0.002], 61)
([0.0, 0.055, -0.1512, -0.0014, 0.0014, 0.0031], 60)
([0.0, 0.0385, -0.1042, 0.0001, 0.0014, -0.002], 61)
([-0.0007, 0.0385, -0.0679, 0.0016, -0.0001, -0.002], 60)
([-0.0007, 0.0252, -0.0398, 0.0016, -0.0001, -0.002], 60)
([-0.0007, 0.0151, -0.0398, 0.0016, -0.0001, 0.0031], 61)
([-0.0007, 0.0096, -0.0199, 0.0016, -0.0001, 0.0031], 61)
([-0.0007, 0.0069, -0.0102, 0.0032, -0.0001, -0.002], 61)
([0.0, 0.0069, -0.0061, 0.0032, -0.0001, -0.002], 61)
([0.0, 0.006, -0.0061, 0.0032, -0.0001, -0.002], 60)
([0.0, 0.0064, -0.0051, 0.0047, -0.0001, -0.002], 60)
([0.0, 0.0064, -0.0051, 0.0047, -0.0001, 0.0031], 60)
([0.0, 0.005, -0.0041, 0.0047, -0.0001, 0.0031], 61)
([0.0, 0.0028, -0.0041, 0.0047, -0.0001, 0.0031], 61)
([0.0, 0.0, -0.0031, 0.0047, -0.0001, 0.0031], 60)
([0.0, 0.0, -0.0031, 0.0047, -0.0001, -0.002], 60)
([0.0, 0.0, -0.0026, 0.0047, -0.0001, -0.002], 61)
([0.0, 0.0, -0.0026, 0.0062, -0.0001, -0.002], 61)
([0.0007, -0.0023, -0.0026, 0.0047, -0.0108, 0.0031], 61)
([0.0007, -0.0055, 0.001, -0.0091, -0.0277, 0.0031], 60)
([0.0029, -0.0055, 0.0097, -0.0413, -0.0507, 0.0031], 61)
([0.0051, -0.0142, 0.0255, -0.0689, -0.0722, 0.0031], 60)
([0.0094, -0.0307, 0.0255, -0.1318, -0.1167, 0.0031], 60)
([0.0094, -0.0537, 0.0485, -0.2009, -0.1704, -0.002], 60)
([0.0137, -0.0537, 0.0782, -0.2822, -0.2348, 0.0031], 60)
([0.0188, -0.083, 0.1149, -0.3435, -0.2854, 0.0031], 61)
([0.0217, -0.1169, 0.1149, -0.4432, -0.3713, -0.002], 61)
([0.0217, -0.1559, 0.1573, -0.5184, -0.4311, 0.0031], 61)
([0.026, -0.1559, 0.2038, -0.6288, -0.5186, 0.0031], 61)
([0.0332, -0.1981, 0.2513, -0.7132, -0.5922, 0.0031], 60)
([0.039, -0.2403, 0.2513, -0.8129, -0.6766, 0.0031], 61)
([0.039, -0.2816, 0.2988, -0.9004, -0.7456, 0.0031], 60)
([0.0455, -0.2816, 0.3469, -1.0047, -0.8376, 0.0031], 60)
([0.0527, -0.3233, 0.3949, -1.0599, -0.8883, 0.0031], 61)
([0.0599, -0.3664, 0.3949, -1.1795, -0.9972, 0.0031], 60)
([0.0599, -0.4086, 0.4439, -1.2792, -1.08, 0.0031], 61)
([0.0664, -0.4481, 0.4909, -1.4158, -1.1951, 0.0031], 61)
([0.0729, -0.4481, 0.5333, -1.4848, -1.258, 0.0031], 61)
([0.078, -0.4825, 0.5701, -1.5738, -1.3408, 0.0031], 61)
([0.0831, -0.5132, 0.5701, -1.6382, -1.3945, 0.0031], 60)
([0.0831, -0.5389, 0.6023, -1.6842, -1.4374, 0.0031], 60)
([0.0859, -0.5389, 0.6278, -1.7333, -1.4835, 0.0031], 60)
([0.0896, -0.5586, 0.6472, -1.7532, -1.508, 0.0031], 60)
([0.0917, -0.5719, 0.6472, -1.7655, -1.5218, 0.0082], 60)
([0.0917, -0.5806, 0.66, -1.7701, -1.5264, 0.0031], 61)
([0.0924, -0.5806, 0.6661, -1.7701, -1.5264, 0.0031], 60)
([0.0939, -0.5843, 0.6692, -1.7701, -1.5264, 0.0031], 60)
([0.0939, -0.5843, 0.6692, -1.7732, -1.5264, 0.0031], 61)
([0.0939, -0.5838, 0.6666, -1.7809, -1.5356, 0.0031], 61)
([0.0917, -0.5838, 0.6646, -1.7824, -1.5371, 0.0031], 61)
([0.0802, -0.5815, 0.6579, -1.7824, -1.5356, 0.0031], 61)
([0.0614, -0.5815, 0.6579, -1.7778, -1.5249, 0.0031], 61)
([0.0614, -0.5815, 0.6462, -1.7517, -1.4973, 0.0082], 61)
([0.0282, -0.5815, 0.6273, -1.6996, -1.4789, 0.0082], 60)
([-0.0166, -0.582, 0.6007, -1.629, -1.4466, 0.0031], 60)
([-0.0744, -0.5825, 0.6007, -1.5508, -1.4129, 0.0031], 61)
([-0.1437, -0.5829, 0.568, -1.448, -1.3607, 0.0031], 61)
([-0.1437, -0.5834, 0.5282, -1.3851, -1.3285, 0.0031], 61)
([-0.2253, -0.5834, 0.4827, -1.2808, -1.2794, 0.0082], 61)
([-0.3142, -0.5843, 0.4332, -1.2102, -1.2457, 0.0082], 61)
([-0.4088, -0.5847, 0.4332, -1.1013, -1.1935, 0.0031], 60)
([-0.4088, -0.5857, 0.3801, -1.0215, -1.1629, 0.0031], 60)
([-0.5048, -0.5857, 0.328, -0.9126, -1.1291, 0.0082], 60)
([-0.6002, -0.5866, 0.2753, -0.8221, -1.0769, 0.0031], 60)
([-0.694, -0.5875, 0.2753, -0.7147, -1.0217, 0.0082], 60)
([-0.694, -0.588, 0.2227, -0.6365, -0.9834, 0.0031], 61)
([-0.7901, -0.588, 0.1696, -0.5368, -0.9389, 0.0082], 61)
([-0.8825, -0.5889, 0.1185, -0.457, -0.9036, 0.0082], 60)
([-0.9678, -0.5898, 0.1185, -0.3589, -0.8668, 0.0031], 60)
([-0.9678, -0.5903, 0.0715, -0.2791, -0.833, 0.0031], 61)
([-1.0458, -0.5903, 0.0296, -0.2101, -0.807, 0.0031], 60)
([-1.1115, -0.5907, -0.0061, -0.1441, -0.7824, 0.0082], 60)
([-1.1642, -0.5912, -0.0061, -0.0904, -0.7609, 0.0082], 60)
([-1.1642, -0.5912, -0.0342, -0.0597, -0.7502, 0.0082], 61)
([-1.2032, -0.5912, -0.0547, -0.0383, -0.741, 0.0031], 61)
([-1.2299, -0.5916, -0.0685, -0.0245, -0.7364, 0.0031], 61)
([-1.2436, -0.5916, -0.0751, -0.0229, -0.7364, 0.0031], 61)
([-1.2494, -0.5921, -0.0751, -0.0229, -0.7364, 0.0082], 61)
([-1.2494, -0.5921, -0.0787, -0.0229, -0.7364, 0.0031], 61)
([-1.2523, -0.5921, -0.0792, -0.0245, -0.7364, 0.0031], 60)
([-1.253, -0.5921, -0.0787, -0.0245, -0.7364, 0.0031], 61)
([-1.2501, -0.5921, -0.0787, -0.0214, -0.7364, 0.0082], 61)
([-1.2501, -0.5889, -0.0782, -0.0198, -0.7364, 0.0031], 61)
([-1.2444, -0.5829, -0.0766, -0.0137, -0.7364, 0.0082], 61)
([-1.2263, -0.5829, -0.0741, -0.0045, -0.7364, 0.0031], 61)
([-1.1974, -0.5742, -0.0715, 0.0139, -0.7425, 0.0031], 61)
([-1.1534, -0.5614, -0.0715, 0.0277, -0.7487, 0.0082], 60)
([-1.1534, -0.5439, -0.07, 0.0568, -0.7594, 0.0031], 61)
([-1.097, -0.5439, -0.0674, 0.0845, -0.7702, 0.0031], 60)
([-1.027, -0.5224, -0.0633, 0.1075, -0.7778, 0.0031], 60)
([-0.9446, -0.4972, -0.0633, 0.1428, -0.7947, 0.0031], 60)
([-0.9446, -0.4687, -0.0603, 0.1734, -0.8085, 0.0082], 61)
([-0.8544, -0.4687, -0.0562, 0.2118, -0.8254, 0.0082], 61)
([-0.7619, -0.4394, -0.0526, 0.2471, -0.8438, 0.0031], 60)
([-0.6673, -0.4086, -0.0526, 0.2747, -0.8545, 0.0031], 60)
([-0.6673, -0.3784, -0.0485, 0.3161, -0.8714, 0.0031], 60)
([-0.5727, -0.3784, -0.045, 0.3606, -0.8867, 0.0031], 61)
([-0.4767, -0.3476, -0.0409, 0.3913, -0.899, 0.0031], 61)
([-0.4767, -0.3165, -0.0409, 0.4265, -0.9159, 0.0031], 60)
([-0.3799, -0.2862, -0.0373, 0.4572, -0.9282, 0.0031], 61)
([-0.2838, -0.2862, -0.0337, 0.491, -0.9389, 0.0082], 61)
([-0.1878, -0.2559, -0.0296, 0.5339, -0.9558, 0.0031], 61)
([-0.0917, -0.2252, -0.0281, 0.5753, -0.9742, 0.0031], 61)
([0.0043, -0.1945, -0.0281, 0.6091, -0.988, 0.0031], 61)
([0.0043, -0.1633, -0.0261, 0.6382, -0.9987, 0.0082], 61)
([0.0997, -0.1633, -0.0225, 0.6796, -1.0125, 0.0082], 61)
([0.1979, -0.1321, -0.0189, 0.7088, -1.0263, 0.0031], 61)
([0.2925, -0.1018, -0.0189, 0.7517, -1.0432, 0.0082], 60)
([0.2925, -0.0711, -0.0153, 0.7809, -1.0555, 0.0082], 61)
([0.3878, -0.0711, -0.0117, 0.8162, -1.0662, 0.0031], 60)
([0.4832, -0.0404, -0.0077, 0.8499, -1.0831, 0.0031], 60)
([0.5785, -0.0092, -0.0077, 0.8821, -1.0954, 0.0082], 61)
([0.5785, 0.022, -0.0041, 0.922, -1.1092, 0.0031], 61)
([0.6753, 0.022, -0.0005, 0.9527, -1.1214, 0.0031], 60)
([0.7713, 0.0532, 0.0036, 0.9926, -1.1352, 0.0082], 61)
([0.8674, 0.0835, 0.0036, 1.0217, -1.1475, 0.0031], 61)
([0.8674, 0.1142, 0.0061, 1.0631, -1.1659, 0.0031], 61)
([0.9634, 0.1142, 0.0107, 1.0908, -1.1782, 0.0031], 60)
([1.0595, 0.1454, 0.0148, 1.1306, -1.192, 0.0082], 61)
([1.1555, 0.177, 0.0148, 1.1613, -1.2043, 0.0031], 60)
([1.2509, 0.2082, 0.023, 1.2288, -1.2227, 0.0031], 107)
([1.3469, 0.2389, 0.0271, 1.2641, -1.2411, 0.0031], 61)
([1.443, 0.2697, 0.0271, 1.2978, -1.2656, 0.0082], 61)
([1.443, 0.3004, 0.0306, 1.3331, -1.2794, 0.0082], 61)
([1.5383, 0.3004, 0.0347, 1.3745, -1.2886, 0.0031], 61)
([1.6344, 0.3311, 0.0383, 1.4022, -1.2917, 0.0031], 61)
([1.7297, 0.3623, 0.0383, 1.4451, -1.3101, 0.0031], 60)
([1.7297, 0.393, 0.0424, 1.4727, -1.3255, 0.0031], 60)
([1.8257, 0.393, 0.046, 1.508, -1.3439, 0.0031], 61)
([1.9225, 0.4242, 0.0506, 1.5356, -1.3531, 0.0082], 60)
([2.0193, 0.4545, 0.0506, 1.5694, -1.3653, 0.0031], 61)
([2.0193, 0.4848, 0.0541, 1.6108, -1.3807, 0.0082], 61)
([2.1139, 0.4848, 0.0577, 1.643, -1.3929, 0.0031], 61)
([2.2013, 0.5137, 0.0613, 1.6936, -1.4114, 0.0082], 61)
([2.28, 0.5398, 0.0644, 1.7166, -1.419, 0.0082], 61)
([2.3472, 0.5632, 0.0644, 1.7396, -1.4282, 0.0082], 61)
([2.3472, 0.5815, 0.0669, 1.755, -1.4374, 0.0031], 61)
([2.3992, 0.5815, 0.069, 1.7657, -1.442, 0.0082], 61)
([2.4389, 0.5953, 0.0705, 1.7734, -1.442, 0.0031], 61)
([2.4663, 0.6045, 0.0705, 1.7795, -1.4482, 0.0082], 61)
([2.4663, 0.61, 0.0715, 1.7795, -1.4482, 0.0031], 61)
([2.4808, 0.61, 0.0725, 1.7795, -1.4466, 0.0031], 60)
([2.4866, 0.61, 0.0736, 1.7795, -1.4466, 0.0031], 60)
([2.4873, 0.61, 0.0736, 1.7795, -1.4466, 0.0031], 60)
([2.4873, 0.61, 0.0736, 1.7795, -1.4482, 0.0031], 61)
([2.4866, 0.61, 0.073, 1.7795, -1.4466, 0.0031], 61)
([2.4779, 0.6095, 0.0679, 1.781, -1.4482, 0.0031], 61)
([2.4591, 0.6086, 0.0679, 1.781, -1.442, 0.0082], 60)
([2.4591, 0.6072, 0.0587, 1.778, -1.4252, 0.0031], 61)
([2.4302, 0.6072, 0.0424, 1.7703, -1.4083, 0.0082], 61)
([2.3891, 0.6049, 0.0194, 1.7258, -1.3791, 0.0082], 60)
([2.3349, 0.6022, 0.0194, 1.6798, -1.3531, 0.0031], 61)
([2.3349, 0.5994, -0.0107, 1.6522, -1.3285, 0.0031], 60)
([2.2692, 0.5994, -0.047, 1.5832, -1.2779, 0.0031], 61)
([2.1912, 0.5971, -0.0889, 1.5325, -1.2349, 0.0031], 61)
([2.1031, 0.5948, -0.0889, 1.4758, -1.1966, 0.0082], 60)
([2.1031, 0.5925, -0.1359, 1.4098, -1.1429, 0.0082], 60)
([2.0106, 0.5925, -0.1854, 1.3807, -1.1214, 0.0031], 60)
([1.9153, 0.5907, -0.236, 1.3178, -1.0662, 0.0082], 60)
([1.82, 0.5866, -0.236, 1.2595, -1.0217, 0.0082], 61)
([1.7246, 0.5829, -0.2861, 1.1874, -0.9619, 0.0031], 61)
([1.7246, 0.5792, -0.3371, 1.1245, -0.9128, 0.0031], 61)
([1.6286, 0.5792, -0.3893, 1.0815, -0.8791, 0.0031], 61)
([1.5325, 0.5747, -0.4403, 1.0248, -0.8346, 0.0031], 61)
([1.4372, 0.5705, -0.4403, 0.9665, -0.787, 0.0031], 61)
([1.4372, 0.5664, -0.4909, 0.922, -0.7487, 0.0082], 61)
([1.3419, 0.5664, -0.542, 0.8668, -0.7073, 0.0031], 61)
([1.2458, 0.5618, -0.5926, 0.8085, -0.6566, 0.0031], 61)
([1.149, 0.5577, -0.5926, 0.7609, -0.6198, 0.0031], 60)
([1.149, 0.5531, -0.6436, 0.7165, -0.583, 0.0031], 60)
([1.0537, 0.5531, -0.6957, 0.6582, -0.537, 0.0031], 60)
([0.9569, 0.549, -0.7473, 0.6091, -0.4986, 0.0082], 60)
([0.8601, 0.5444, -0.7473, 0.5508, -0.4511, 0.0082], 60)
([0.8601, 0.5403, -0.7994, 0.4986, -0.4066, 0.0082], 61)
([0.7648, 0.5403, -0.8505, 0.4634, -0.3775, 0.0082], 61)
([0.668, 0.5366, -0.9016, 0.4173, -0.3406, 0.0031], 60)
([0.5713, 0.5315, -0.9016, 0.3514, -0.29, 0.0031], 60)
([0.5713, 0.5274, -0.9522, 0.2977, -0.2486, 0.0031], 61)
([0.4767, 0.5233, -1.0028, 0.2241, -0.1842, 0.0031], 66)
([0.3842, 0.5233, -1.0523, 0.178, -0.1489, 0.0031], 60)
([0.2983, 0.5196, -1.0973, 0.132, -0.1105, 0.0031], 61)
([0.2239, 0.516, -1.0973, 0.0998, -0.0845, 0.0082], 60)
([0.2239, 0.5127, -1.1366, 0.063, -0.0538, 0.0031], 61)
([0.1589, 0.5127, -1.1703, 0.0461, -0.04, 0.0031], 60)
([0.1047, 0.5105, -1.1984, 0.02, -0.017, 0.0031], 61)
([0.0621, 0.5082, -1.1984, 0.0032, -0.0047, 0.0082], 60)
([0.0621, 0.5068, -1.2193, -0.0091, 0.0045, 0.0082], 61)
([0.0318, 0.5068, -1.2352, -0.0152, 0.0122, 0.0031], 61)
([0.013, 0.5059, -1.2444, -0.0152, 0.0137, 0.0082], 60)
([0.013, 0.5054, -1.2444, -0.0152, 0.0137, 0.0082], 60)
([0.0043, 0.5054, -1.2485, -0.0152, 0.0137, 0.0031], 61)
([0.0043, 0.5054, -1.2474, -0.0214, 0.0183, 0.0031], 61)
([0.0043, 0.5049, -1.2454, -0.0229, 0.0183, 0.0031], 61)
([0.0058, 0.5027, -1.2454, -0.0229, 0.0183, 0.0082], 61)
([0.0101, 0.5004, -1.2372, -0.0229, 0.0183, 0.0031], 61)
([0.0101, 0.4939, -1.2199, -0.0229, 0.0183, 0.0082], 61)
([0.0101, 0.4939, -1.1948, -0.0229, 0.0183, 0.0082], 61)
([0.0108, 0.4829, -1.1616, -0.0229, 0.0183, 0.0031], 60)
([0.0108, 0.4669, -1.1616, -0.0229, 0.0183, 0.0031], 60)
([0.0108, 0.4472, -1.1162, -0.0229, 0.0183, 0.0082], 61)
([0.0101, 0.4472, -1.0615, -0.0229, 0.0168, 0.0031], 61)
([0.0094, 0.4238, -0.9997, -0.0229, 0.0183, 0.0082], 61)
([0.0087, 0.3976, -0.9997, -0.0229, 0.0183, 0.0082], 60)
([0.0079, 0.3701, -0.8679, -0.0214, 0.0168, 0.0031], 92)
([0.0079, 0.3426, -0.8679, -0.0198, 0.0168, 0.0031], 60)
([0.0079, 0.3151, -0.8005, -0.0198, 0.0168, 0.0082], 60)
([0.0072, 0.3151, -0.7315, -0.0183, 0.0168, 0.0082], 61)
([0.0065, 0.2876, -0.6625, -0.0183, 0.0137, 0.0031], 61)
([0.0058, 0.2596, -0.6625, -0.0183, 0.0122, 0.0082], 61)
([0.0058, 0.2321, -0.5946, -0.0152, 0.0106, 0.0082], 60)
([0.0051, 0.2321, -0.5267, -0.0122, 0.0091, 0.0082], 61)
([0.0043, 0.2041, -0.4603, -0.0106, 0.0076, 0.0031], 61)
([0.0036, 0.1761, -0.4603, -0.0106, 0.0076, 0.0031], 60)
([0.0036, 0.1481, -0.3923, -0.0076, 0.006, 0.0082], 60)
([0.0029, 0.1481, -0.3239, -0.0045, 0.003, 0.0082], 60)
([0.0022, 0.1206, -0.2569, -0.003, 0.003, 0.0031], 61)
([0.0014, 0.094, -0.2569, -0.003, 0.003, 0.0082], 61)
([0.0014, 0.0702, -0.1936, -0.0014, 0.003, 0.0082], 60)
([0.0014, 0.0702, -0.1384, 0.0001, 0.003, 0.0031], 61)
([0.0007, 0.0504, -0.095, 0.0001, -0.0001, 0.0031], 61)
([0.0007, 0.0349, -0.0608, 0.0016, -0.0001, 0.0031], 61)
([0.0, 0.0225, -0.0608, 0.0016, -0.0001, 0.0082], 61)
([0.0, 0.0133, -0.0342, 0.0016, -0.0001, 0.0082], 61)
([0.0, 0.0133, -0.0169, 0.0016, -0.0001, 0.0082], 60)
([0.0, 0.0087, -0.0087, 0.0032, -0.0001, 0.0031], 60)
([0.0, 0.0069, -0.0087, 0.0032, -0.0001, 0.0082], 60)
([0.0, 0.0069, -0.0051, 0.0047, -0.0001, 0.0082], 60)
([0.0, 0.0069, -0.0051, 0.0047, -0.0001, 0.0031], 61)
([0.0, 0.0064, -0.0046, 0.0047, -0.0001, 0.0031], 61)
([0.0, 0.0041, -0.0036, 0.0047, -0.0001, 0.0082], 61)
([0.0, 0.0032, -0.0036, 0.0047, -0.0016, 0.0031], 61)
([0.0, 0.0009, -0.0031, 0.0047, -0.0001, 0.0031], 61)
([0.0, 0.0009, -0.002, 0.0047, -0.0001, 0.0031], 61)
([0.0, 0.0009, -0.0026, 0.0047, -0.0001, 0.0082], 61)
([0.0, 0.0009, -0.0026, 0.0062, -0.0001, 0.0031], 61)
([0.0, -0.0009, -0.0026, 0.0047, -0.0047, 0.0082], 61)
([0.0007, -0.0009, 0.0015, 0.0016, -0.017, 0.0031], 60)
([0.0029, -0.0041, 0.0102, -0.026, -0.0415, 0.0082], 61)
([0.0029, -0.0138, 0.0102, -0.0567, -0.063, 0.0031], 60)
([0.0043, -0.0138, 0.0261, -0.1058, -0.0967, 0.0082], 60)
([0.0065, -0.0307, 0.049, -0.1702, -0.1489, 0.0031], 60)
([0.0094, -0.0546, 0.0792, -0.2469, -0.2056, 0.0082], 60)
([0.0094, -0.0835, 0.0792, -0.3036, -0.2486, 0.0082], 61)
([0.0137, -0.1179, 0.116, -0.3926, -0.3238, 0.0082], 61)
([0.0195, -0.1179, 0.1584, -0.4693, -0.3882, 0.0031], 61)
([0.0253, -0.1573, 0.2048, -0.5705, -0.4695, 0.0031], 61)
([0.0253, -0.199, 0.2048, -0.6549, -0.5401, 0.0031], 61)
([0.0325, -0.2417, 0.2529, -0.7945, -0.6566, 0.0082], 61)
([0.0397, -0.2834, 0.3009, -0.8804, -0.7287, 0.0031], 61)
([0.0462, -0.2834, 0.3484, -0.9893, -0.8238, 0.0082], 61)
([0.0534, -0.3256, 0.3964, -1.1013, -0.922, 0.0082], 60)
([0.0534, -0.3683, 0.3964, -1.178, -0.9926, 0.0031], 61)
([0.0599, -0.4105, 0.4454, -1.2654, -1.0647, 0.0082], 61)
([0.0664, -0.4105, 0.4919, -1.3667, -1.1536, 0.0082], 61)
([0.0729, -0.4495, 0.4919, -1.448, -1.2242, 0.0082], 61)
([0.0729, -0.4843, 0.5343, -1.537, -1.304, 0.0082], 61)
([0.078, -0.515, 0.5716, -1.5968, -1.3592, 0.0082], 61)
([0.0831, -0.515, 0.6033, -1.6658, -1.419, 0.0082], 61)
([0.0867, -0.5403, 0.6288, -1.7057, -1.4574, 0.0082], 61)
([0.0867, -0.5595, 0.6288, -1.744, -1.4988, 0.0031], 60)
([0.0896, -0.5728, 0.6477, -1.7609, -1.5187, 0.0082], 61)
([0.0917, -0.5728, 0.66, -1.7701, -1.5264, 0.0082], 61)
([0.0924, -0.5811, 0.66, -1.7717, -1.5264, 0.0082], 60)
([0.0924, -0.5843, 0.6661, -1.7717, -1.5264, 0.0031], 61)
([0.0939, -0.5843, 0.6692, -1.7717, -1.5249, 0.0031], 60)
([0.0939, -0.5847, 0.6671, -1.7747, -1.5279, 0.0082], 61)
([0.0924, -0.5843, 0.6651, -1.7809, -1.5356, 0.0082], 61)
([0.0831, -0.5825, 0.6585, -1.7824, -1.5356, 0.0031], 61)
([0.0831, -0.5825, 0.6585, -1.7809, -1.5295, 0.0082], 61)
([0.0636, -0.5825, 0.6472, -1.7671, -1.5095, 0.0082], 61)
([0.0318, -0.5825, 0.6288, -1.7118, -1.4804, 0.0082], 61)
([-0.0123, -0.5825, 0.6033, -1.6535, -1.4574, 0.0082], 60)
([-0.0123, -0.5829, 0.6033, -1.5738, -1.4236, 0.0082], 61)
([-0.0701, -0.5829, 0.5706, -1.5124, -1.3914, 0.0082], 61)
([-0.1387, -0.5834, 0.5313, -1.4449, -1.3607, 0.0082], 60)
([-0.2196, -0.5843, 0.5313, -1.3559, -1.3132, 0.0082], 60)
([-0.2196, -0.5847, 0.4858, -1.2685, -1.2702, 0.0082], 60)
([-0.3084, -0.5847, 0.4362, -1.1826, -1.2319, 0.0082], 60)
([-0.403, -0.5857, 0.3836, -1.0752, -1.1859, 0.0082], 60)
([-0.4983, -0.5866, 0.3315, -0.9909, -1.149, 0.0082], 60)
([-0.4983, -0.587, 0.3315, -0.8835, -1.0984, 0.0031], 60)
([-0.5944, -0.587, 0.2789, -0.7899, -1.0539, 0.0082], 60)
([-0.689, -0.588, 0.2258, -0.6902, -1.0187, 0.0082], 60)
([-0.785, -0.5889, 0.1727, -0.6135, -0.9818, 0.0082], 60)
([-0.8775, -0.5893, 0.1211, -0.4877, -0.9235, 0.0082], 60)
([-0.8775, -0.5903, 0.1211, -0.3926, -0.8883, 0.0082], 61)
([-0.9641, -0.5903, 0.0736, -0.3174, -0.8545, 0.0082], 60)
([-1.0421, -0.5907, 0.0317, -0.2285, -0.8146, 0.0082], 61)
([-1.1086, -0.5912, -0.0046, -0.1886, -0.7978, 0.0082], 60)
([-1.1086, -0.5916, -0.0046, -0.1134, -0.7702, 0.0082], 60)
([-1.162, -0.5916, -0.0332, -0.0643, -0.7517, 0.0082], 60)
([-1.2017, -0.5916, -0.0541, -0.0444, -0.7441, 0.0082], 60)
([-1.2285, -0.5921, -0.0679, -0.0291, -0.7379, 0.0031], 60)
([-1.2285, -0.5921, -0.0679, -0.0229, -0.7364, 0.0031], 60)
([-1.2429, -0.5921, -0.0751, -0.0229, -0.7364, 0.0082], 60)
([-1.2494, -0.5921, -0.0787, -0.0229, -0.7364, 0.0082], 60)
([-1.2523, -0.5921, -0.0787, -0.0229, -0.7364, 0.0082], 60)
([-1.253, -0.5921, -0.0792, -0.0229, -0.7364, 0.0082], 61)
([-1.253, -0.5921, -0.0792, -0.0229, -0.7364, 0.0031], 61)
([-1.2523, -0.5921, -0.0792, -0.0214, -0.7364, 0.0082], 61)
([-1.248, -0.5903, -0.0792, -0.0198, -0.7364, 0.0082], 60)
([-1.2321, -0.5847, -0.0792, -0.0152, -0.7364, 0.0082], 60)
([-1.2321, -0.5765, -0.0776, -0.006, -0.7364, 0.0082], 61)
([-1.2068, -0.5765, -0.0756, 0.0108, -0.7395, 0.0082], 60)
([-1.1671, -0.565, -0.0746, 0.0338, -0.7517, 0.0031], 61)
([-1.1144, -0.549, -0.0746, 0.0553, -0.7594, 0.0082], 60)
([-1.1144, -0.5293, -0.072, 0.0845, -0.7702, 0.0031], 60)
([-1.0486, -0.5293, -0.0705, 0.1059, -0.7794, 0.0082], 60)
([-0.9685, -0.5045, -0.0679, 0.1443, -0.7962, 0.0082], 60)
([-0.8796, -0.4765, -0.0679, 0.175, -0.8085, 0.0082], 61)
([-0.8796, -0.4472, -0.0644, 0.2133, -0.8269, 0.0031], 60)
([-0.7872, -0.4472, -0.0613, 0.2547, -0.8453, 0.0031], 60)
([-0.6933, -0.4169, -0.0572, 0.2839, -0.8561, 0.0031], 60)
([-0.5994, -0.3866, -0.0572, 0.3253, -0.8729, 0.0082], 61)
([-0.5994, -0.3554, -0.0536, 0.356, -0.8852, 0.0031], 60)
([-0.5027, -0.3252, -0.0501, 0.4066, -0.9051, 0.0082], 63)
([-0.4073, -0.3252, -0.046, 0.4342, -0.9174, 0.0031], 61)
([-0.3105, -0.2949, -0.0424, 0.4664, -0.9312, 0.0031], 61)
([-0.3105, -0.2637, -0.0424, 0.5017, -0.942, 0.0082], 61)
([-0.2145, -0.2339, -0.0383, 0.5401, -0.9604, 0.0082], 60)
([-0.1184, -0.2339, -0.0342, 0.5753, -0.9711, 0.0031], 60)
([-0.0217, -0.2027, -0.0306, 0.6075, -0.9849, 0.0082], 63)
([0.0744, -0.1711, -0.0306, 0.6398, -1.0002, 0.0082], 61)
([0.0744, -0.1403, -0.0266, 0.6735, -1.011, 0.0082], 60)
([0.1704, -0.1403, -0.0225, 0.7119, -1.0279, 0.0082], 61)
([0.2679, -0.1096, -0.0189, 0.7456, -1.0401, 0.0082], 61)
([0.364, -0.0793, -0.0189, 0.7824, -1.0555, 0.0082], 61)
([0.364, -0.0793, -0.0148, 0.8223, -1.0693, 0.0082], 60)
([0.4579, -0.0482, -0.0107, 0.8561, -1.0846, 0.0082], 60)
([0.5532, -0.017, -0.0066, 0.8944, -1.1, 0.0082], 63)
([0.6493, 0.0142, -0.0031, 0.9205, -1.1092, 0.0082], 61)
([0.7468, 0.0454, -0.0031, 0.9558, -1.123, 0.0082], 61)
([0.7468, 0.0761, 0.001, 0.9972, -1.1398, 0.0082], 60)
([0.8428, 0.0761, 0.0046, 1.0401, -1.1582, 0.0082], 63)
([0.9381, 0.1069, 0.0087, 1.0723, -1.1705, 0.0082], 61)
([1.0335, 0.1376, 0.0087, 1.1076, -1.1828, 0.0031], 60)
([1.0335, 0.1688, 0.0123, 1.1368, -1.1951, 0.0031], 60)
([1.1303, 0.1688, 0.0169, 1.1736, -1.2104, 0.0082], 60)
([1.2249, 0.2, 0.0204, 1.2165, -1.2242, 0.0082], 61)
([1.3216, 0.2311, 0.0204, 1.2442, -1.2303, 0.0082], 61)
([1.3216, 0.2619, 0.025, 1.2779, -1.2426, 0.0031], 60)
([1.4177, 0.2619, 0.0286, 1.304, -1.261, 0.0082], 60)
([1.5137, 0.2931, 0.0327, 1.3439, -1.2779, 0.0031], 60)
([1.6098, 0.3238, 0.0368, 1.3991, -1.3024, 0.0082], 63)
([1.7058, 0.355, 0.0368, 1.4298, -1.307, 0.0082], 60)
([1.7058, 0.3862, 0.0409, 1.4589, -1.3116, 0.0082], 60)
([1.8019, 0.3862, 0.0444, 1.4957, -1.3347, 0.0082], 61)
([1.8994, 0.4174, 0.0485, 1.5279, -1.3485, 0.0082], 61)
([1.9955, 0.4481, 0.0485, 1.5678, -1.3638, 0.0082], 60)
([1.9955, 0.4779, 0.0531, 1.5878, -1.3745, 0.0082], 61)
([2.0908, 0.4779, 0.0567, 1.6322, -1.3914, 0.0031], 63)
([2.1811, 0.5072, 0.0603, 1.666, -1.4037, 0.0082], 61)
([2.2619, 0.5338, 0.0603, 1.7043, -1.416, 0.0082], 62)
([2.2619, 0.5581, 0.0639, 1.7212, -1.4236, 0.0082], 61)
([2.3313, 0.5779, 0.0664, 1.7488, -1.4344, 0.0031], 67)
([2.3883, 0.5779, 0.069, 1.7642, -1.4405, 0.0031], 61)
([2.4302, 0.5921, 0.0705, 1.7734, -1.442, 0.0082], 61)
([2.4606, 0.6026, 0.0705, 1.7795, -1.4436, 0.0082], 61)
([2.4606, 0.6026, 0.0715, 1.7795, -1.4436, 0.0031], 61)
([2.4779, 0.6091, 0.072, 1.7795, -1.4451, 0.0082], 61)
([2.4866, 0.6104, 0.0736, 1.7795, -1.4451, 0.0082], 61)
([2.4887, 0.6104, 0.0736, 1.7795, -1.4451, 0.0082], 60)
([2.4887, 0.61, 0.0736, 1.7795, -1.4466, 0.0082], 60)
([2.4866, 0.61, 0.0736, 1.7795, -1.4482, 0.0082], 61)
([2.4829, 0.61, 0.071, 1.781, -1.4482, 0.0082], 62)
([2.4692, 0.6086, 0.071, 1.781, -1.4466, 0.0082], 60)
([2.4692, 0.6072, 0.0633, 1.7795, -1.4359, 0.0031], 61)
([2.4461, 0.6072, 0.0521, 1.7764, -1.419, 0.0082], 61)
([2.4107, 0.6054, 0.0322, 1.7565, -1.3929, 0.0082], 62)
([2.3638, 0.6026, 0.0322, 1.7212, -1.3745, 0.0031], 61)
([2.3638, 0.6003, 0.0061, 1.6783, -1.35, 0.0082], 62)
([2.3046, 0.6003, -0.0261, 1.6338, -1.3101, 0.0031], 62)
([2.2331, 0.598, -0.0654, 1.5555, -1.2488, 0.0082], 62)
([2.1493, 0.5967, -0.1103, 1.4927, -1.2073, 0.0031], 63)
([2.0583, 0.5925, -0.1103, 1.4436, -1.1644, 0.0082], 60)
([2.0583, 0.5907, -0.1589, 1.3975, -1.1306, 0.0082], 61)
([1.9651, 0.5907, -0.2094, 1.3377, -1.0831, 0.0082], 62)
([1.8705, 0.5884, -0.258, 1.3009, -1.0539, 0.0031], 64)
([1.7745, 0.5847, -0.258, 1.2411, -1.0049, 0.0082], 61)
([1.7745, 0.5806, -0.3075, 1.2043, -0.9742, 0.0082], 63)
([1.6813, 0.5765, -0.3581, 1.1168, -0.9051, 0.0082], 61)
([1.5845, 0.5765, -0.4102, 1.0509, -0.8515, 0.0082], 61)
([1.4877, 0.5724, -0.4618, 0.9818, -0.8008, 0.0031], 63)
([1.4877, 0.5682, -0.4618, 0.9404, -0.764, 0.0082], 62)
([1.3953, 0.5682, -0.5093, 0.8883, -0.7211, 0.0031], 62)
([1.2985, 0.5641, -0.5604, 0.8438, -0.6873, 0.0082], 61)
([1.2039, 0.56, -0.5604, 0.8177, -0.6658, 0.0082], 61)
([1.1129, 0.5559, -0.611, 0.7425, -0.606, 0.0082], 62)
([1.1129, 0.5517, -0.659, 0.7088, -0.5707, 0.0082], 68)
([1.1129, 0.5517, -0.659, 0.7088, -0.5707, 0.0082], 63)
([0.9215, 0.5476, -0.7601, 0.6029, -0.4894, 0.0082], 62)
([0.8211, 0.543, -0.7601, 0.5477, -0.448, 0.0082], 65)
([0.8211, 0.543, -0.8148, 0.4956, -0.4051, 0.0082], 62)
([0.7229, 0.5343, -0.8674, 0.4434, -0.3606, 0.0082], 63)
([0.6225, 0.5343, -0.921, 0.3498, -0.2854, 0.0082], 61)
([0.5272, 0.5297, -0.921, 0.3038, -0.2501, 0.0082], 62)
([0.4377, 0.526, -1.0217, 0.2563, -0.2087, 0.0082], 63)
([0.3452, 0.5215, -1.0217, 0.1918, -0.1581, 0.0082], 64)
([0.3452, 0.5178, -1.0707, 0.1412, -0.1197, 0.0082], 62)
([0.2622, 0.5146, -1.1151, 0.0891, -0.0753, 0.0031], 64)
([0.1907, 0.5146, -1.1509, 0.0891, -0.0753, 0.0031], 65)
([0.1907, 0.5114, -1.1509, 0.0522, -0.043, 0.0031], 62)
([0.1307, 0.5091, -1.1826, 0.0292, -0.0277, 0.0031], 61)
([0.0809, 0.5091, -1.2081, 0.0062, -0.0078, 0.0082], 62)
([0.0455, 0.5077, -1.2275, -0.0122, 0.0076, 0.0082], 62)
([0.0202, 0.5063, -1.2275, -0.0137, 0.0106, 0.0082], 61)
([0.0202, 0.5063, -1.2403, -0.0137, 0.0106, 0.0082], 63)
([0.0051, 0.5054, -1.2403, -0.0168, 0.0137, 0.0082], 62)
([0.0007, 0.5054, -1.2403, -0.0168, 0.0137, 0.0082], 64)
([0.0007, 0.5022, -1.25, -0.0183, 0.0137, 0.0082], 63)
([-0.0007, 0.4999, -1.25, -0.0168, 0.0137, 0.0082], 61)
([-0.0007, 0.4999, -1.25, -0.0168, 0.0137, 0.0082], 62)
([-0.0007, 0.4999, -1.25, -0.0168, 0.0137, 0.0082], 61)
([-0.0007, 0.4999, -1.25, -0.0183, 0.0137, 0.0082], 61)
([-0.0007, 0.4994, -1.248, -0.0183, 0.0137, 0.0082], 61)
([0.0022, 0.4972, -1.248, -0.0183, 0.0137, 0.0082], 63)
([0.0022, 0.4949, -1.2403, -0.0183, 0.0122, 0.0031], 61)
([0.0036, 0.4949, -1.2183, -0.0168, 0.0137, 0.0082], 62)
([0.0043, 0.4903, -1.2183, -0.0168, 0.0137, 0.0082], 64)
([0.0043, 0.4903, -1.1907, -0.0168, 0.0137, 0.0082], 62)
([0.0043, 0.4903, -1.1907, -0.0168, 0.0137, 0.0082], 61)
([0.0043, 0.4903, -1.1907, -0.0168, 0.0137, 0.0082], 67)
([0.0043, 0.4816, -1.1647, -0.0183, 0.0183, 0.0082], 61)
([0.0043, 0.4476, -1.0385, -0.0183, 0.0214, 0.0082], 70)
([0.0029, 0.4031, -1.0385, -0.0198, 0.0214, 0.0082], 62)
([0.0029, 0.377, -1.0385, -0.0198, 0.0106, 0.0082], 65)
([0.0029, 0.3444, -0.8853, -0.0198, 0.0106, 0.0082], 66)
([0.0029, 0.3444, -0.8015, -0.0198, 0.0106, 0.0082], 61)
([0.0029, 0.3132, -0.7279, -0.0183, 0.0106, 0.0082], 64)
([0.0022, 0.2853, -0.6564, -0.0168, 0.0106, 0.0082], 61)
([0.0022, 0.2555, -0.5834, -0.0152, 0.0091, 0.0082], 60)
([0.0022, 0.227, -0.5834, -0.0152, 0.0091, 0.0082], 60)
([0.0022, 0.227, -0.5139, -0.0137, 0.0091, 0.0082], 60)
([0.0014, 0.1986, -0.4454, -0.0137, 0.0076, 0.0082], 61)
([0.0014, 0.1702, -0.3765, -0.0122, 0.0076, 0.0082], 63)
([0.0007, 0.1417, -0.308, -0.0106, 0.0076, 0.0082], 62)
([0.0007, 0.1142, -0.308, -0.0076, 0.0076, 0.0082], 61)
([0.0007, 0.1142, -0.2416, -0.006, 0.0076, 0.0082], 65)
([0.0007, 0.0885, -0.1803, -0.0045, 0.006, 0.0082], 61)
([0.0007, 0.0651, -0.1272, -0.003, 0.003, 0.0082], 61)
([0.0007, 0.0463, -0.1272, -0.003, 0.003, 0.0082], 66)
([0.0, 0.0316, -0.0863, -0.003, 0.003, 0.0082], 64)
([0.0, 0.0316, -0.0547, 0.0001, 0.0014, 0.0082], 62)
([0.0, 0.0202, -0.0306, 0.0016, 0.0014, 0.0082], 62)
([0.0, 0.0119, -0.0148, 0.0016, 0.0014, 0.0082], 63)
([0.0, 0.0119, -0.0148, 0.0016, 0.0014, 0.0082], 62)
([0.0, 0.0078, -0.0148, 0.0032, 0.0014, 0.0082], 67)
([0.0, 0.0078, -0.0148, 0.0032, 0.0014, 0.0082], 68)
([0.0, 0.0055, -0.0148, 0.0047, -0.0001, 0.0082], 61)
([0.0, 0.0046, -0.0077, 0.0047, -0.0001, 0.0082], 64)
([0.0, 0.0046, -0.002, 0.0047, -0.0001, 0.0082], 66)
([0.0, 0.0041, -0.0015, 0.0047, -0.0001, 0.0082], 65)
([0.0, 0.0032, 0.0, 0.0047, -0.0001, 0.0082], 63)
([0.0, 0.0028, 0.0, 0.0047, -0.0001, 0.0082], 63)
([0.0, 0.0032, 0.0, 0.0047, -0.0001, 0.0082], 66)
([0.0, 0.0032, 0.0, 0.0047, -0.0001, 0.0082], 63)
([0.0, 0.0018, -0.0015, 0.0047, -0.0001, 0.0082], 67)
([0.0, 0.0018, -0.0015, 0.0047, -0.0001, 0.0082], 69)
([0.0, 0.0, -0.0015, 0.0047, -0.0001, 0.0082], 66)
([0.0, 0.0, -0.0005, 0.0047, -0.0001, 0.0082], 66)
([0.0, 0.0, 0.0, 0.0047, -0.0001, 0.0082], 67)
([0.0, 0.0005, 0.0, 0.0047, -0.0001, 0.0082], 69)
([0.0, 0.0, 0.0, 0.0047, -0.0001, 0.0082], 67)
([0.0, 0.0, 0.0, 0.0047, -0.0001, 0.0082], 62)
([0.0, 0.0, 0.0, 0.0047, -0.0001, 0.0082], 62)
([0.0, 0.0, 0.0, 0.0047, -0.0001, 0.0082], 74)
([0.0, 0.0, 0.0, 0.0047, -0.0001, 0.0082], 62)
([0.0, 0.0, 0.0, 0.0047, -0.0001, 0.0082], 62)
([0.0, 0.0, 0.0, 0.0047, -0.0001, 0.0082], 67)
([0.0007, -0.0009, 0.0015, 0.0047, -0.0016, 0.0082], 64)
([0.0014, -0.0023, 0.0015, 0.0001, -0.0124, 0.0082], 62)
([0.0022, -0.0092, 0.0015, -0.0413, -0.0461, 0.0082], 63)
([0.0036, -0.0216, 0.0158, -0.1073, -0.0952, 0.0082], 62)
([0.0036, -0.0408, 0.0332, -0.1441, -0.1274, 0.0082], 63)
([0.0058, -0.0408, 0.0332, -0.2101, -0.178, 0.0082], 63)
([0.0058, -0.0651, 0.0577, -0.2101, -0.178, 0.0082], 63)
([0.0101, -0.0945, 0.0879, -0.3343, -0.2823, 0.0082], 66)
([0.0159, -0.0945, 0.0879, -0.477, -0.4005, 0.0082], 62)
([0.0159, -0.1307, 0.1246, -0.546, -0.4572, 0.0082], 65)
([0.0282, -0.1683, 0.2166, -0.6258, -0.5201, 0.0082], 62)
([0.0354, -0.2151, 0.2687, -0.7715, -0.6459, 0.0082], 64)
([0.0419, -0.2596, 0.3177, -0.908, -0.7594, 0.0082], 73)
([0.0491, -0.3004, 0.3177, -1.0062, -0.8469, 0.0082], 63)
([0.0491, -0.3444, 0.3663, -1.0277, -0.8668, 0.0082], 65)
([0.0563, -0.3866, 0.4133, -1.1903, -1.0125, 0.0082], 68)
([0.0621, -0.3866, 0.4633, -1.3145, -1.1138, 0.0082], 62)
([0.0686, -0.4288, 0.5093, -1.3943, -1.1828, 0.0082], 62)
([0.0744, -0.466, 0.5093, -1.4649, -1.2426, 0.0082], 62)
([0.0744, -0.4981, 0.5497, -1.5784, -1.3439, 0.0082], 61)
([0.0802, -0.5274, 0.5849, -1.6581, -1.4144, 0.0082], 62)
([0.0845, -0.5274, 0.615, -1.6858, -1.439, 0.0082], 60)
([0.0881, -0.5499, 0.638, -1.7425, -1.4957, 0.0082], 62)
([0.0903, -0.5664, 0.638, -1.7609, -1.5172, 0.0082], 60)
([0.0903, -0.5774, 0.6539, -1.7701, -1.5249, 0.0082], 61)
([0.0917, -0.5774, 0.6636, -1.7732, -1.5264, 0.0082], 61)
([0.0924, -0.5829, 0.6677, -1.7732, -1.5279, 0.0082], 64)
([0.0932, -0.5852, 0.6677, -1.7732, -1.5264, 0.0082], 60)
([0.0932, -0.5861, 0.6702, -1.7732, -1.5249, 0.0082], 60)
([0.0946, -0.5866, 0.6707, -1.7732, -1.5141, 0.0082], 61)
([0.0946, -0.5866, 0.6702, -1.7732, -1.5126, 0.0082], 61)
([0.0932, -0.5861, 0.6692, -1.7732, -1.5295, 0.0082], 61)
([0.0859, -0.5847, 0.6692, -1.7747, -1.5295, 0.0082], 61)
([0.0859, -0.5838, 0.6615, -1.7732, -1.5264, 0.0082], 61)
([0.0679, -0.5838, 0.6493, -1.7655, -1.5141, 0.0082], 61)
([0.0383, -0.5838, 0.6314, -1.7333, -1.4927, 0.0082], 61)
([-0.0043, -0.5843, 0.6314, -1.6796, -1.4712, 0.0082], 60)
([-0.0043, -0.5847, 0.6064, -1.6029, -1.4374, 0.0082], 61)
([-0.0599, -0.5847, 0.5747, -1.5431, -1.4129, 0.0082], 60)
([-0.1257, -0.5847, 0.5369, -1.4618, -1.3699, 0.0082], 61)
([-0.2044, -0.5852, 0.5369, -1.3989, -1.3423, 0.0082], 60)
([-0.2044, -0.5861, 0.4929, -1.3084, -1.2994, 0.0031], 60)
([-0.2932, -0.5866, 0.4434, -1.201, -1.2457, 0.0082], 61)
([-0.3857, -0.5866, 0.3918, -1.1044, -1.1997, 0.0082], 65)
([-0.4803, -0.587, 0.3402, -1.0001, -1.1582, 0.0082], 60)
([-0.4803, -0.588, 0.3402, -0.9065, -1.1153, 0.0082], 60)
([-0.577, -0.5884, 0.2876, -0.8068, -1.0585, 0.0082], 60)
([-0.6717, -0.5884, 0.235, -0.7239, -1.0217, 0.0082], 60)
([-0.767, -0.5893, 0.1824, -0.6028, -0.9711, 0.0082], 61)
([-0.8609, -0.5898, 0.1824, -0.5322, -0.9404, 0.0082], 60)
([-0.8609, -0.5903, 0.1298, -0.4202, -0.8929, 0.0082], 61)
([-0.949, -0.5903, 0.0817, -0.3543, -0.8714, 0.0082], 60)
([-1.0284, -0.5912, 0.0388, -0.2699, -0.8346, 0.0082], 60)
([-1.097, -0.5912, 0.0388, -0.184, -0.7978, 0.0082], 61)
([-1.097, -0.5916, 0.002, -0.138, -0.7794, 0.0082], 60)
([-1.1526, -0.5916, -0.0286, -0.0935, -0.7609, 0.0082], 60)
([-1.1952, -0.5921, -0.0506, -0.0521, -0.7456, 0.0082], 60)
([-1.1952, -0.5921, -0.0506, -0.0306, -0.7379, 0.0031], 60)
([-1.2415, -0.5921, -0.0659, -0.0245, -0.7364, 0.0031], 62)
([-1.2415, -0.5921, -0.0746, -0.0229, -0.7364, 0.0082], 60)
([-1.248, -0.5921, -0.0782, -0.0229, -0.7364, 0.0082], 60)
([-1.248, -0.5921, -0.0782, -0.0229, -0.7364, 0.0082], 61)
([-1.2516, -0.5921, -0.0792, -0.0229, -0.7364, 0.0082], 61)
([-1.2509, -0.5921, -0.0787, -0.0229, -0.7364, 0.0082], 61)
([-1.2494, -0.5921, -0.0782, -0.0198, -0.7364, 0.0031], 60)
([-1.2429, -0.5898, -0.0776, -0.0168, -0.7364, 0.0082], 60)
([-1.2429, -0.5838, -0.0776, -0.0106, -0.7364, 0.0031], 61)
([-1.2263, -0.5838, -0.0761, 0.0016, -0.7364, 0.0031], 60)
([-1.1981, -0.5747, -0.0756, 0.0139, -0.7441, 0.0082], 61)
([-1.157, -0.5623, -0.073, 0.0292, -0.7517, 0.0082], 60)
([-1.157, -0.5458, -0.073, 0.0522, -0.7625, 0.0082], 61)
([-1.1014, -0.5247, -0.0705, 0.0845, -0.7763, 0.0082], 61)
([-1.0328, -0.5247, -0.0669, 0.1075, -0.784, 0.0082], 60)
([-0.9519, -0.4994, -0.0633, 0.1412, -0.7962, 0.0082], 60)
([-0.9519, -0.471, -0.0633, 0.1826, -0.8131, 0.0082], 61)
([-0.8623, -0.471, -0.0593, 0.2241, -0.83, 0.0082], 62)
([-0.7699, -0.4417, -0.0557, 0.2563, -0.8453, 0.0031], 62)
([-0.6753, -0.4118, -0.0516, 0.3054, -0.8653, 0.0082], 61)
([-0.5821, -0.3825, -0.048, 0.333, -0.876, 0.0082], 60)
([-0.5821, -0.3504, -0.048, 0.3744, -0.8929, 0.0082], 60)
([-0.4846, -0.3187, -0.0439, 0.4051, -0.9051, 0.0082], 60)
([-0.3871, -0.3187, -0.0398, 0.4419, -0.9205, 0.0082], 60)
([-0.2903, -0.288, -0.0358, 0.4741, -0.9343, 0.0031], 60)
([-0.2903, -0.2577, -0.0358, 0.5155, -0.9481, 0.0082], 60)
([-0.1943, -0.227, -0.0322, 0.5508, -0.9619, 0.0082], 60)
([-0.0975, -0.227, -0.0281, 0.5815, -0.9757, 0.0082], 60)
([-0.0014, -0.1963, -0.0245, 0.6198, -0.991, 0.0082], 60)
([-0.0014, -0.1651, -0.0245, 0.652, -1.0033, 0.0082], 60)
([0.0939, -0.1651, -0.0204, 0.6812, -1.0141, 0.0082], 60)
([0.1914, -0.1339, -0.0163, 0.7195, -1.0309, 0.0082], 60)
([0.286, -0.1036, -0.0128, 0.7517, -1.0432, 0.0082], 60)
([0.286, -0.0729, -0.0128, 0.7916, -1.057, 0.0082], 60)
([0.382, -0.0729, -0.0087, 0.8284, -1.0739, 0.0031], 60)
([0.4767, -0.0422, -0.0046, 0.8576, -1.0862, 0.0082], 60)
([0.572, -0.011, -0.001, 0.899, -1.1, 0.0031], 60)
([0.572, 0.0206, -0.001, 0.9297, -1.1138, 0.0082], 60)
([0.6695, 0.0518, 0.0031, 0.9696, -1.1291, 0.0082], 64)
([0.7655, 0.0826, 0.0061, 0.9926, -1.1352, 0.0082], 61)
([0.8616, 0.0826, 0.0107, 1.0371, -1.1536, 0.0031], 61)
([0.9576, 0.1128, 0.0148, 1.0739, -1.1705, 0.0031], 60)
([0.9576, 0.144, 0.0148, 1.1138, -1.1859, 0.0082], 60)
([1.0537, 0.144, 0.0189, 1.1444, -1.1981, 0.0082], 60)
([1.149, 0.1757, 0.0225, 1.1813, -1.2104, 0.0082], 60)
([1.2458, 0.2068, 0.0271, 1.2211, -1.2242, 0.0082], 60)
([1.2458, 0.238, 0.0271, 1.2457, -1.2365, 0.0082], 61)
([1.3426, 0.238, 0.0306, 1.281, -1.2518, 0.0031], 60)
([1.4386, 0.2688, 0.0347, 1.3178, -1.2626, 0.0082], 60)
([1.534, 0.2995, 0.0388, 1.3469, -1.2748, 0.0031], 60)
([1.534, 0.3307, 0.0388, 1.3807, -1.2932, 0.0082], 60)
([1.6293, 0.3307, 0.0409, 1.416, -1.307, 0.0082], 60)
([1.7239, 0.3628, 0.0434, 1.4512, -1.3116, 0.0082], 60)
([1.82, 0.3921, 0.0465, 1.4881, -1.3316, 0.0082], 60)
([1.82, 0.4233, 0.0465, 1.5295, -1.35, 0.0082], 60)
([1.9175, 0.4233, 0.0496, 1.5586, -1.3592, 0.0082], 60)
([2.0142, 0.4536, 0.0531, 1.6031, -1.3761, 0.0082], 60)
([2.1088, 0.4839, 0.0577, 1.6476, -1.3975, 0.0082], 60)
([2.1984, 0.5132, 0.0613, 1.6737, -1.4144, 0.0031], 60)
([2.1984, 0.5393, 0.0613, 1.7074, -1.4221, 0.0082], 60)
([2.2771, 0.5393, 0.0644, 1.7258, -1.4267, 0.0082], 60)
([2.3443, 0.5627, 0.0669, 1.7442, -1.4313, 0.0082], 60)
([2.397, 0.5811, 0.069, 1.7626, -1.439, 0.0031], 60)
([2.397, 0.5948, 0.069, 1.7718, -1.442, 0.0082], 60)
([2.4374, 0.5948, 0.0705, 1.778, -1.4451, 0.0082], 60)
([2.4656, 0.6045, 0.0715, 1.7795, -1.4466, 0.0082], 60)
([2.4808, 0.6095, 0.072, 1.7795, -1.4451, 0.0082], 60)
([2.4808, 0.61, 0.072, 1.7795, -1.4451, 0.0031], 60)
([2.4866, 0.61, 0.0736, 1.7795, -1.4451, 0.0082], 60)
([2.4837, 0.61, 0.072, 1.781, -1.4482, 0.0082], 60)
([2.4793, 0.61, 0.07, 1.781, -1.4466, 0.0082], 60)
([2.4692, 0.6086, 0.07, 1.781, -1.4466, 0.0082], 60)
([2.4692, 0.6077, 0.0639, 1.781, -1.4405, 0.0082], 60)
([2.449, 0.6077, 0.0526, 1.7795, -1.4252, 0.0082], 60)
([2.4158, 0.6063, 0.0342, 1.7703, -1.4037, 0.0082], 60)
([2.3703, 0.6036, 0.0342, 1.7258, -1.3761, 0.0082], 60)
([2.3703, 0.6008, 0.0087, 1.6706, -1.3408, 0.0082], 60)
([2.3125, 0.6008, -0.0235, 1.6353, -1.307, 0.0082], 60)
([2.2417, 0.5976, -0.0618, 1.5832, -1.2748, 0.0082], 60)
([2.1594, 0.5953, -0.0618, 1.5341, -1.2334, 0.0082], 60)
([2.1594, 0.593, -0.1063, 1.4635, -1.1843, 0.0082], 60)
([2.0691, 0.593, -0.1538, 1.4052, -1.1337, 0.0082], 60)
([1.976, 0.5903, -0.2038, 1.3515, -1.0938, 0.0082], 60)
([1.8813, 0.5884, -0.2038, 1.3009, -1.0493, 0.0082], 60)
([1.8813, 0.5847, -0.2544, 1.2549, -1.0141, 0.0082], 60)
([1.7846, 0.5847, -0.3055, 1.1905, -0.965, 0.0082], 60)
([1.6892, 0.5811, -0.3566, 1.146, -0.9297, 0.0031], 60)
([1.5932, 0.5774, -0.3566, 1.0877, -0.8821, 0.0082], 61)
([1.5932, 0.5728, -0.4076, 1.0432, -0.8453, 0.0031], 60)
([1.4971, 0.5728, -0.4592, 0.9818, -0.7993, 0.0082], 60)
([1.4025, 0.5687, -0.5098, 0.9343, -0.7594, 0.0082], 60)
([1.3065, 0.5646, -0.5098, 0.8745, -0.7134, 0.0082], 60)
([1.2097, 0.56, -0.5604, 0.8192, -0.6658, 0.0031], 61)
([1.2097, 0.5559, -0.6115, 0.7548, -0.6152, 0.0082], 60)
([1.1129, 0.5559, -0.6636, 0.7119, -0.5769, 0.0082], 60)
([1.0176, 0.5513, -0.7157, 0.6505, -0.5293, 0.0031], 60)
([0.9208, 0.5471, -0.7157, 0.6106, -0.4971, 0.0082], 60)
([0.9208, 0.543, -0.7662, 0.5508, -0.4465, 0.0082], 60)
([0.8248, 0.543, -0.8183, 0.5048, -0.4112, 0.0031], 60)
([0.7287, 0.5384, -0.8694, 0.448, -0.3667, 0.0082], 60)
([0.6319, 0.5343, -0.8694, 0.4051, -0.3299, 0.0082], 60)
([0.6319, 0.5302, -0.92, 0.3406, -0.2839, 0.0082], 60)
([0.5359, 0.5302, -0.9706, 0.2869, -0.2394, 0.0082], 60)
([0.4398, 0.526, -1.0217, 0.2486, -0.2041, 0.0082], 60)
([0.3488, 0.5215, -1.0217, 0.1903, -0.1581, 0.0082], 60)
([0.3488, 0.5178, -1.0707, 0.1351, -0.1136, 0.0082], 60)
([0.2658, 0.5178, -1.1146, 0.1013, -0.0845, 0.0082], 60)
([0.1928, 0.5146, -1.1524, 0.0661, -0.0568, 0.0082], 60)
([0.13, 0.5114, -1.1524, 0.04, -0.0369, 0.0082], 60)
([0.13, 0.5091, -1.1846, 0.017, -0.0154, 0.0082], 60)
([0.0802, 0.5091, -1.2102, 0.0016, -0.0032, 0.0082], 60)
([0.0441, 0.5077, -1.2285, -0.0091, 0.006, 0.0082], 60)
([0.0202, 0.5063, -1.2285, -0.0152, 0.0106, 0.0082], 61)
([0.0202, 0.5054, -1.2408, -0.0152, 0.0137, 0.0082], 60)
([0.0072, 0.5054, -1.2469, -0.0152, 0.0137, 0.0082], 60)
([0.0022, 0.5054, -1.2469, -0.0152, 0.0137, 0.0031], 60)
([0.0007, 0.5054, -1.2495, -0.0183, 0.0137, 0.0082], 61)
([0.0014, 0.5049, -1.2495, -0.0198, 0.0183, 0.0082], 61)
([0.0014, 0.5036, -1.249, -0.0198, 0.0183, 0.0031], 60)
([0.0029, 0.5036, -1.2428, -0.0214, 0.0183, 0.0082], 60)
([0.0051, 0.5013, -1.2265, -0.0214, 0.0183, 0.0031], 60)
([0.0058, 0.4949, -1.2265, -0.0214, 0.0183, 0.0082], 60)
([0.0058, 0.4839, -1.202, -0.0214, 0.0183, 0.0082], 60)
([0.0058, 0.4839, -1.1698, -0.0214, 0.0183, 0.0082], 60)
([0.0058, 0.4692, -1.1264, -0.0214, 0.0183, 0.0082], 60)
([0.0051, 0.4495, -1.1264, -0.0214, 0.0168, 0.0082], 60)
([0.0051, 0.4261, -1.0732, -0.0214, 0.0168, 0.0031], 60)
([0.0051, 0.4261, -1.0114, -0.0214, 0.0168, 0.0082], 60)
([0.0043, 0.4004, -0.9466, -0.0214, 0.0168, 0.0082], 60)
([0.0051, 0.3733, -0.9466, -0.0214, 0.0168, 0.0082], 60)
([0.0051, 0.3463, -0.8807, -0.0214, 0.0168, 0.0082], 60)
([0.0043, 0.3463, -0.8132, -0.0198, 0.0152, 0.0082], 60)
([0.0029, 0.3183, -0.7448, -0.0198, 0.0168, 0.0082], 60)
([0.0036, 0.2917, -0.7448, -0.0198, 0.0152, 0.0082], 61)
([0.0036, 0.2642, -0.6779, -0.0183, 0.0137, 0.0031], 61)
([0.0029, 0.2642, -0.6089, -0.0183, 0.0122, 0.0082], 60)
([0.0029, 0.2357, -0.5399, -0.0152, 0.0091, 0.0031], 60)
([0.0022, 0.2082, -0.5399, -0.0152, 0.0076, 0.0082], 60)
([0.0022, 0.1802, -0.473, -0.0122, 0.006, 0.0082], 60)
([0.0022, 0.1523, -0.4046, -0.0091, 0.006, 0.0082], 61)
([0.0014, 0.1523, -0.3361, -0.0076, 0.006, 0.0082], 60)
([0.0014, 0.1243, -0.2687, -0.006, 0.003, 0.0082], 60)
([0.0007, 0.0977, -0.2687, -0.0045, 0.003, 0.0031], 60)
([0.0007, 0.0734, -0.2048, -0.003, 0.003, 0.0082], 60)
([0.0007, 0.0734, -0.1471, -0.003, 0.003, 0.0082], 60)
([0.0, 0.0527, -0.1017, -0.0014, -0.0001, 0.0082], 60)
([0.0, 0.0367, -0.1017, -0.0014, -0.0016, 0.0082], 60)
([0.0, 0.0238, -0.0659, 0.0001, -0.0001, 0.0082], 60)
([0.0, 0.0238, -0.0378, 0.0001, -0.0001, 0.0082], 60)
([0.0, 0.0142, -0.0189, 0.0016, -0.0001, 0.0082], 60)
([0.0, 0.0092, -0.0097, 0.0016, -0.0001, 0.0082], 71)
([0.0, 0.0069, -0.0097, 0.0016, -0.0001, 0.0082], 60)
([0.0, 0.006, -0.0056, 0.0016, -0.0001, 0.0031], 60)
([0.0, 0.006, -0.0041, 0.0016, -0.0016, 0.0031], 60)
([0.0, 0.0055, -0.0031, 0.0016, -0.0016, 0.0031], 60)
([0.0, 0.0046, -0.0031, 0.0016, -0.0016, 0.0082], 60)
([0.0, 0.0041, -0.0031, 0.0016, -0.0001, 0.0031], 61)
([0.0, 0.0041, -0.002, 0.0016, -0.0016, 0.0082], 60)
([0.0, 0.0032, -0.0015, 0.0016, -0.0016, 0.0031], 60)
([0.0, 0.0009, -0.0015, 0.0016, -0.0016, 0.0031], 60)
([0.0, -0.0005, 0.0005, 0.0016, -0.0016, 0.0082], 60)
([0.0, -0.0005, 0.0005, 0.0016, -0.0016, 0.0082], 60)
([0.0, 0.0, 0.0005, 0.0016, -0.0001, 0.0082], 60)
([0.0, 0.0, 0.0005, 0.0016, -0.0016, 0.0082], 61)
([0.0, 0.0, 0.0005, 0.0016, -0.0016, 0.0082], 60)
([0.0, 0.0, 0.0005, 0.0016, -0.0016, 0.0082], 61)
([0.0, 0.0, 0.0005, 0.0016, -0.0016, 0.0082], 61)
([0.0, 0.0, 0.0005, 0.0016, -0.0016, 0.0082], 61)
([0.0, 0.0, 0.0005, 0.0016, -0.0001, 0.0082], 61)
([0.0, 0.0, 0.0005, 0.0016, -0.0001, 0.0082], 61)
([0.0, 0.0, 0.0005, 0.0016, -0.0001, 0.0082], 61)
([0.0, 0.0, 0.0005, 0.0016, -0.0016, 0.0082], 61)
([0.0, 0.0, 0.0005, 0.0016, -0.0016, 0.0031], 113)
([0.0, 0.0, 0.0005, 0.0016, -0.0001, 0.0082], 61)
([0.0, 0.0, 0.0005, 0.0016, -0.0016, 0.0082], 60)
([0.0, 0.0, 0.0005, 0.0016, -0.0016, 0.0082], 60)
([0.0, 0.0, 0.0005, 0.0016, -0.0016, 0.0082], 61)
([0.0, 0.0, 0.0005, 0.0016, -0.0001, 0.0082], 61)
([0.0, 0.0, 0.0005, 0.0016, -0.0001, 0.0082], 61)
([0.0, 0.0, 0.0005, 0.0016, -0.0016, 0.0082], 61)
([0.0, 0.0, 0.0005, 0.0016, -0.0016, 0.0082], 60)
([0.0, 0.0, 0.0005, 0.0016, -0.0001, 0.0082], 60)
([0.0, 0.0, 0.0005, 0.0016, -0.0016, 0.0082], 60)
([0.0, 0.0, 0.0005, 0.0016, -0.0016, 0.0082], 61)
([0.0, 0.0, 0.0005, 0.0016, -0.0001, 0.0082], 61)
([0.0, 0.0, 0.0005, 0.0016, -0.0016, 0.0082], 61)
([0.0, 0.0, 0.0005, 0.0016, -0.0016, 0.0082], 61)
([0.0, 0.0, 0.0005, 0.0016, -0.0016, 0.0082], 61)
([0.0, 0.0, 0.0005, 0.0016, -0.0016, 0.0082], 61)
([0.0, 0.0, 0.0005, 0.0016, -0.0016, 0.0082], 61)
([0.0, 0.0, 0.0005, 0.0016, -0.0016, 0.0031], 60)
([0.0, 0.0, 0.0005, 0.0016, -0.0001, 0.0082], 61)
([0.0, 0.0, 0.0005, 0.0016, -0.0001, 0.0082], 61)
([0.0, 0.0, 0.0005, 0.0016, -0.0016, 0.0082], 61)
([0.0, 0.0, 0.0005, 0.0016, -0.0016, 0.0031], 61)
([0.0, 0.0, 0.0005, 0.0016, -0.0001, 0.0082], 61)
([0.0, 0.0, 0.0005, 0.0016, -0.0001, 0.0082], 61)
([0.0, 0.0, 0.0005, 0.0016, -0.0016, 0.0082], 60)
([0.0, 0.0, 0.0005, 0.0016, -0.0001, 0.0031], 61)
([0.0, 0.0, 0.0005, 0.0016, -0.0016, 0.0082], 61)
([0.0, 0.0, 0.0005, 0.0016, -0.0016, 0.0082], 60)
([0.0, 0.0, 0.0005, 0.0016, -0.0001, 0.0082], 61)