[0.147, -0.27, 0.724, -1.679, -1.249, -0.002] 57.186
[0.198, -0.256, 0.775, -1.628, -1.198, -0.005] 59.632
[0.25, -0.25, 0.827, -1.577, -1.146, -0.006] 66.367
[0.301, -0.247, 0.878, -1.525, -1.095, -0.007] 66.449
[0.352, -0.245, 0.929, -1.474, -1.044, -0.007] 67.065
[0.403, -0.245, 0.967, -1.423, -0.993, -0.007] 66.683
[0.454, -0.244, 0.985, -1.372, -0.942, -0.007] 51.796
[0.506, -0.244, 0.993, -1.321, -0.89, -0.007] 64.736
[0.557, -0.244, 0.997, -1.269, -0.839, -0.007] 66.617
[0.608, -0.244, 0.999, -1.218, -0.788, -0.007] 66.966
[0.659, -0.244, 0.999, -1.167, -0.737, -0.007] 66.354
[0.71, -0.244, 1.0, -1.116, -0.686, -0.007] 49.01
[0.762, -0.244, 1.0, -1.065, -0.635, -0.007] 69.961
[0.813, -0.244, 1.0, -1.013, -0.583, -0.007] 64.657
[0.864, -0.244, 1.0, -0.962, -0.532, -0.007] 65.974
[0.915, -0.244, 1.0, -0.911, -0.481, -0.007] 57.618
[0.958, -0.244, 1.0, -0.86, -0.43, -0.007] 74.515
[0.978, -0.244, 1.0, -0.809, -0.379, -0.007] 50.692
[0.987, -0.244, 1.0, -0.757, -0.327, -0.007] 64.619
[0.991, -0.244, 1.0, -0.706, -0.276, -0.007] 70.509
[0.993, -0.244, 1.0, -0.655, -0.225, -0.007] 64.663
[0.994, -0.244, 1.0, -0.604, -0.174, -0.007] 83.699
[0.995, -0.244, 1.0, -0.553, -0.123, -0.007] 41.172
[0.995, -0.244, 1.0, -0.501, -0.071, -0.007] 47.805
[0.995, -0.244, 1.0, -0.45, -0.033, -0.007] 76.9
[0.995, -0.244, 1.0, -0.399, -0.015, -0.007] 66.965
[0.995, -0.244, 1.0, -0.348, -0.007, -0.007] 68.385
[0.995, -0.244, 1.0, -0.297, -0.003, -0.007] 49.702
[0.995, -0.244, 1.0, -0.245, -0.002, -0.007] 65.14
[0.995, -0.244, 1.0, -0.194, -0.001, -0.007] 49.841
[0.995, -0.244, 1.0, -0.143, -0.0, -0.007] 66.772
[0.995, -0.244, 1.0, -0.092, -0.0, -0.007] 66.771
[0.995, -0.244, 1.0, -0.045, -0.0, -0.007] 66.432
[0.995, -0.244, 1.0, -0.021, -0.0, -0.007] 66.719
[0.995, -0.244, 1.0, -0.01, 0.0, -0.007] 66.521
[1.046, -0.193, 0.949, 0.042, -0.051, -0.002] 48.884
[1.097, -0.142, 0.898, 0.093, -0.102, 0.001] 68.07
[1.149, -0.09, 0.846, 0.144, -0.154, 0.002] 48.483
[1.2, -0.039, 0.795, 0.195, -0.205, 0.003] 66.198
[1.251, 0.012, 0.744, 0.246, -0.256, 0.003] 67.127
[1.302, 0.063, 0.693, 0.297, -0.307, 0.003] 66.586
[1.353, 0.114, 0.642, 0.349, -0.358, 0.003] 66.445
[1.405, 0.166, 0.591, 0.4, -0.409, 0.003] 67.815
[1.456, 0.217, 0.539, 0.451, -0.461, 0.003] 46.662
[1.507, 0.268, 0.488, 0.502, -0.512, 0.003] 69.148
[1.558, 0.319, 0.437, 0.553, -0.563, 0.003] 49.871
[1.609, 0.37, 0.386, 0.605, -0.614, 0.003] 65.72
[1.661, 0.422, 0.335, 0.656, -0.665, 0.003] 66.478
[1.712, 0.473, 0.284, 0.707, -0.717, 0.003] 53.755
[1.763, 0.524, 0.232, 0.758, -0.768, 0.003] 89.634
[1.814, 0.569, 0.181, 0.809, -0.819, 0.003] 57.483
[1.865, 0.591, 0.13, 0.861, -0.87, 0.003] 67.496
[1.917, 0.601, 0.1, 0.912, -0.921, 0.003] 65.042
[1.968, 0.606, 0.086, 0.963, -0.973, 0.003] 67.286
[2.019, 0.608, 0.08, 1.014, -1.024, 0.003] 66.011
[2.07, 0.609, 0.077, 1.065, -1.075, 0.003] 67.837
[2.121, 0.61, 0.075, 1.117, -1.126, 0.003] 64.481
[2.173, 0.61, 0.075, 1.168, -1.177, 0.003] 51.172
[2.224, 0.61, 0.074, 1.219, -1.229, 0.003] 67.167
[2.275, 0.61, 0.074, 1.27, -1.28, 0.003] 65.812
[2.326, 0.61, 0.074, 1.321, -1.331, 0.003] 67.461
[2.377, 0.61, 0.074, 1.373, -1.382, 0.003] 48.933
[2.429, 0.61, 0.074, 1.424, -1.414, 0.003] 67.609
[2.464, 0.61, 0.074, 1.475, -1.428, 0.003] 66.268
[2.481, 0.61, 0.074, 1.526, -1.435, 0.003] 66.216
[2.488, 0.61, 0.074, 1.577, -1.438, 0.003] 54.089
[2.492, 0.61, 0.074, 1.629, -1.44, 0.003] 63.102
[2.494, 0.61, 0.074, 1.68, -1.44, 0.003] 66.618
[2.494, 0.61, 0.074, 1.726, -1.441, 0.003] 64.277
[2.495, 0.61, 0.074, 1.75, -1.441, 0.003] 51.502
[2.495, 0.61, 0.074, 1.761, -1.441, 0.003] 66.796
[2.444, 0.559, 0.023, 1.709, -1.39, 0.003] 64.718
[2.392, 0.527, -0.028, 1.658, -1.339, 0.003] 68.449
[2.341, 0.513, -0.08, 1.607, -1.287, 0.003] 52.757
[2.29, 0.506, -0.131, 1.556, -1.236, 0.003] 64.084
[2.239, 0.503, -0.182, 1.505, -1.185, 0.003] 66.029
[2.188, 0.501, -0.233, 1.453, -1.134, 0.003] 68.223
[2.136, 0.501, -0.284, 1.402, -1.083, 0.003] 52.909
[2.085, 0.5, -0.336, 1.351, -1.032, 0.003] 60.169
[2.034, 0.5, -0.387, 1.3, -0.98, 0.003] 73.115
[1.983, 0.5, -0.438, 1.249, -0.929, 0.003] 61.342
[1.932, 0.5, -0.489, 1.198, -0.878, 0.003] 53.147
[1.88, 0.5, -0.54, 1.146, -0.827, 0.003] 64.358
[1.829, 0.5, -0.592, 1.095, -0.776, 0.003] 66.48
[1.778, 0.5, -0.643, 1.044, -0.724, 0.003] 66.527
[1.727, 0.5, -0.694, 0.993, -0.673, 0.003] 55.527
[1.676, 0.5, -0.745, 0.942, -0.622, 0.003] 61.829
[1.625, 0.5, -0.796, 0.89, -0.571, 0.003] 67.61
[1.573, 0.5, -0.848, 0.839, -0.52, 0.003] 65.003
[1.522, 0.5, -0.899, 0.788, -0.469, 0.003] 66.602
[1.471, 0.5, -0.95, 0.737, -0.417, 0.003] 54.78
[1.42, 0.5, -1.001, 0.686, -0.366, 0.003] 62.027
[1.369, 0.5, -1.052, 0.635, -0.315, 0.003] 66.174
[1.317, 0.5, -1.104, 0.583, -0.264, 0.003] 50.873
[1.266, 0.5, -1.155, 0.532, -0.213, 0.003] 65.597
[1.215, 0.5, -1.203, 0.481, -0.161, 0.003] 65.345
[1.164, 0.5, -1.228, 0.43, -0.11, 0.003] 83.848
[1.113, 0.5, -1.24, 0.379, -0.059, 0.003] 67.005
[1.061, 0.5, -1.245, 0.327, -0.029, 0.003] 67.138
[1.01, 0.5, -1.248, 0.276, -0.015, 0.003] 53.962
[0.959, 0.5, -1.249, 0.225, -0.009, 0.003] 62.299
[0.908, 0.5, -1.25, 0.174, -0.006, 0.003] 66.683
[0.857, 0.5, -1.25, 0.123, -0.004, 0.003] 65.968
[0.805, 0.5, -1.25, 0.072, -0.003, 0.003] 65.23
[0.754, 0.5, -1.25, 0.033, -0.003, 0.003] 56.02
[0.703, 0.5, -1.25, 0.015, -0.003, 0.003] 63.02
[0.652, 0.5, -1.25, 0.007, -0.003, 0.003] 66.691
[0.601, 0.5, -1.25, 0.003, -0.003, 0.003] 65.64
[0.549, 0.5, -1.25, 0.002, -0.003, 0.003] 67.351
[0.498, 0.5, -1.25, 0.001, -0.003, 0.003] 50.454
[0.447, 0.5, -1.25, 0.0, -0.003, 0.003] 70.29
[0.396, 0.5, -1.25, 0.0, -0.003, 0.003] 61.999
[0.345, 0.5, -1.25, 0.0, -0.003, 0.003] 61.657
[0.293, 0.5, -1.25, 0.0, -0.003, 0.003] 62.428
[0.242, 0.5, -1.25, 0.0, -0.003, 0.003] 77.792
[0.191, 0.5, -1.25, 0.0, -0.003, 0.003] 62.44
[0.14, 0.5, -1.25, 0.0, -0.003, 0.003] 63.737
[0.089, 0.5, -1.25, 0.0, -0.003, 0.003] 61.119
[0.043, 0.5, -1.25, -0.0, -0.003, 0.003] 79.135
[0.02, 0.5, -1.25, 0.0, -0.003, 0.003] 62.037
[0.009, 0.5, -1.25, 0.0, -0.003, 0.003] 62.276
[-0.042, 0.449, -1.199, -0.029, -0.054, 0.003] 63.278
[-0.093, 0.398, -1.148, -0.042, -0.105, 0.003] 77.428
[-0.144, 0.346, -1.096, -0.049, -0.156, 0.003] 77.43
[-0.196, 0.295, -1.045, -0.052, -0.208, 0.003] 62.274
[-0.247, 0.244, -0.994, -0.053, -0.259, 0.003] 61.932
[-0.298, 0.193, -0.943, -0.053, -0.31, 0.003] 63.071
[-0.349, 0.142, -0.892, -0.054, -0.361, 0.003] 78.951
[-0.4, 0.09, -0.841, -0.054, -0.412, 0.003] 61.87
[-0.452, 0.039, -0.789, -0.054, -0.463, 0.003] 61.351
[-0.503, -0.012, -0.738, -0.054, -0.514, 0.003] 62.288
[-0.554, -0.063, -0.687, -0.054, -0.566, 0.003] 77.766
[-0.605, -0.114, -0.636, -0.054, -0.617, 0.003] 62.064
[-0.656, -0.166, -0.585, -0.054, -0.668, 0.003] 63.371
[-0.708, -0.217, -0.533, -0.054, -0.712, 0.003] 64.269
[-0.759, -0.268, -0.482, -0.054, -0.732, 0.003] 78.381
[-0.81, -0.319, -0.431, -0.054, -0.742, 0.003] 77.731
[-0.861, -0.37, -0.38, -0.054, -0.746, 0.003] 62.61
[-0.912, -0.422, -0.329, -0.054, -0.748, 0.003] 63.38
[-0.964, -0.464, -0.278, -0.054, -0.749, 0.003] 61.913
[-1.015, -0.483, -0.226, -0.054, -0.75, 0.003] 78.44
[-1.066, -0.492, -0.175, -0.054, -0.75, 0.003] 62.603
[-1.117, -0.496, -0.127, -0.054, -0.75, 0.003] 66.575
[-1.168, -0.498, -0.101, -0.054, -0.75, 0.003] 68.754
[-1.213, -0.499, -0.089, -0.054, -0.75, 0.003] 67.323
[-1.234, -0.5, -0.084, -0.054, -0.75, 0.003] 66.141
[-1.244, -0.5, -0.081, -0.054, -0.75, 0.003] 56.219
[-1.193, -0.449, -0.038, -0.036, -0.801, -0.004] 73.192
[-1.142, -0.397, -0.017, -0.027, -0.852, -0.007] 66.799
[-1.091, -0.346, -0.008, -0.023, -0.904, -0.009] 49.145
[-1.04, -0.295, -0.004, -0.022, -0.955, -0.009] 67.715
[-0.988, -0.244, -0.002, -0.021, -1.006, -0.01] 67.922
[-0.937, -0.193, -0.001, -0.02, -1.057, -0.01] 66.229
[-0.886, -0.141, -0.0, -0.02, -1.108, -0.01] 50.546
[-0.835, -0.09, -0.0, -0.02, -1.16, -0.01] 65.913
[-0.784, -0.039, -0.0, -0.02, -1.211, -0.01] 65.078
[-0.732, 0.012, -0.0, -0.02, -1.262, -0.01] 68.229
[-0.681, 0.063, -0.0, -0.02, -1.313, -0.01] 66.419
[-0.63, 0.115, -0.0, -0.02, -1.358, -0.01] 64.915
[-0.579, 0.159, -0.0, -0.02, -1.381, -0.01] 52.312
[-0.528, 0.181, -0.0, -0.02, -1.391, -0.01] 65.456
[-0.476, 0.191, -0.0, -0.02, -1.396, -0.01] 65.654
[-0.425, 0.196, -0.0, -0.02, -1.398, -0.01] 68.721
[-0.374, 0.198, 0.0, -0.02, -1.399, -0.01] 54.201
[-0.323, 0.199, -0.0, -0.02, -1.4, -0.01] 71.77
[-0.272, 0.2, 0.0, -0.02, -1.4, -0.01] 89.949
[-0.22, 0.2, 0.0, -0.02, -1.4, -0.01] 54.113
[-0.169, 0.2, 0.0, -0.02, -1.4, -0.01] 41.929
[-0.118, 0.2, 0.0, -0.02, -1.4, -0.01] 55.065
[-0.067, 0.2, 0.0, -0.02, -1.4, -0.01] 65.34
[-0.031, 0.2, 0.0, -0.02, -1.4, -0.01] 67.031
[-0.014, 0.2, 0.0, -0.02, -1.4, -0.01] 50.691
[-0.007, 0.2, 0.0, -0.02, -1.4, -0.01] 65.867
[0.044, 0.149, 0.051, -0.071, -1.351, -0.003] 65.834
[0.072, 0.098, 0.102, -0.122, -1.323, 0.0] 66.986
[0.085, 0.046, 0.154, -0.174, -1.311, 0.002] 65.658
[0.091, -0.005, 0.205, -0.225, -1.305, 0.002] 67.748
[0.094, -0.056, 0.256, -0.276, -1.302, 0.003] 49.014
[0.095, -0.107, 0.307, -0.327, -1.301, 0.003] 66.592
[0.095, -0.158, 0.358, -0.378, -1.3, 0.003] 67.211
[0.096, -0.21, 0.409, -0.43, -1.3, 0.003] 67.874
[0.096, -0.256, 0.461, -0.481, -1.3, 0.003] 48.352
[0.096, -0.28, 0.512, -0.532, -1.3, 0.003] 67.448
[0.096, -0.291, 0.563, -0.583, -1.3, 0.003] 68.465
[0.096, -0.296, 0.614, -0.634, -1.3, 0.003] 64.303
[0.096, -0.298, 0.646, -0.685, -1.3, 0.003] 67.078
[0.096, -0.299, 0.66, -0.737, -1.3, 0.003] 47.312
[0.096, -0.3, 0.667, -0.788, -1.3, 0.003] 70.256
[0.096, -0.3, 0.67, -0.839, -1.3, 0.003] 64.088
[0.096, -0.3, 0.672, -0.89, -1.3, 0.003] 67.925
[0.096, -0.3, 0.672, -0.941, -1.3, 0.003] 68.056
[0.096, -0.3, 0.673, -0.993, -1.3, 0.003] 48.498
[0.096, -0.3, 0.673, -1.044, -1.3, 0.003] 66.117
[0.096, -0.3, 0.673, -1.095, -1.3, 0.003] 67.02
[0.096, -0.3, 0.673, -1.146, -1.3, 0.003] 67.865
[0.096, -0.3, 0.673, -1.197, -1.3, 0.003] 50.055
[0.096, -0.3, 0.673, -1.249, -1.3, 0.003] 66.025
[0.096, -0.3, 0.673, -1.3, -1.3, 0.003] 65.863
[0.096, -0.3, 0.673, -1.351, -1.3, 0.003] 66.702
[0.096, -0.3, 0.673, -1.402, -1.3, 0.003] 66.62
[0.096, -0.3, 0.673, -1.453, -1.3, 0.003] 52.791
[0.096, -0.3, 0.673, -1.505, -1.3, 0.003] 63.56
[0.096, -0.3, 0.673, -1.556, -1.3, 0.003] 66.956
[0.096, -0.3, 0.673, -1.607, -1.3, 0.003] 65.186
[0.096, -0.3, 0.673, -1.658, -1.3, 0.003] 68.572
[0.096, -0.3, 0.673, -1.701, -1.3, 0.003] 49.02
[0.096, -0.3, 0.673, -1.721, -1.3, 0.003] 66.315
[0.096, -0.3, 0.673, -1.73, -1.3, 0.003] 66.603
