[-0.0, -0.0, 0.0, 0.0, -0.0, 0.0] 51.104
[0.051, -0.051, 0.051, 0.0, 0.0, -0.004] 39.685
[0.102, -0.102, 0.102, 0.0, 0.0, -0.006] 37.136
[0.154, -0.154, 0.154, 0.0, -0.0, -0.006] 40.058
[0.205, -0.2, 0.205, 0.0, -0.0, -0.007] 62.129
[0.256, -0.224, 0.256, 0.0, -0.0, -0.007] 75.309
[0.307, -0.235, 0.307, 0.0, -0.0, -0.007] 66.288
[0.358, -0.24, 0.358, 0.0, -0.0, -0.007] 54.923
[0.41, -0.242, 0.409, 0.0, -0.0, -0.007] 62.076
[0.461, -0.243, 0.461, 0.0, -0.0, -0.007] 52.621
[0.512, -0.244, 0.512, 0.0, -0.0, -0.007] 61.673
[0.563, -0.244, 0.563, 0.0, -0.0, -0.007] 68.699
[0.614, -0.244, 0.614, 0.0, -0.0, -0.007] 68.091
[0.666, -0.244, 0.665, 0.0, -0.0, -0.007] 65.195
[0.717, -0.244, 0.717, -0.0, -0.0, -0.007] 66.863
[0.768, -0.244, 0.768, -0.0, -0.0, -0.007] 65.482
[0.819, -0.244, 0.819, -0.0, -0.0, -0.007] 54.949
[0.87, -0.244, 0.87, -0.0, -0.0, -0.007] 65.843
[0.922, -0.244, 0.921, -0.0, -0.0, -0.007] 63.369
[0.961, -0.244, 0.964, -0.0, -0.0, -0.007] 66.742
[0.979, -0.244, 0.983, -0.0, -0.0, -0.007] 66.544
[0.988, -0.244, 0.992, -0.0, -0.0, -0.007] 66.539
[1.039, -0.193, 0.941, 0.051, -0.051, -0.002] 53.736
[1.09, -0.142, 0.89, 0.102, -0.102, 0.001] 62.423
[1.141, -0.09, 0.839, 0.154, -0.154, 0.002] 65.916
[1.193, -0.039, 0.788, 0.205, -0.205, 0.003] 67.746
[1.244, 0.012, 0.736, 0.256, -0.256, 0.003] 66.129
[1.295, 0.063, 0.685, 0.307, -0.307, 0.003] 54.27
[1.346, 0.114, 0.634, 0.358, -0.358, 0.003] 61.828
[1.397, 0.166, 0.583, 0.41, -0.409, 0.003] 67.732
[1.449, 0.217, 0.532, 0.461, -0.461, 0.003] 66.516
[1.5, 0.268, 0.48, 0.512, -0.512, 0.003] 66.52
[1.551, 0.319, 0.429, 0.563, -0.563, 0.003] 53.611
[1.602, 0.37, 0.378, 0.614, -0.614, 0.003] 65.219
[1.653, 0.422, 0.327, 0.665, -0.665, 0.003] 65.323
[1.704, 0.473, 0.276, 0.717, -0.717, 0.003] 65.524
[1.756, 0.524, 0.225, 0.768, -0.768, 0.003] 66.82
[1.807, 0.569, 0.173, 0.819, -0.819, 0.003] 66.654
[1.858, 0.591, 0.124, 0.87, -0.87, 0.003] 49.46
[1.909, 0.601, 0.097, 0.921, -0.921, 0.003] 82.99
[1.96, 0.606, 0.085, 0.973, -0.973, 0.003] 40.588
[2.012, 0.608, 0.079, 1.024, -1.024, 0.003] 49.441
[2.063, 0.609, 0.076, 1.075, -1.075, 0.003] 60.062
[2.114, 0.61, 0.075, 1.126, -1.126, 0.003] 65.678
[2.165, 0.61, 0.074, 1.177, -1.177, 0.003] 71.612
[2.216, 0.61, 0.074, 1.229, -1.229, 0.003] 62.747
[2.268, 0.61, 0.074, 1.28, -1.28, 0.003] 67.969
[2.319, 0.61, 0.074, 1.331, -1.331, 0.003] 47.807
[2.37, 0.61, 0.074, 1.382, -1.382, 0.003] 66.639
[2.421, 0.61, 0.074, 1.433, -1.414, 0.003] 67.393
[2.461, 0.61, 0.074, 1.485, -1.428, 0.003] 83.416
[2.479, 0.61, 0.074, 1.536, -1.435, 0.003] 66.546
[2.488, 0.61, 0.074, 1.587, -1.438, 0.003] 50.834
[2.492, 0.61, 0.074, 1.638, -1.44, 0.003] 65.518
[2.493, 0.61, 0.074, 1.689, -1.44, 0.003] 66.437
[2.494, 0.61, 0.074, 1.733, -1.441, 0.003] 67.569
[2.495, 0.61, 0.074, 1.753, -1.441, 0.003] 67.35
[2.495, 0.61, 0.074, 1.762, -1.441, 0.003] 64.164
[2.444, 0.559, 0.023, 1.711, -1.39, 0.003] 50.896
[2.392, 0.527, -0.028, 1.66, -1.339, 0.003] 67.15
[2.341, 0.513, -0.08, 1.608, -1.287, 0.003] 66.855
[2.29, 0.506, -0.131, 1.557, -1.236, 0.003] 52.095
[2.239, 0.503, -0.182, 1.506, -1.185, 0.003] 63.88
[2.188, 0.501, -0.233, 1.455, -1.134, 0.003] 67.372
[2.136, 0.501, -0.284, 1.404, -1.083, 0.003] 65.566
[2.085, 0.5, -0.336, 1.353, -1.032, 0.003] 54.676
[2.034, 0.5, -0.387, 1.301, -0.98, 0.003] 66.802
[1.983, 0.5, -0.438, 1.25, -0.929, 0.003] 61.872
[1.932, 0.5, -0.489, 1.199, -0.878, 0.003] 66.228
[1.88, 0.5, -0.54, 1.148, -0.827, 0.003] 64.966
[1.829, 0.5, -0.592, 1.097, -0.776, 0.003] 51.62
[1.778, 0.5, -0.643, 1.045, -0.724, 0.003] 68.296
[1.727, 0.5, -0.694, 0.994, -0.673, 0.003] 64.877
[1.676, 0.5, -0.745, 0.943, -0.622, 0.003] 67.11
[1.624, 0.5, -0.796, 0.892, -0.571, 0.003] 68.034
[1.573, 0.5, -0.848, 0.841, -0.52, 0.003] 50.268
[1.522, 0.5, -0.899, 0.789, -0.469, 0.003] 66.213
[1.471, 0.5, -0.95, 0.738, -0.417, 0.003] 64.342
[1.42, 0.5, -1.001, 0.687, -0.366, 0.003] 84.254
[1.369, 0.5, -1.052, 0.636, -0.315, 0.003] 53.216
[1.317, 0.5, -1.104, 0.585, -0.264, 0.003] 40.072
[1.266, 0.5, -1.155, 0.534, -0.213, 0.003] 72.4
[1.215, 0.5, -1.203, 0.482, -0.161, 0.003] 49.133
[1.164, 0.5, -1.228, 0.431, -0.11, 0.003] 66.329
[1.113, 0.5, -1.24, 0.38, -0.059, 0.003] 68.874
[1.061, 0.5, -1.245, 0.329, -0.029, 0.003] 65.833
[1.01, 0.5, -1.248, 0.278, -0.015, 0.003] 65.136
[0.959, 0.5, -1.249, 0.226, -0.009, 0.003] 69.193
[0.908, 0.5, -1.25, 0.175, -0.006, 0.003] 48.665
[0.857, 0.5, -1.25, 0.124, -0.004, 0.003] 66.476
[0.805, 0.5, -1.25, 0.073, -0.003, 0.003] 66.887
[0.754, 0.5, -1.25, 0.034, -0.003, 0.003] 66.77
[0.703, 0.5, -1.25, 0.016, -0.003, 0.003] 51.574
[0.652, 0.5, -1.25, 0.007, -0.003, 0.003] 64.377
[0.601, 0.5, -1.25, 0.003, -0.003, 0.003] 67.023
[0.549, 0.5, -1.25, 0.002, -0.003, 0.003] 66.002
[0.498, 0.5, -1.25, 0.001, -0.003, 0.003] 66.999
[0.447, 0.5, -1.25, 0.0, -0.003, 0.003] 66.888
[0.396, 0.5, -1.25, 0.0, -0.003, 0.003] 49.829
[0.345, 0.5, -1.25, 0.0, -0.003, 0.003] 67.616
[0.293, 0.5, -1.25, 0.0, -0.003, 0.003] 65.721
[0.242, 0.5, -1.25, 0.0, -0.003, 0.003] 67.182
[0.191, 0.5, -1.25, 0.0, -0.003, 0.003] 53.178
[0.14, 0.5, -1.25, 0.0, -0.003, 0.003] 62.73
[0.089, 0.5, -1.25, 0.0, -0.003, 0.003] 67.141
[0.043, 0.5, -1.25, -0.0, -0.003, 0.003] 66.064
[0.02, 0.5, -1.25, 0.0, -0.003, 0.003] 67.801
[0.009, 0.5, -1.25, -0.0, -0.003, 0.003] 48.492
[-0.042, 0.449, -1.199, -0.029, -0.054, 0.003] 65.92
[-0.093, 0.398, -1.148, -0.042, -0.105, 0.003] 68.224
[-0.144, 0.346, -1.096, -0.049, -0.156, 0.003] 65.531
[-0.196, 0.295, -1.045, -0.052, -0.208, 0.003] 66.217
[-0.247, 0.244, -0.994, -0.053, -0.259, 0.003] 51.464
[-0.298, 0.193, -0.943, -0.053, -0.31, 0.003] 64.941
[-0.349, 0.142, -0.892, -0.054, -0.361, 0.003] 67.811
[-0.4, 0.09, -0.841, -0.054, -0.412, 0.003] 65.427
[-0.452, 0.039, -0.789, -0.054, -0.463, 0.003] 55.053
[-0.503, -0.012, -0.738, -0.054, -0.514, 0.003] 62.516
[-0.554, -0.063, -0.687, -0.054, -0.566, 0.003] 65.132
[-0.605, -0.114, -0.636, -0.054, -0.617, 0.003] 69.118
[-0.656, -0.166, -0.585, -0.054, -0.668, 0.003] 65.629
[-0.708, -0.217, -0.533, -0.054, -0.712, 0.003] 54.163
[-0.759, -0.268, -0.482, -0.054, -0.732, 0.003] 67.291
[-0.81, -0.319, -0.431, -0.054, -0.742, 0.003] 63.116
[-0.861, -0.37, -0.38, -0.054, -0.746, 0.003] 65.186
[-0.912, -0.422, -0.329, -0.054, -0.748, 0.003] 65.585
[-0.964, -0.464, -0.278, -0.054, -0.749, 0.003] 50.576
[-1.015, -0.483, -0.226, -0.054, -0.75, 0.003] 68.292
[-1.066, -0.492, -0.175, -0.054, -0.75, 0.003] 63.073
[-1.117, -0.496, -0.127, -0.054, -0.75, 0.003] 67.008
[-1.168, -0.498, -0.101, -0.054, -0.75, 0.003] 51.533
[-1.213, -0.499, -0.089, -0.054, -0.75, 0.003] 66.871
[-1.234, -0.5, -0.084, -0.054, -0.75, 0.003] 66.825
[-1.244, -0.5, -0.081, -0.054, -0.75, 0.003] 66.475
[-1.193, -0.449, -0.038, -0.036, -0.801, -0.004] 54.894
[-1.142, -0.397, -0.017, -0.027, -0.852, -0.007] 62.068
[-1.091, -0.346, -0.008, -0.023, -0.904, -0.009] 65.916
[-1.04, -0.295, -0.004, -0.022, -0.955, -0.009] 66.609
[-0.988, -0.244, -0.002, -0.021, -1.006, -0.01] 68.776
[-0.937, -0.193, -0.001, -0.02, -1.057, -0.01] 51.976
[-0.886, -0.141, -0.0, -0.02, -1.108, -0.01] 62.579
[-0.835, -0.09, -0.0, -0.02, -1.16, -0.01] 66.744
[-0.784, -0.039, -0.0, -0.02, -1.211, -0.01] 65.045
[-0.732, 0.012, -0.0, -0.02, -1.262, -0.01] 67.834
[-0.681, 0.063, -0.0, -0.02, -1.313, -0.01] 52.606
[-0.63, 0.115, -0.0, -0.02, -1.358, -0.01] 63.94
[-0.579, 0.159, -0.0, -0.02, -1.381, -0.01] 49.488
[-0.528, 0.181, -0.0, -0.02, -1.391, -0.01] 83.494
[-0.476, 0.191, -0.0, -0.02, -1.396, -0.01] 76.956
[-0.425, 0.196, -0.0, -0.02, -1.398, -0.01] 72.837
[-0.374, 0.198, 0.0, -0.02, -1.399, -0.01] 36.557
[-0.323, 0.199, -0.0, -0.02, -1.4, -0.01] 64.395
[-0.272, 0.2, 0.0, -0.02, -1.4, -0.01] 66.244
[-0.22, 0.2, 0.0, -0.02, -1.4, -0.01] 64.854
[-0.169, 0.2, 0.0, -0.02, -1.4, -0.01] 51.38
[-0.118, 0.2, 0.0, -0.02, -1.4, -0.01] 66.608
[-0.067, 0.2, 0.0, -0.02, -1.4, -0.01] 66.995
[-0.031, 0.2, 0.0, -0.02, -1.4, -0.01] 66.357
[-0.014, 0.2, 0.0, -0.02, -1.4, -0.01] 67.008
[-0.007, 0.2, 0.0, -0.02, -1.4, -0.01] 49.528
[0.044, 0.149, 0.051, -0.071, -1.351, -0.003] 56.746
[0.072, 0.098, 0.102, -0.122, -1.323, 0.0] 70.061
[0.085, 0.046, 0.154, -0.174, -1.311, 0.002] 56.699
[0.091, -0.005, 0.205, -0.225, -1.305, 0.002] 66.429
[0.094, -0.056, 0.256, -0.276, -1.302, 0.003] 66.581
[0.095, -0.107, 0.307, -0.327, -1.301, 0.003] 66.416
[0.095, -0.158, 0.358, -0.378, -1.3, 0.003] 66.268
[0.096, -0.21, 0.409, -0.43, -1.3, 0.003] 67.557
[0.096, -0.256, 0.461, -0.481, -1.3, 0.003] 59.911
[0.096, -0.28, 0.512, -0.532, -1.3, 0.003] 72.533
[0.096, -0.291, 0.563, -0.583, -1.3, 0.003] 49.966
[0.096, -0.296, 0.614, -0.634, -1.3, 0.003] 67.7
[0.096, -0.298, 0.646, -0.685, -1.3, 0.003] 65.506
[0.096, -0.299, 0.66, -0.737, -1.3, 0.003] 66.632
[0.096, -0.3, 0.667, -0.788, -1.3, 0.003] 53.677
[0.096, -0.3, 0.67, -0.839, -1.3, 0.003] 63.893
[0.096, -0.3, 0.672, -0.89, -1.3, 0.003] 65.706
[0.096, -0.3, 0.672, -0.941, -1.3, 0.003] 65.74
[0.096, -0.3, 0.673, -0.993, -1.3, 0.003] 68.438
[0.096, -0.3, 0.673, -1.044, -1.3, 0.003] 51.65
[0.096, -0.3, 0.673, -1.095, -1.3, 0.003] 64.357
[0.096, -0.3, 0.673, -1.146, -1.3, 0.003] 66.011
[0.096, -0.3, 0.673, -1.197, -1.3, 0.003] 66.807
[0.096, -0.3, 0.673, -1.249, -1.3, 0.003] 51.699
[0.096, -0.3, 0.673, -1.3, -1.3, 0.003] 64.728
[0.096, -0.3, 0.673, -1.351, -1.3, 0.003] 66.543
[0.096, -0.3, 0.673, -1.402, -1.3, 0.003] 50.253
[0.096, -0.3, 0.673, -1.453, -1.3, 0.003] 66.675
[0.096, -0.3, 0.673, -1.505, -1.3, 0.003] 66.814
[0.096, -0.3, 0.673, -1.556, -1.3, 0.003] 66.557
[0.096, -0.3, 0.673, -1.607, -1.3, 0.003] 66.004
[0.096, -0.3, 0.673, -1.658, -1.3, 0.003] 53.512
[0.096, -0.3, 0.673, -1.701, -1.3, 0.003] 63.555
[0.096, -0.3, 0.673, -1.721, -1.3, 0.003] 67.009
[0.096, -0.3, 0.673, -1.73, -1.3, 0.003] 68.097
