[0.0, 0.0, 0.0005, 0.0001, -1.2472, -0.0173], 962
[0.0, 0.0, 0.0005, 0.0001, -1.2472, -0.002], 61
[-0.0043, 0.493, -1.249, 0.0001, -0.0001, -0.002], 457
[-0.0043, 0.493, -1.2669, 0.0001, -0.0032, -0.002], 120
[-0.0043, 0.493, -1.2847, 0.0001, -0.0078, -0.002], 60
[-0.0043, 0.493, -1.3006, 0.0001, -0.0154, -0.002], 60
[-0.0043, 0.493, -1.3159, 0.0001, -0.0384, -0.002], 120
[-0.0043, 0.493, -1.3271, 0.0001, -0.0538, -0.002], 60
[-0.0043, 0.493, -1.3271, 0.0001, -0.0753, -0.002], 60
[-0.0043, 0.493, -1.3276, 0.0001, -0.0998, -0.002], 60
[-0.0043, 0.493, -1.3276, 0.0001, -0.1197, -0.002], 60
[-0.0043, 0.493, -1.3282, 0.0001, -0.1474, -0.002], 60
[-0.0043, 0.493, -1.3282, 0.0001, -0.1673, -0.002], 60
[-0.0043, 0.493, -1.3282, 0.0001, -0.1918, -0.002], 60
[-0.0043, 0.493, -1.3282, 0.0001, -0.2179, -0.002], 60
[-0.0043, 0.493, -1.3282, 0.0001, -0.2425, -0.002], 60
[-0.0051, 0.4981, -1.3282, 0.0001, -0.2578, -0.002], 181
[-0.0043, 0.493, -1.3159, 0.0001, -0.2578, -0.002], 301
[-0.0043, 0.4857, -1.296, 0.0001, -0.2547, -0.002], 60
[-0.0043, 0.4765, -1.2694, 0.0001, -0.2486, -0.002], 60
[-0.0043, 0.4628, -1.2321, 0.0001, -0.2333, -0.002], 121
[-0.0043, 0.4453, -1.1836, 0.0001, -0.2195, -0.002], 60
[-0.0043, 0.4247, -1.1269, 0.0001, -0.2118, -0.002], 60
[-0.0043, 0.4247, -1.1269, 0.0001, -0.1995, -0.002], 60
[-0.0043, 0.4013, -1.0641, 0.0001, -0.1872, -0.002], 60
[-0.0036, 0.3765, -0.9976, 0.0001, -0.1811, -0.002], 60
[-0.0036, 0.3518, -0.9312, 0.0001, -0.1688, -0.002], 60
[-0.0036, 0.3265, -0.8648, 0.0001, -0.1474, -0.002], 120
[-0.0029, 0.3013, -0.7974, 0.0001, -0.1366, -0.002], 60
[-0.0029, 0.2761, -0.7974, 0.0001, -0.1274, -0.002], 60
[-0.0029, 0.2761, -0.7274, 0.0001, -0.1182, -0.002], 60
[-0.0029, 0.2509, -0.6585, 0.0001, -0.1075, -0.002], 60
[-0.0022, 0.2256, -0.591, 0.0001, -0.0998, -0.002], 60
[-0.0022, 0.2, -0.5231, 0.0001, -0.0906, -0.002], 60
[-0.0022, 0.1743, -0.4562, 0.0001, -0.0707, -0.002], 120
[-0.0014, 0.1486, -0.3877, 0.0001, -0.0568, -0.002], 60
[-0.0014, 0.1234, -0.3877, 0.0001, -0.0461, -0.002], 60
[-0.0014, 0.1234, -0.3198, 0.0001, -0.0384, -0.002], 60
[-0.0014, 0.0986, -0.2529, 0.0001, -0.0277, -0.002], 60
[-0.0014, 0.0752, -0.19, 0.0001, -0.0216, -0.002], 60
[-0.0007, 0.055, -0.1349, 0.0001, -0.0124, -0.002], 61
[-0.0007, 0.039, -0.1349, 0.0001, -0.0047, -0.002], 60
[-0.0007, 0.039, -0.0919, 0.0001, -0.0047, -0.002], 60
[-0.0007, 0.0261, -0.0587, 0.0001, -0.0047, -0.002], 60
[-0.0007, 0.0165, -0.0327, 0.0001, -0.0047, -0.002], 60
[-0.0007, 0.0101, -0.0158, 0.0001, 0.0076, -0.002], 120
[0.0, 0.006, -0.0051, 0.0001, 0.0076, -0.002], 121
[0.0, 0.0023, -0.002, -0.0137, 0.003, -0.002], 301
[0.0022, -0.0014, 0.0041, -0.0459, -0.02, -0.002], 60
[0.0058, -0.0128, 0.0169, -0.0858, -0.0522, -0.002], 61
[0.0094, -0.0312, 0.0383, -0.1426, -0.0983, -0.002], 60
[0.0144, -0.0564, 0.0674, -0.2361, -0.175, -0.002], 60
[0.0181, -0.0564, 0.0674, -0.299, -0.2271, -0.002], 60
[0.0181, -0.0867, 0.1027, -0.3819, -0.2977, -0.002], 60
[0.0217, -0.1225, 0.1435, -0.457, -0.3667, -0.002], 60
[0.0267, -0.1624, 0.19, -0.5613, -0.4511, -0.002], 60
[0.0332, -0.1624, 0.19, -0.6411, -0.5186, -0.002], 60
[0.0332, -0.2045, 0.2375, -0.747, -0.6122, -0.002], 60
[0.0397, -0.2472, 0.2861, -0.8344, -0.6827, -0.002], 60
[0.0462, -0.2894, 0.3341, -0.9326, -0.7702, -0.002], 60
[0.0527, -0.2894, 0.3341, -1.0399, -0.8683, -0.002], 60
[0.0527, -0.3325, 0.3836, -1.1212, -0.9374, -0.002], 60
[0.0599, -0.3761, 0.4332, -1.2317, -1.0325, -0.002], 60
[0.0664, -0.4178, 0.4807, -1.3084, -1.0923, -0.002], 60
[0.0729, -0.4178, 0.4807, -1.4142, -1.1905, 0.0031], 60
[0.0729, -0.4559, 0.5241, -1.5032, -1.2702, -0.002], 60
[0.0787, -0.4898, 0.5624, -1.5646, -1.3255, -0.002], 60
[0.0831, -0.5192, 0.5951, -1.6367, -1.3914, -0.002], 60
[0.0874, -0.5192, 0.5951, -1.6934, -1.4466, 0.0031], 60
[0.0874, -0.5439, 0.6227, -1.7256, -1.4773, -0.002], 60
[0.0903, -0.5618, 0.6431, -1.7502, -1.5065, -0.002], 60
[0.0924, -0.5747, 0.6574, -1.764, -1.5218, -0.002], 60
[0.0939, -0.5847, 0.6687, -1.7686, -1.5249, -0.002], 181
[0.0932, -0.5847, 0.6687, -1.7793, -1.5341, -0.002], 120
[0.0672, -0.5825, 0.6493, -1.7747, -1.5233, -0.002], 181
[0.0368, -0.5825, 0.6493, -1.7563, -1.5049, -0.002], 60
[0.0368, -0.5829, 0.6314, -1.6904, -1.4773, -0.002], 60
[-0.0058, -0.5829, 0.6064, -1.5952, -1.4359, -0.002], 60
[-0.0621, -0.5834, 0.5742, -1.5385, -1.416, -0.002], 61
[-0.13, -0.5838, 0.5359, -1.448, -1.3546, -0.002], 60
[-0.2094, -0.5838, 0.5359, -1.3866, -1.3285, -0.002], 60
[-0.2094, -0.5847, 0.4914, -1.2885, -1.284, -0.002], 60
[-0.2975, -0.5852, 0.4429, -1.1964, -1.2395, -0.002], 60
[-0.3914, -0.5861, 0.3908, -1.1182, -1.2073, -0.002], 60
[-0.4868, -0.5861, 0.3908, -1.0154, -1.1567, -0.002], 60
[-0.4868, -0.587, 0.3387, -0.9249, -1.1153, -0.002], 60
[-0.5828, -0.588, 0.2861, -0.8191, -1.0631, -0.002], 60
[-0.6774, -0.5884, 0.2329, -0.7408, -1.0309, -0.002], 60
[-0.7735, -0.5884, 0.2329, -0.6273, -0.9818, -0.002], 61
[-0.7735, -0.5893, 0.1803, -0.5475, -0.9466, -0.0071], 60
[-0.8659, -0.5898, 0.1287, -0.4509, -0.9051, -0.002], 60
[-0.9526, -0.5907, 0.0812, -0.3727, -0.8729, -0.002], 60
[-1.0306, -0.5907, 0.0812, -0.2806, -0.8346, -0.002], 60
[-1.0306, -0.5912, 0.0388, -0.1963, -0.8024, -0.002], 60
[-1.097, -0.5916, 0.0388, -0.1441, -0.7824, -0.002], 60
[-1.1512, -0.5916, -0.0271, -0.1042, -0.7655, -0.002], 60
[-1.1924, -0.5916, -0.0271, -0.0597, -0.7502, -0.002], 60
[-1.1924, -0.5921, -0.049, -0.049, -0.7456, -0.002], 60
[-1.222, -0.5921, -0.0644, -0.0337, -0.7395, -0.002], 60
[-1.2393, -0.5921, -0.073, -0.0275, -0.7364, -0.002], 60
[-1.2501, -0.5921, -0.0787, -0.0275, -0.7364, -0.002], 181
[-1.2422, -0.5866, -0.0776, -0.0168, -0.7364, -0.002], 241
[-1.2234, -0.5797, -0.0756, -0.0076, -0.7364, -0.002], 60
[-1.1938, -0.5696, -0.0741, 0.0062, -0.7379, -0.002], 60
[-1.1938, -0.5696, -0.0741, 0.0246, -0.7471, -0.002], 60
[-1.1512, -0.5554, -0.0715, 0.0507, -0.7563, -0.002], 60
[-1.0941, -0.5361, -0.069, 0.0737, -0.764, -0.002], 60
[-1.0241, -0.5132, -0.069, 0.1029, -0.7778, -0.002], 61
[-1.0241, -0.5132, -0.0659, 0.1243, -0.7901, -0.002], 60
[-0.9418, -0.4866, -0.0618, 0.1704, -0.8085, -0.002], 60
[-0.8529, -0.4577, -0.0582, 0.2056, -0.8238, -0.002], 60
[-0.7598, -0.4279, -0.0541, 0.2455, -0.8407, -0.002], 60
[-0.7598, -0.4279, -0.0541, 0.2823, -0.8576, -0.002], 60
[-0.6652, -0.3972, -0.0506, 0.313, -0.8668, -0.002], 60
[-0.5713, -0.3664, -0.0465, 0.3468, -0.8821, -0.002], 60
[-0.4738, -0.3353, -0.0465, 0.3775, -0.8944, -0.002], 60
[-0.4738, -0.3353, -0.0424, 0.4173, -0.9128, -0.002], 60
[-0.3777, -0.305, -0.0388, 0.4434, -0.922, -0.002], 60
[-0.2824, -0.2747, -0.0378, 0.494, -0.9435, -0.002], 60
[-0.1856, -0.244, -0.0352, 0.5309, -0.9542, -0.002], 60
[-0.0896, -0.2137, -0.0317, 0.5692, -0.9726, -0.002], 60
[-0.0896, -0.2137, -0.0317, 0.6075, -0.9849, -0.002], 60
[0.0058, -0.1821, -0.0317, 0.6367, -1.0002, -0.002], 61
[0.1026, -0.1513, -0.0245, 0.6674, -1.0095, -0.002], 60
[0.1986, -0.1206, -0.0209, 0.6981, -1.0233, -0.002], 60
[0.1986, -0.1206, -0.0209, 0.7364, -1.0386, -0.002], 60
[0.2947, -0.0899, -0.0169, 0.7717, -1.0463, -0.002], 60
[0.3907, -0.0592, -0.0133, 0.8085, -1.0693, -0.002], 60
[0.486, -0.0284, -0.0092, 0.8453, -1.0846, -0.002], 60
[0.486, -0.0284, -0.0092, 0.876, -1.0908, -0.002], 60
[0.5807, 0.0032, -0.0051, 0.9128, -1.1061, -0.002], 60
[0.6767, 0.0344, -0.0015, 0.942, -1.123, -0.002], 60
[0.7728, 0.0651, -0.0015, 0.9864, -1.1337, -0.002], 60
[0.7728, 0.0651, 0.0031, 1.0141, -1.1398, -0.002], 60
[0.8681, 0.0954, 0.0061, 1.0539, -1.1675, -0.002], 60
[0.9641, 0.1261, 0.0102, 1.0892, -1.1782, -0.002], 60
[1.0609, 0.1573, 0.0143, 1.1138, -1.1905, -0.002], 60
[1.0609, 0.1573, 0.0143, 1.1506, -1.2043, -0.002], 60
[1.1563, 0.1885, 0.0184, 1.1813, -1.2119, -0.002], 60
[1.2523, 0.2201, 0.0225, 1.2257, -1.2273, -0.002], 60
[1.3491, 0.2513, 0.0261, 1.2564, -1.2472, -0.002], 60
[1.3491, 0.2513, 0.0261, 1.2963, -1.2549, -0.002], 60
[1.4444, 0.2816, 0.0301, 1.3316, -1.2702, -0.002], 60
[1.5397, 0.3123, 0.0342, 1.3623, -1.2917, -0.002], 60
[1.6365, 0.3435, 0.0342, 1.396, -1.2963, -0.002], 60
[1.6365, 0.3435, 0.0378, 1.4359, -1.3101, -0.002], 60
[1.7311, 0.3747, 0.0419, 1.4865, -1.3316, -0.002], 61
[1.8272, 0.4054, 0.0455, 1.5126, -1.3439, -0.002], 60
[1.924, 0.4362, 0.0496, 1.5463, -1.3531, -0.002], 60
[2.02, 0.4664, 0.0536, 1.5786, -1.3684, -0.002], 60
[2.02, 0.4664, 0.0536, 1.6184, -1.3807, -0.002], 60
[2.1153, 0.4962, 0.0577, 1.6522, -1.396, -0.002], 60
[2.2027, 0.5242, 0.0613, 1.6859, -1.4098, -0.002], 60
[2.2807, 0.5494, 0.0644, 1.7151, -1.4221, -0.002], 60
[2.2807, 0.5494, 0.0644, 1.7289, -1.4267, -0.002], 60
[2.3479, 0.571, 0.0669, 1.7519, -1.4374, -0.002], 60
[2.4006, 0.5875, 0.069, 1.7657, -1.4405, -0.002], 60
[2.4403, 0.5994, 0.0705, 1.7749, -1.4451, -0.002], 60
[2.4671, 0.6068, 0.0715, 1.781, -1.4466, -0.002], 120
[2.4822, 0.61, 0.072, 1.7826, -1.4466, -0.002], 60
[2.4591, 0.6077, 0.0567, 1.7826, -1.4313, -0.002], 422
[2.4281, 0.6063, 0.0404, 1.7688, -1.4052, -0.002], 60
[2.3847, 0.6036, 0.0169, 1.7335, -1.3837, -0.002], 60
[2.3847, 0.6036, 0.0169, 1.6844, -1.3531, -0.002], 60
[2.3306, 0.6013, -0.0133, 1.6553, -1.3285, -0.002], 60
[2.2627, 0.5985, -0.0501, 1.5878, -1.2779, -0.002], 60
[2.1825, 0.5967, -0.0935, 1.5433, -1.2395, -0.002], 60
[2.1825, 0.5967, -0.0935, 1.4819, -1.1981, -0.002], 60
[2.093, 0.5939, -0.1405, 1.4298, -1.149, -0.002], 60
[2.0005, 0.5921, -0.19, 1.3853, -1.1153, -0.002], 60
[1.9059, 0.5889, -0.2411, 1.3178, -1.0616, -0.002], 60
[1.9059, 0.5889, -0.2411, 1.258, -1.0171, -0.002], 60
[1.8091, 0.5852, -0.2917, 1.1997, -0.9696, -0.002], 60
[1.7138, 0.5811, -0.3428, 1.1383, -0.9205, -0.002], 60
[1.6185, 0.577, -0.3933, 1.0877, -0.8806, -0.002], 60
[1.5231, 0.5728, -0.4449, 1.0217, -0.8315, -0.002], 60
[1.5231, 0.5728, -0.4449, 0.9772, -0.7947, -0.002], 60
[1.4278, 0.5682, -0.4955, 0.9312, -0.7563, -0.002], 60
[1.3325, 0.5641, -0.5456, 0.876, -0.7134, -0.002], 60
[1.2357, 0.56, -0.5966, 0.8269, -0.672, -0.002], 60
[1.2357, 0.56, -0.5966, 0.764, -0.6214, -0.002], 60
[1.1396, 0.5559, -0.6477, 0.7226, -0.5876, -0.002], 61
[1.0436, 0.5513, -0.6993, 0.6689, -0.5447, -0.002], 60
[0.9475, 0.5467, -0.7514, 0.626, -0.5094, -0.002], 60
[0.9475, 0.5467, -0.7514, 0.5661, -0.4618, -0.002], 60
[0.8508, 0.543, -0.803, 0.517, -0.4204, -0.002], 60
[0.7547, 0.538, -0.8551, 0.4588, -0.3744, -0.002], 60
[0.6579, 0.5338, -0.9052, 0.4143, -0.3376, -0.002], 60
[0.6579, 0.5338, -0.9052, 0.3606, -0.2946, -0.002], 60
[0.5612, 0.5297, -0.9558, 0.3008, -0.2486, -0.002], 60
[0.4665, 0.526, -1.0068, 0.2501, -0.2072, -0.002], 60
[0.3734, 0.5215, -1.0569, 0.2087, -0.1704, -0.002], 60
[0.3734, 0.5215, -1.0569, 0.1535, -0.1259, -0.002], 60
[0.2882, 0.5173, -1.1013, 0.1075, -0.0891, -0.002], 60
[0.2123, 0.5141, -1.1412, 0.0814, -0.0691, -0.002], 60
[0.1473, 0.5114, -1.1754, 0.0461, -0.0415, -0.002], 60
[0.1473, 0.5114, -1.1754, 0.0246, -0.0216, -0.002], 60
[0.0932, 0.5091, -1.2035, 0.0016, -0.0047, -0.002], 60
[0.0542, 0.5072, -1.2239, -0.0076, 0.003, -0.002], 60
[0.0267, 0.5063, -1.2377, -0.0137, 0.0106, -0.002], 60
[0.0116, 0.5054, -1.2454, -0.0168, 0.0137, -0.002], 61
[0.0094, 0.4985, -1.2219, -0.0229, 0.0198, -0.002], 422
[0.0101, 0.4898, -1.1979, -0.0229, 0.0198, -0.002], 60
[0.0101, 0.4774, -1.1652, -0.0229, 0.0198, -0.002], 120
[0.0094, 0.46, -1.1208, -0.0229, 0.0198, -0.002], 60
[0.0094, 0.4384, -1.0661, -0.0229, 0.0198, -0.002], 60
[0.0087, 0.4137, -1.0038, -0.0229, 0.0183, -0.002], 121
[0.0079, 0.3875, -0.9399, -0.0229, 0.0198, -0.002], 60
[0.0072, 0.36, -0.8735, -0.0214, 0.0183, -0.002], 60
[0.0072, 0.332, -0.8061, -0.0198, 0.0168, -0.002], 120
[0.0065, 0.305, -0.7381, -0.0198, 0.0122, -0.002], 60
[0.0058, 0.2775, -0.6707, -0.0198, 0.0106, -0.002], 60
[0.0051, 0.25, -0.6018, -0.0183, 0.0091, -0.002], 120
[0.0043, 0.2224, -0.5338, -0.0168, 0.0076, -0.002], 60
[0.0036, 0.194, -0.4659, -0.0168, 0.006, -0.002], 60
[0.0029, 0.1665, -0.3974, -0.0106, 0.006, -0.002], 120
[0.0022, 0.1385, -0.33, -0.0076, 0.0045, -0.0071], 60
[0.0022, 0.111, -0.2626, -0.006, 0.0045, -0.002], 60
[0.0014, 0.0853, -0.1992, -0.003, 0.0014, -0.002], 120
[0.0007, 0.0628, -0.143, -0.003, 0.0014, -0.002], 60
[0.0007, 0.0445, -0.0981, -0.0014, -0.0001, -0.002], 60
[0.0007, 0.0303, -0.0628, 0.0001, -0.0001, -0.002], 120
[0.0, 0.0188, -0.0358, 0.0001, -0.0001, -0.002], 60
[0.0, 0.0115, -0.0179, 0.0016, -0.0001, -0.002], 60
[0.0, 0.0064, -0.0056, 0.0016, -0.0001, -0.002], 181
