[0.0, -0.0, -0.003, 0.0, -0.0, -0.0] 48.4
[0.048, -0.051, 0.048, -0.051, -0.051, 0.002] 65.793
[0.074, -0.102, 0.099, -0.102, -0.102, 0.002] 66.376
[0.086, -0.154, 0.15, -0.154, -0.153, 0.003] 66.619
[0.091, -0.205, 0.201, -0.205, -0.205, 0.003] 67.841
[0.094, -0.256, 0.253, -0.256, -0.256, 0.003] 65.699
[0.095, -0.307, 0.304, -0.307, -0.307, 0.003] 49.745
[0.096, -0.358, 0.355, -0.358, -0.358, 0.003] 65.804
[0.096, -0.41, 0.406, -0.41, -0.409, 0.003] 70.323
[0.096, -0.461, 0.457, -0.461, -0.46, 0.003] 63.722
[0.096, -0.512, 0.508, -0.512, -0.511, 0.003] 49.84
[0.096, -0.555, 0.56, -0.563, -0.563, 0.003] 66.375
[0.096, -0.575, 0.611, -0.614, -0.614, 0.003] 68.681
[0.096, -0.584, 0.644, -0.665, -0.665, 0.003] 64.921
[0.096, -0.588, 0.66, -0.717, -0.716, 0.003] 48.8
[0.096, -0.59, 0.667, -0.768, -0.767, 0.003] 67.649
[0.096, -0.591, 0.67, -0.819, -0.819, 0.003] 67.908
[0.096, -0.592, 0.672, -0.87, -0.87, 0.003] 65.146
[0.096, -0.592, 0.672, -0.921, -0.921, 0.003] 67.111
[0.096, -0.592, 0.673, -0.973, -0.972, 0.003] 53.353
[0.096, -0.592, 0.673, -1.024, -1.023, 0.003] 63.316
[0.096, -0.592, 0.673, -1.075, -1.075, 0.003] 66.152
[0.096, -0.592, 0.673, -1.126, -1.126, 0.003] 67.596
[0.096, -0.592, 0.673, -1.177, -1.177, 0.003] 65.58
[0.096, -0.592, 0.673, -1.229, -1.228, 0.003] 55.157
[0.096, -0.592, 0.673, -1.28, -1.279, 0.003] 62.055
[0.096, -0.592, 0.673, -1.331, -1.331, 0.003] 66.037
[0.096, -0.592, 0.673, -1.382, -1.382, 0.003] 66.733
[0.096, -0.592, 0.673, -1.433, -1.433, 0.003] 66.635
[0.096, -0.592, 0.673, -1.485, -1.468, 0.003] 65.608
[0.096, -0.592, 0.673, -1.536, -1.485, 0.003] 55.718
[0.096, -0.592, 0.673, -1.587, -1.492, 0.003] 61.779
[0.096, -0.592, 0.673, -1.638, -1.496, 0.003] 65.649
[0.096, -0.592, 0.673, -1.688, -1.498, 0.003] 67.152
[0.096, -0.592, 0.673, -1.715, -1.498, 0.003] 50.138
[0.096, -0.592, 0.673, -1.727, -1.499, 0.003] 66.538
[0.096, -0.592, 0.673, -1.733, -1.499, 0.003] 64.583
[0.045, -0.592, 0.622, -1.682, -1.448, 0.003] 68.676
[-0.006, -0.592, 0.571, -1.631, -1.397, 0.003] 65.964
[-0.058, -0.592, 0.519, -1.579, -1.345, 0.003] 67.126
[-0.109, -0.592, 0.468, -1.528, -1.294, 0.003] 50.388
[-0.16, -0.592, 0.417, -1.477, -1.243, 0.003] 66.621
[-0.211, -0.592, 0.366, -1.426, -1.192, 0.003] 65.888
[-0.262, -0.592, 0.315, -1.375, -1.141, 0.003] 67.258
[-0.314, -0.592, 0.263, -1.324, -1.089, 0.003] 56.334
[-0.365, -0.592, 0.212, -1.272, -1.038, 0.003] 69.676
[-0.416, -0.592, 0.161, -1.221, -0.987, 0.003] 73.936
[-0.467, -0.592, 0.11, -1.17, -0.936, 0.003] 54.941
[-0.518, -0.592, 0.059, -1.119, -0.885, 0.003] 62.334
[-0.57, -0.592, 0.008, -1.068, -0.833, 0.003] 64.1
[-0.621, -0.592, -0.038, -1.016, -0.789, 0.003] 69.35
[-0.672, -0.592, -0.06, -0.965, -0.768, 0.003] 65.642
[-0.723, -0.592, -0.07, -0.914, -0.758, 0.003] 49.206
[-0.774, -0.592, -0.075, -0.863, -0.754, 0.003] 67.618
[-0.826, -0.592, -0.077, -0.812, -0.752, 0.003] 65.83
[-0.877, -0.592, -0.078, -0.76, -0.751, 0.003] 67.062
[-0.928, -0.592, -0.079, -0.709, -0.75, 0.003] 66.489
[-0.979, -0.592, -0.079, -0.658, -0.75, 0.003] 64.216
[-1.03, -0.592, -0.079, -0.607, -0.75, 0.003] 52.211
[-1.082, -0.592, -0.079, -0.556, -0.75, 0.003] 67.89
[-1.133, -0.592, -0.079, -0.505, -0.75, 0.003] 59.029
[-1.184, -0.592, -0.079, -0.453, -0.75, 0.003] 73.235
[-1.221, -0.592, -0.079, -0.402, -0.75, 0.003] 65.781
[-1.238, -0.592, -0.079, -0.351, -0.75, 0.003] 50.254
[-1.246, -0.592, -0.079, -0.3, -0.75, 0.003] 65.363
[-1.25, -0.592, -0.079, -0.249, -0.75, 0.003] 68.008
[-1.252, -0.592, -0.079, -0.197, -0.75, 0.003] 50.337
[-1.252, -0.592, -0.079, -0.146, -0.75, 0.003] 64.487
[-1.253, -0.592, -0.079, -0.099, -0.75, 0.003] 72.664
[-1.253, -0.592, -0.079, -0.075, -0.75, 0.003] 80.231
[-1.253, -0.592, -0.079, -0.064, -0.75, 0.003] 89.872
[-1.202, -0.541, -0.028, -0.012, -0.801, 0.003] 82.647
[-1.151, -0.49, 0.022, 0.039, -0.852, 0.003] 86.915
[-1.099, -0.438, 0.05, 0.09, -0.904, 0.003] 90.434
[-1.048, -0.387, 0.063, 0.141, -0.955, 0.003] 54.848
[-0.997, -0.336, 0.069, 0.192, -1.006, 0.003] 33.337
[-0.946, -0.285, 0.072, 0.243, -1.057, 0.003] 34.754
[-0.895, -0.234, 0.073, 0.295, -1.108, 0.003] 38.288
[-0.843, -0.182, 0.073, 0.346, -1.16, 0.003] 54.146
[-0.792, -0.131, 0.074, 0.397, -1.211, 0.003] 65.958
[-0.741, -0.08, 0.074, 0.448, -1.262, 0.003] 66.66
[-0.69, -0.029, 0.074, 0.499, -1.313, 0.003] 52.223
[-0.639, 0.022, 0.074, 0.551, -1.364, 0.003] 64.994
[-0.587, 0.074, 0.074, 0.602, -1.406, 0.003] 66.318
[-0.536, 0.125, 0.074, 0.653, -1.425, 0.003] 66.247
[-0.485, 0.176, 0.074, 0.704, -1.433, 0.003] 66.314
[-0.434, 0.227, 0.074, 0.755, -1.438, 0.003] 67.256
[-0.383, 0.278, 0.074, 0.807, -1.439, 0.003] 66.339
[-0.331, 0.33, 0.074, 0.858, -1.44, 0.003] 67.807
[-0.28, 0.381, 0.074, 0.909, -1.441, 0.003] 65.602
[-0.229, 0.432, 0.074, 0.96, -1.441, 0.003] 50.544
[-0.178, 0.483, 0.074, 1.011, -1.441, 0.003] 68.333
[-0.127, 0.534, 0.074, 1.063, -1.441, 0.003] 64.142
[-0.075, 0.575, 0.074, 1.114, -1.441, 0.003] 66.933
[-0.024, 0.594, 0.074, 1.165, -1.441, 0.003] 66.747
[0.027, 0.603, 0.074, 1.216, -1.441, 0.003] 49.567
[0.078, 0.607, 0.074, 1.267, -1.441, 0.003] 66.484
[0.129, 0.608, 0.074, 1.319, -1.441, 0.003] 56.499
[0.181, 0.609, 0.074, 1.37, -1.441, 0.003] 76.548
[0.232, 0.61, 0.074, 1.421, -1.441, 0.003] 66.713
[0.283, 0.61, 0.074, 1.472, -1.441, 0.003] 66.281
[0.334, 0.61, 0.074, 1.523, -1.441, 0.003] 54.775
[0.385, 0.61, 0.074, 1.575, -1.441, 0.003] 61.978
[0.437, 0.61, 0.074, 1.626, -1.441, 0.003] 66.737
[0.488, 0.61, 0.074, 1.677, -1.441, 0.003] 56.504
[0.539, 0.61, 0.074, 1.724, -1.441, 0.003] 78.793
[0.59, 0.61, 0.074, 1.749, -1.441, 0.003] 64.908
[0.641, 0.61, 0.074, 1.76, -1.441, 0.003] 48.486
[0.693, 0.61, 0.074, 1.765, -1.441, 0.003] 66.963
[0.744, 0.61, 0.074, 1.768, -1.441, 0.003] 67.301
[0.795, 0.61, 0.074, 1.769, -1.441, 0.003] 66.653
[0.846, 0.61, 0.074, 1.77, -1.441, 0.003] 66.942
[0.897, 0.61, 0.074, 1.77, -1.441, 0.003] 50.152
[0.949, 0.61, 0.074, 1.77, -1.441, 0.003] 66.033
[1.0, 0.61, 0.074, 1.77, -1.441, 0.003] 67.077
[1.051, 0.61, 0.074, 1.77, -1.441, 0.003] 67.13
[1.102, 0.61, 0.074, 1.77, -1.441, 0.003] 53.942
[1.153, 0.61, 0.074, 1.77, -1.441, 0.003] 62.699
[1.205, 0.61, 0.074, 1.77, -1.441, 0.003] 65.966
[1.256, 0.61, 0.074, 1.77, -1.441, 0.003] 66.359
[1.307, 0.61, 0.074, 1.77, -1.441, 0.003] 66.642
[1.358, 0.61, 0.074, 1.77, -1.441, 0.003] 65.65
[1.409, 0.61, 0.074, 1.77, -1.441, 0.003] 51.015
[1.461, 0.61, 0.074, 1.77, -1.441, 0.003] 67.067
[1.512, 0.61, 0.074, 1.77, -1.441, 0.003] 66.0
[1.563, 0.61, 0.074, 1.77, -1.441, 0.003] 82.937
[1.614, 0.61, 0.074, 1.77, -1.441, 0.003] 66.905
[1.665, 0.61, 0.074, 1.77, -1.441, 0.003] 40.033
[1.717, 0.61, 0.074, 1.77, -1.441, 0.003] 59.986
[1.768, 0.61, 0.074, 1.77, -1.441, 0.003] 64.621
[1.819, 0.61, 0.074, 1.77, -1.441, 0.003] 52.397
[1.87, 0.61, 0.074, 1.77, -1.441, 0.003] 66.074
[1.921, 0.61, 0.074, 1.77, -1.441, 0.003] 66.191
[1.972, 0.61, 0.074, 1.77, -1.441, 0.003] 67.407
[2.024, 0.61, 0.074, 1.77, -1.441, 0.003] 67.991
[2.075, 0.61, 0.074, 1.77, -1.441, 0.003] 64.727
[2.126, 0.61, 0.074, 1.77, -1.441, 0.003] 54.794
[2.177, 0.61, 0.074, 1.77, -1.441, 0.003] 64.693
[2.228, 0.61, 0.074, 1.77, -1.441, 0.003] 63.935
[2.28, 0.61, 0.074, 1.77, -1.441, 0.003] 64.4
[2.331, 0.61, 0.074, 1.77, -1.441, 0.003] 68.295
[2.382, 0.61, 0.074, 1.77, -1.441, 0.003] 66.529
[2.433, 0.61, 0.074, 1.77, -1.441, 0.003] 49.06
[2.466, 0.61, 0.074, 1.77, -1.441, 0.003] 68.661
[2.482, 0.61, 0.074, 1.77, -1.441, 0.003] 65.885
[2.489, 0.61, 0.074, 1.77, -1.441, 0.003] 66.339
[2.438, 0.559, 0.023, 1.719, -1.39, 0.003] 67.666
[2.387, 0.527, -0.028, 1.668, -1.339, 0.003] 49.43
[2.335, 0.513, -0.08, 1.616, -1.287, 0.003] 66.224
[2.284, 0.506, -0.131, 1.565, -1.236, 0.003] 65.57
[2.233, 0.503, -0.182, 1.514, -1.185, 0.003] 50.813
[2.182, 0.501, -0.233, 1.463, -1.134, 0.003] 65.347
[2.131, 0.501, -0.284, 1.412, -1.083, 0.003] 68.566
[2.079, 0.5, -0.336, 1.361, -1.032, 0.003] 66.406
[2.028, 0.5, -0.387, 1.309, -0.98, 0.003] 49.675
[1.977, 0.5, -0.438, 1.258, -0.929, 0.003] 66.24
[1.926, 0.5, -0.489, 1.207, -0.878, 0.003] 77.16
[1.875, 0.5, -0.54, 1.156, -0.827, 0.003] 63.712
[1.823, 0.5, -0.592, 1.105, -0.776, 0.003] 57.369
[1.772, 0.5, -0.643, 1.053, -0.725, 0.003] 68.715
[1.721, 0.5, -0.694, 1.002, -0.673, 0.003] 57.537
[1.67, 0.5, -0.745, 0.951, -0.622, 0.003] 59.076
[1.619, 0.5, -0.796, 0.9, -0.571, 0.003] 66.359
[1.567, 0.5, -0.848, 0.849, -0.52, 0.003] 66.638
[1.516, 0.5, -0.899, 0.797, -0.469, 0.003] 65.555
[1.465, 0.5, -0.95, 0.746, -0.417, 0.003] 54.778
[1.414, 0.5, -1.001, 0.695, -0.366, 0.003] 62.796
[1.363, 0.5, -1.052, 0.644, -0.315, 0.003] 65.009
[1.311, 0.5, -1.104, 0.593, -0.264, 0.003] 67.462
[1.26, 0.5, -1.155, 0.542, -0.213, 0.003] 67.631
[1.209, 0.5, -1.203, 0.49, -0.162, 0.003] 67.159
[1.158, 0.5, -1.228, 0.439, -0.11, 0.003] 66.095
[1.107, 0.5, -1.24, 0.388, -0.059, 0.003] 67.391
[1.055, 0.5, -1.245, 0.337, -0.029, 0.003] 66.111
[1.004, 0.5, -1.248, 0.286, -0.015, 0.003] 46.709
[0.953, 0.5, -1.249, 0.235, -0.009, 0.003] 70.791
[0.902, 0.5, -1.25, 0.183, -0.006, 0.003] 65.421
[0.851, 0.5, -1.25, 0.132, -0.004, 0.003] 67.363
[0.799, 0.5, -1.25, 0.081, -0.003, 0.003] 65.185
[0.748, 0.5, -1.25, 0.038, -0.003, 0.003] 50.509
[0.697, 0.5, -1.25, 0.017, -0.003, 0.003] 66.198
[0.646, 0.5, -1.25, 0.008, -0.003, 0.003] 67.894
[0.595, 0.5, -1.25, 0.004, -0.003, 0.003] 66.527
[0.543, 0.5, -1.25, 0.002, -0.003, 0.003] 65.306
[0.492, 0.5, -1.25, 0.001, -0.003, 0.003] 50.764
[0.441, 0.5, -1.25, 0.0, -0.003, 0.003] 67.124
[0.39, 0.5, -1.25, 0.0, -0.003, 0.003] 65.637
[0.339, 0.5, -1.25, 0.0, -0.003, 0.003] 65.769
[0.287, 0.5, -1.25, 0.0, -0.003, 0.003] 51.185
[0.236, 0.5, -1.25, 0.0, -0.003, 0.003] 65.011
[0.185, 0.5, -1.25, 0.0, -0.003, 0.003] 68.176
[0.134, 0.5, -1.25, 0.0, -0.003, 0.003] 65.864
[0.083, 0.5, -1.25, 0.0, -0.003, 0.003] 53.655
[0.039, 0.5, -1.25, -0.0, -0.003, 0.003] 54.748
[0.018, 0.5, -1.25, -0.0, -0.003, 0.003] 75.293
[0.008, 0.5, -1.25, -0.0, -0.003, 0.003] 66.002
[0.004, 0.449, -1.199, -0.0, -0.001, 0.001] 66.834
[0.002, 0.398, -1.148, -0.0, -0.001, 0.001] 66.992
[0.001, 0.346, -1.096, -0.0, -0.0, 0.0] 51.378
[0.0, 0.295, -1.045, 0.0, -0.0, 0.0] 63.435
[0.0, 0.244, -0.994, 0.0, -0.0, 0.0] 68.21
[0.0, 0.193, -0.943, 0.0, -0.0, 0.0] 66.739
[0.0, 0.142, -0.892, 0.0, -0.0, 0.0] 53.349
[0.0, 0.09, -0.841, 0.0, -0.0, 0.0] 63.061
[0.0, 0.044, -0.789, 0.0, -0.0, 0.0] 66.443
[0.0, 0.02, -0.738, 0.0, -0.0, -0.0] 52.496
[0.0, 0.009, -0.687, 0.0, -0.0, -0.0] 63.408
[0.0, 0.004, -0.636, 0.0, -0.0, 0.0] 67.495
[0.0, 0.002, -0.585, 0.0, -0.0, -0.0] 58.99
[0.0, 0.001, -0.533, 0.0, -0.0, -0.0] 73.782
[0.0, 0.0, -0.482, 0.0, -0.0, 0.0] 66.89
[0.0, 0.0, -0.431, 0.0, -0.0, 0.0] 66.582
[0.0, 0.0, -0.38, 0.0, -0.0, -0.0] 53.973
[0.0, 0.0, -0.329, 0.0, -0.0, -0.0] 78.301
[0.0, 0.0, -0.277, 0.0, -0.0, 0.0] 50.622
[0.0, 0.0, -0.226, 0.0, -0.0, -0.0] 67.215
[0.0, 0.0, -0.175, 0.0, -0.0, 0.0] 66.668
[0.0, 0.0, -0.124, 0.0, -0.0, 0.0] 52.552
[0.0, 0.0, -0.073, 0.0, -0.0, -0.0] 80.705
[0.0, -0.0, -0.034, 0.0, -0.0, -0.0] 65.183
[0.0, -0.0, -0.016, 0.0, -0.0, -0.0] 40.776
[0.0, -0.0, -0.007, 0.0, -0.0, -0.0] 61.142
