[0.0, -0.0, -0.003, 0.0, -0.0, -0.0] 64.758
[0.048, -0.051, 0.048, -0.051, -0.051, 0.002] 68.62
[0.074, -0.102, 0.099, -0.102, -0.102, 0.002] 66.984
[0.086, -0.154, 0.15, -0.154, -0.153, 0.003] 65.101
[0.091, -0.205, 0.201, -0.205, -0.205, 0.003] 49.894
[0.094, -0.256, 0.253, -0.256, -0.256, 0.003] 66.923
[0.095, -0.307, 0.304, -0.307, -0.307, 0.003] 67.868
[0.096, -0.358, 0.355, -0.358, -0.358, 0.003] 65.427
[0.096, -0.41, 0.406, -0.41, -0.409, 0.003] 49.344
[0.096, -0.461, 0.457, -0.461, -0.46, 0.003] 67.072
[0.096, -0.512, 0.508, -0.512, -0.511, 0.003] 66.578
[0.096, -0.555, 0.56, -0.563, -0.563, 0.003] 67.128
[0.096, -0.575, 0.611, -0.614, -0.614, 0.003] 65.821
[0.096, -0.584, 0.644, -0.665, -0.665, 0.003] 54.18
[0.096, -0.588, 0.66, -0.717, -0.716, 0.003] 62.1
[0.096, -0.59, 0.667, -0.768, -0.767, 0.003] 67.642
[0.096, -0.591, 0.67, -0.819, -0.819, 0.003] 66.353
[0.096, -0.592, 0.672, -0.87, -0.87, 0.003] 66.755
[0.096, -0.592, 0.672, -0.921, -0.921, 0.003] 64.339
[0.096, -0.592, 0.673, -0.973, -0.972, 0.003] 56.157
[0.096, -0.592, 0.673, -1.024, -1.023, 0.003] 66.505
[0.096, -0.592, 0.673, -1.075, -1.075, 0.003] 62.048
[0.096, -0.592, 0.673, -1.126, -1.126, 0.003] 66.766
[0.096, -0.592, 0.673, -1.177, -1.177, 0.003] 55.715
[0.096, -0.592, 0.673, -1.229, -1.228, 0.003] 60.382
[0.096, -0.592, 0.673, -1.28, -1.279, 0.003] 68.599
[0.096, -0.592, 0.673, -1.331, -1.331, 0.003] 65.597
[0.096, -0.592, 0.673, -1.382, -1.382, 0.003] 66.008
[0.096, -0.592, 0.673, -1.433, -1.433, 0.003] 67.168
[0.096, -0.592, 0.673, -1.485, -1.468, 0.003] 67.256
[0.096, -0.592, 0.673, -1.536, -1.485, 0.003] 54.211
[0.096, -0.592, 0.673, -1.587, -1.492, 0.003] 51.075
[0.096, -0.592, 0.673, -1.638, -1.496, 0.003] 77.812
[0.096, -0.592, 0.673, -1.688, -1.498, 0.003] 65.81
[0.096, -0.592, 0.673, -1.715, -1.498, 0.003] 65.743
[0.096, -0.592, 0.673, -1.727, -1.499, 0.003] 54.097
[0.096, -0.592, 0.673, -1.733, -1.499, 0.003] 66.515
[0.045, -0.592, 0.622, -1.682, -1.448, 0.003] 63.552
[-0.006, -0.592, 0.571, -1.631, -1.397, 0.003] 66.689
[-0.058, -0.592, 0.519, -1.579, -1.345, 0.003] 66.793
[-0.109, -0.592, 0.468, -1.528, -1.294, 0.003] 54.604
[-0.16, -0.592, 0.417, -1.477, -1.243, 0.003] 61.418
[-0.211, -0.592, 0.366, -1.426, -1.192, 0.003] 66.582
[-0.262, -0.592, 0.315, -1.375, -1.141, 0.003] 65.787
[-0.314, -0.592, 0.263, -1.324, -1.089, 0.003] 66.778
[-0.365, -0.592, 0.212, -1.272, -1.038, 0.003] 50.683
[-0.416, -0.592, 0.161, -1.221, -0.987, 0.003] 66.78
[-0.467, -0.592, 0.11, -1.17, -0.936, 0.003] 66.49
[-0.518, -0.592, 0.059, -1.119, -0.885, 0.003] 66.422
[-0.57, -0.592, 0.008, -1.068, -0.833, 0.003] 49.162
[-0.621, -0.592, -0.038, -1.016, -0.789, 0.003] 57.915
[-0.672, -0.592, -0.06, -0.965, -0.768, 0.003] 76.514
[-0.723, -0.592, -0.07, -0.914, -0.758, 0.003] 49.54
[-0.774, -0.592, -0.075, -0.863, -0.754, 0.003] 66.639
[-0.826, -0.592, -0.077, -0.812, -0.752, 0.003] 66.625
[-0.877, -0.592, -0.078, -0.76, -0.751, 0.003] 66.611
[-0.928, -0.592, -0.079, -0.709, -0.75, 0.003] 67.354
[-0.979, -0.592, -0.079, -0.658, -0.75, 0.003] 49.453
[-1.03, -0.592, -0.079, -0.607, -0.75, 0.003] 57.576
[-1.082, -0.592, -0.079, -0.556, -0.75, 0.003] 75.156
[-1.133, -0.592, -0.079, -0.505, -0.75, 0.003] 65.5
[-1.184, -0.592, -0.079, -0.453, -0.75, 0.003] 70.296
[-1.221, -0.592, -0.079, -0.402, -0.75, 0.003] 47.787
[-1.238, -0.592, -0.079, -0.351, -0.75, 0.003] 66.643
[-1.246, -0.592, -0.079, -0.3, -0.75, 0.003] 64.58
[-1.25, -0.592, -0.079, -0.249, -0.75, 0.003] 52.219
[-1.252, -0.592, -0.079, -0.197, -0.75, 0.003] 67.373
[-1.252, -0.592, -0.079, -0.146, -0.75, 0.003] 66.838
[-1.253, -0.592, -0.079, -0.099, -0.75, 0.003] 65.253
[-1.253, -0.592, -0.079, -0.075, -0.75, 0.003] 66.432
[-1.253, -0.592, -0.079, -0.064, -0.75, 0.003] 67.926
[-1.202, -0.541, -0.028, -0.012, -0.801, 0.003] 47.771
[-1.151, -0.49, 0.022, 0.039, -0.852, 0.003] 67.574
[-1.099, -0.438, 0.05, 0.09, -0.904, 0.003] 66.388
[-1.048, -0.387, 0.063, 0.141, -0.955, 0.003] 66.985
[-0.997, -0.336, 0.069, 0.192, -1.006, 0.003] 55.178
[-0.946, -0.285, 0.072, 0.243, -1.057, 0.003] 62.344
[-0.895, -0.234, 0.073, 0.295, -1.108, 0.003] 64.728
[-0.843, -0.182, 0.073, 0.346, -1.16, 0.003] 67.421
[-0.792, -0.131, 0.074, 0.397, -1.211, 0.003] 66.208
[-0.741, -0.08, 0.074, 0.448, -1.262, 0.003] 66.302
[-0.69, -0.029, 0.074, 0.499, -1.313, 0.003] 50.578
[-0.639, 0.022, 0.074, 0.551, -1.364, 0.003] 66.784
[-0.587, 0.074, 0.074, 0.602, -1.406, 0.003] 66.733
[-0.536, 0.125, 0.074, 0.653, -1.425, 0.003] 64.911
[-0.485, 0.176, 0.074, 0.704, -1.433, 0.003] 51.088
[-0.434, 0.227, 0.074, 0.755, -1.438, 0.003] 65.191
[-0.383, 0.278, 0.074, 0.807, -1.439, 0.003] 77.93
[-0.331, 0.33, 0.074, 0.858, -1.44, 0.003] 74.172
[-0.28, 0.381, 0.074, 0.909, -1.441, 0.003] 66.313
[-0.229, 0.432, 0.074, 0.96, -1.441, 0.003] 65.733
[-0.178, 0.483, 0.074, 1.011, -1.441, 0.003] 50.556
[-0.127, 0.534, 0.074, 1.063, -1.441, 0.003] 83.673
[-0.075, 0.575, 0.074, 1.114, -1.441, 0.003] 63.958
[-0.024, 0.594, 0.074, 1.165, -1.441, 0.003] 40.331
[0.027, 0.603, 0.074, 1.216, -1.441, 0.003] 62.206
[0.078, 0.607, 0.074, 1.267, -1.441, 0.003] 67.331
[0.129, 0.608, 0.074, 1.319, -1.441, 0.003] 83.044
[0.181, 0.609, 0.074, 1.37, -1.441, 0.003] 66.803
[0.232, 0.61, 0.074, 1.421, -1.441, 0.003] 65.332
[0.283, 0.61, 0.074, 1.472, -1.441, 0.003] 51.269
[0.334, 0.61, 0.074, 1.523, -1.441, 0.003] 65.748
[0.385, 0.61, 0.074, 1.575, -1.441, 0.003] 66.297
[0.437, 0.61, 0.074, 1.626, -1.441, 0.003] 66.707
[0.488, 0.61, 0.074, 1.677, -1.441, 0.003] 66.983
[0.539, 0.61, 0.074, 1.724, -1.441, 0.003] 49.616
[0.59, 0.61, 0.074, 1.749, -1.441, 0.003] 66.334
[0.641, 0.61, 0.074, 1.76, -1.441, 0.003] 65.775
[0.693, 0.61, 0.074, 1.765, -1.441, 0.003] 50.006
[0.744, 0.61, 0.074, 1.768, -1.441, 0.003] 66.639
[0.795, 0.61, 0.074, 1.769, -1.441, 0.003] 68.057
[0.846, 0.61, 0.074, 1.77, -1.441, 0.003] 66.871
[0.897, 0.61, 0.074, 1.77, -1.441, 0.003] 65.909
[0.949, 0.61, 0.074, 1.77, -1.441, 0.003] 65.75
[1.0, 0.61, 0.074, 1.77, -1.441, 0.003] 48.537
[1.051, 0.61, 0.074, 1.77, -1.441, 0.003] 59.974
[1.102, 0.61, 0.074, 1.77, -1.441, 0.003] 75.454
[1.153, 0.61, 0.074, 1.77, -1.441, 0.003] 66.063
[1.205, 0.61, 0.074, 1.77, -1.441, 0.003] 67.465
[1.256, 0.61, 0.074, 1.77, -1.441, 0.003] 50.344
[1.307, 0.61, 0.074, 1.77, -1.441, 0.003] 65.767
[1.358, 0.61, 0.074, 1.77, -1.441, 0.003] 67.081
[1.409, 0.61, 0.074, 1.77, -1.441, 0.003] 67.534
[1.461, 0.61, 0.074, 1.77, -1.441, 0.003] 64.818
[1.512, 0.61, 0.074, 1.77, -1.441, 0.003] 51.321
[1.563, 0.61, 0.074, 1.77, -1.441, 0.003] 66.558
[1.614, 0.61, 0.074, 1.77, -1.441, 0.003] 57.828
[1.665, 0.61, 0.074, 1.77, -1.441, 0.003] 74.634
[1.717, 0.61, 0.074, 1.77, -1.441, 0.003] 66.879
[1.768, 0.61, 0.074, 1.77, -1.441, 0.003] 51.282
[1.819, 0.61, 0.074, 1.77, -1.441, 0.003] 66.596
[1.87, 0.61, 0.074, 1.77, -1.441, 0.003] 64.565
[1.921, 0.61, 0.074, 1.77, -1.441, 0.003] 66.867
[1.972, 0.61, 0.074, 1.77, -1.441, 0.003] 67.376
[2.024, 0.61, 0.074, 1.77, -1.441, 0.003] 47.446
[2.075, 0.61, 0.074, 1.77, -1.441, 0.003] 69.662
[2.126, 0.61, 0.074, 1.77, -1.441, 0.003] 65.728
[2.177, 0.61, 0.074, 1.77, -1.441, 0.003] 66.237
[2.228, 0.61, 0.074, 1.77, -1.441, 0.003] 53.855
[2.28, 0.61, 0.074, 1.77, -1.441, 0.003] 62.591
[2.331, 0.61, 0.074, 1.77, -1.441, 0.003] 66.574
[2.382, 0.61, 0.074, 1.77, -1.441, 0.003] 66.667
[2.433, 0.61, 0.074, 1.77, -1.441, 0.003] 64.628
[2.466, 0.61, 0.074, 1.77, -1.441, 0.003] 55.106
[2.482, 0.61, 0.074, 1.77, -1.441, 0.003] 66.275
[2.489, 0.61, 0.074, 1.77, -1.441, 0.003] 64.624
[2.438, 0.559, 0.023, 1.719, -1.39, 0.003] 66.032
[2.387, 0.527, -0.028, 1.668, -1.339, 0.003] 65.532
[2.335, 0.513, -0.08, 1.616, -1.287, 0.003] 54.889
[2.284, 0.506, -0.131, 1.565, -1.236, 0.003] 61.56
[2.233, 0.503, -0.182, 1.514, -1.185, 0.003] 67.545
[2.182, 0.501, -0.233, 1.463, -1.134, 0.003] 65.992
[2.131, 0.501, -0.284, 1.412, -1.083, 0.003] 67.463
[2.079, 0.5, -0.336, 1.361, -1.032, 0.003] 53.123
[2.028, 0.5, -0.387, 1.309, -0.98, 0.003] 63.374
[1.977, 0.5, -0.438, 1.258, -0.929, 0.003] 66.379
[1.926, 0.5, -0.489, 1.207, -0.878, 0.003] 68.019
[1.875, 0.5, -0.54, 1.156, -0.827, 0.003] 68.446
[1.823, 0.5, -0.592, 1.105, -0.776, 0.003] 46.674
[1.772, 0.5, -0.643, 1.053, -0.725, 0.003] 65.123
[1.721, 0.5, -0.694, 1.002, -0.673, 0.003] 68.254
[1.67, 0.5, -0.745, 0.951, -0.622, 0.003] 66.948
[1.619, 0.5, -0.796, 0.9, -0.571, 0.003] 66.35
[1.567, 0.5, -0.848, 0.849, -0.52, 0.003] 49.602
[1.516, 0.5, -0.899, 0.797, -0.469, 0.003] 66.595
[1.465, 0.5, -0.95, 0.746, -0.417, 0.003] 67.216
[1.414, 0.5, -1.001, 0.695, -0.366, 0.003] 66.687
[1.363, 0.5, -1.052, 0.644, -0.315, 0.003] 67.132
[1.311, 0.5, -1.104, 0.593, -0.264, 0.003] 48.981
[1.26, 0.5, -1.155, 0.542, -0.213, 0.003] 66.39
[1.209, 0.5, -1.203, 0.49, -0.162, 0.003] 67.201
[1.158, 0.5, -1.228, 0.439, -0.11, 0.003] 66.248
[1.107, 0.5, -1.24, 0.388, -0.059, 0.003] 50.177
[1.055, 0.5, -1.245, 0.337, -0.029, 0.003] 66.832
[1.004, 0.5, -1.248, 0.286, -0.015, 0.003] 66.825
[0.953, 0.5, -1.249, 0.235, -0.009, 0.003] 65.848
[0.902, 0.5, -1.25, 0.183, -0.006, 0.003] 66.478
[0.851, 0.5, -1.25, 0.132, -0.004, 0.003] 66.439
[0.799, 0.5, -1.25, 0.081, -0.003, 0.003] 51.449
[0.748, 0.5, -1.25, 0.038, -0.003, 0.003] 65.569
[0.697, 0.5, -1.25, 0.017, -0.003, 0.003] 51.368
[0.646, 0.5, -1.25, 0.008, -0.003, 0.003] 65.368
[0.595, 0.5, -1.25, 0.004, -0.003, 0.003] 67.907
[0.543, 0.5, -1.25, 0.002, -0.003, 0.003] 64.933
[0.492, 0.5, -1.25, 0.001, -0.003, 0.003] 67.378
[0.441, 0.5, -1.25, 0.0, -0.003, 0.003] 74.922
[0.39, 0.5, -1.25, 0.0, -0.003, 0.003] 44.05
[0.339, 0.5, -1.25, 0.0, -0.003, 0.003] 63.354
[0.287, 0.5, -1.25, 0.0, -0.003, 0.003] 66.824
[0.236, 0.5, -1.25, 0.0, -0.003, 0.003] 66.189
[0.185, 0.5, -1.25, 0.0, -0.003, 0.003] 52.551
[0.134, 0.5, -1.25, 0.0, -0.003, 0.003] 62.685
[0.083, 0.5, -1.25, 0.0, -0.003, 0.003] 68.344
[0.039, 0.5, -1.25, -0.0, -0.003, 0.003] 66.223
[0.018, 0.5, -1.25, -0.0, -0.003, 0.003] 67.682
[0.008, 0.5, -1.25, -0.0, -0.003, 0.003] 49.703
[0.004, 0.449, -1.199, -0.0, -0.001, 0.001] 66.001
[0.002, 0.398, -1.148, -0.0, -0.001, 0.001] 67.228
[0.001, 0.346, -1.096, -0.0, -0.0, 0.0] 66.018
[0.0, 0.295, -1.045, 0.0, -0.0, 0.0] 53.707
[0.0, 0.244, -0.994, 0.0, -0.0, 0.0] 66.642
[0.0, 0.193, -0.943, 0.0, -0.0, 0.0] 61.865
[0.0, 0.142, -0.892, 0.0, -0.0, 0.0] 68.774
[0.0, 0.09, -0.841, 0.0, -0.0, 0.0] 65.415
[0.0, 0.044, -0.789, 0.0, -0.0, 0.0] 66.585
[0.0, 0.02, -0.738, 0.0, -0.0, -0.0] 66.567
[0.0, 0.009, -0.687, 0.0, -0.0, -0.0] 56.107
[0.0, 0.004, -0.636, 0.0, -0.0, 0.0] 60.382
[0.0, 0.002, -0.585, 0.0, -0.0, -0.0] 66.771
[0.0, 0.001, -0.533, 0.0, -0.0, -0.0] 66.737
[0.0, 0.0, -0.482, 0.0, -0.0, 0.0] 66.353
[0.0, 0.0, -0.431, 0.0, -0.0, 0.0] 52.019
[0.0, 0.0, -0.38, 0.0, -0.0, -0.0] 64.643
[0.0, 0.0, -0.329, 0.0, -0.0, -0.0] 66.787
[0.0, 0.0, -0.277, 0.0, -0.0, 0.0] 66.624
[0.0, 0.0, -0.226, 0.0, -0.0, -0.0] 66.128
[0.0, 0.0, -0.175, 0.0, -0.0, 0.0] 53.655
[0.0, 0.0, -0.124, 0.0, -0.0, 0.0] 64.297
[0.0, 0.0, -0.073, 0.0, -0.0, -0.0] 65.797
[0.0, -0.0, -0.034, 0.0, -0.0, -0.0] 65.65
[0.0, -0.0, -0.016, 0.0, -0.0, -0.0] 51.441
[0.0, -0.0, -0.007, 0.0, -0.0, -0.0] 66.141
