[0.0, -0.0, -0.003, 0.0, -0.0, -0.0] 66.132
[0.048, -0.051, 0.048, -0.051, -0.051, 0.002] 68.84
[0.074, -0.102, 0.099, -0.102, -0.102, 0.002] 47.812
[0.086, -0.154, 0.15, -0.154, -0.153, 0.003] 66.538
[0.091, -0.205, 0.201, -0.205, -0.205, 0.003] 67.631
[0.094, -0.256, 0.253, -0.256, -0.256, 0.003] 65.592
[0.095, -0.307, 0.304, -0.307, -0.307, 0.003] 49.692
[0.096, -0.358, 0.355, -0.358, -0.358, 0.003] 68.23
[0.096, -0.41, 0.406, -0.41, -0.409, 0.003] 65.804
[0.096, -0.461, 0.457, -0.461, -0.46, 0.003] 65.606
[0.096, -0.512, 0.508, -0.512, -0.511, 0.003] 66.557
[0.096, -0.555, 0.56, -0.563, -0.563, 0.003] 48.348
[0.096, -0.575, 0.611, -0.614, -0.614, 0.003] 70.512
[0.096, -0.584, 0.644, -0.665, -0.665, 0.003] 81.996
[0.096, -0.588, 0.66, -0.717, -0.716, 0.003] 66.593
[0.096, -0.59, 0.667, -0.768, -0.767, 0.003] 49.111
[0.096, -0.591, 0.67, -0.819, -0.819, 0.003] 67.391
[0.096, -0.592, 0.672, -0.87, -0.87, 0.003] 66.858
[0.096, -0.592, 0.672, -0.921, -0.921, 0.003] 67.741
[0.096, -0.592, 0.673, -0.973, -0.972, 0.003] 59.061
[0.096, -0.592, 0.673, -1.024, -1.023, 0.003] 55.668
[0.096, -0.592, 0.673, -1.075, -1.075, 0.003] 66.895
[0.096, -0.592, 0.673, -1.126, -1.126, 0.003] 64.75
[0.096, -0.592, 0.673, -1.177, -1.177, 0.003] 69.026
[0.096, -0.592, 0.673, -1.229, -1.228, 0.003] 66.358
[0.096, -0.592, 0.673, -1.28, -1.279, 0.003] 65.343
[0.096, -0.592, 0.673, -1.331, -1.331, 0.003] 68.39
[0.096, -0.592, 0.673, -1.382, -1.382, 0.003] 49.447
[0.096, -0.592, 0.673, -1.433, -1.433, 0.003] 66.366
[0.096, -0.592, 0.673, -1.485, -1.468, 0.003] 65.228
[0.096, -0.592, 0.673, -1.536, -1.485, 0.003] 68.619
[0.096, -0.592, 0.673, -1.587, -1.492, 0.003] 54.964
[0.096, -0.592, 0.673, -1.638, -1.496, 0.003] 77.805
[0.096, -0.592, 0.673, -1.688, -1.498, 0.003] 66.765
[0.096, -0.592, 0.673, -1.715, -1.498, 0.003] 48.749
[0.096, -0.592, 0.673, -1.727, -1.499, 0.003] 66.811
[0.096, -0.592, 0.673, -1.733, -1.499, 0.003] 66.931
[0.045, -0.592, 0.622, -1.682, -1.448, 0.003] 66.958
[-0.006, -0.592, 0.571, -1.631, -1.397, 0.003] 66.857
[-0.058, -0.592, 0.519, -1.579, -1.345, 0.003] 49.429
[-0.109, -0.592, 0.468, -1.528, -1.294, 0.003] 59.756
[-0.16, -0.592, 0.417, -1.477, -1.243, 0.003] 73.579
[-0.211, -0.592, 0.366, -1.426, -1.192, 0.003] 66.339
[-0.262, -0.592, 0.315, -1.375, -1.141, 0.003] 66.513
[-0.314, -0.592, 0.263, -1.324, -1.089, 0.003] 68.107
[-0.365, -0.592, 0.212, -1.272, -1.038, 0.003] 48.786
[-0.416, -0.592, 0.161, -1.221, -0.987, 0.003] 66.859
[-0.467, -0.592, 0.11, -1.17, -0.936, 0.003] 66.532
[-0.518, -0.592, 0.059, -1.119, -0.885, 0.003] 50.75
[-0.57, -0.592, 0.008, -1.068, -0.833, 0.003] 65.011
[-0.621, -0.592, -0.038, -1.016, -0.789, 0.003] 67.52
[-0.672, -0.592, -0.06, -0.965, -0.768, 0.003] 66.32
[-0.723, -0.592, -0.07, -0.914, -0.758, 0.003] 70.508
[-0.774, -0.592, -0.075, -0.863, -0.754, 0.003] 63.072
[-0.826, -0.592, -0.077, -0.812, -0.752, 0.003] 66.696
[-0.877, -0.592, -0.078, -0.76, -0.751, 0.003] 54.227
[-0.928, -0.592, -0.079, -0.709, -0.75, 0.003] 66.444
[-0.979, -0.592, -0.079, -0.658, -0.75, 0.003] 62.659
[-1.03, -0.592, -0.079, -0.607, -0.75, 0.003] 66.729
[-1.082, -0.592, -0.079, -0.556, -0.75, 0.003] 53.195
[-1.133, -0.592, -0.079, -0.505, -0.75, 0.003] 79.938
[-1.184, -0.592, -0.079, -0.453, -0.75, 0.003] 66.631
[-1.221, -0.592, -0.079, -0.402, -0.75, 0.003] 50.106
[-1.238, -0.592, -0.079, -0.351, -0.75, 0.003] 65.867
[-1.246, -0.592, -0.079, -0.3, -0.75, 0.003] 50.07
[-1.25, -0.592, -0.079, -0.249, -0.75, 0.003] 67.712
[-1.252, -0.592, -0.079, -0.197, -0.75, 0.003] 65.602
[-1.252, -0.592, -0.079, -0.146, -0.75, 0.003] 66.228
[-1.253, -0.592, -0.079, -0.099, -0.75, 0.003] 67.029
[-1.253, -0.592, -0.079, -0.075, -0.75, 0.003] 64.646
[-1.253, -0.592, -0.079, -0.064, -0.75, 0.003] 69.614
[-1.202, -0.541, -0.028, -0.012, -0.801, 0.003] 48.432
[-1.151, -0.49, 0.022, 0.039, -0.852, 0.003] 64.458
[-1.099, -0.438, 0.05, 0.09, -0.904, 0.003] 53.724
[-1.048, -0.387, 0.063, 0.141, -0.955, 0.003] 65.188
[-0.997, -0.336, 0.069, 0.192, -1.006, 0.003] 66.941
[-0.946, -0.285, 0.072, 0.243, -1.057, 0.003] 65.879
[-0.895, -0.234, 0.073, 0.295, -1.108, 0.003] 49.774
[-0.843, -0.182, 0.073, 0.346, -1.16, 0.003] 66.9
[-0.792, -0.131, 0.074, 0.397, -1.211, 0.003] 66.859
[-0.741, -0.08, 0.074, 0.448, -1.262, 0.003] 66.714
[-0.69, -0.029, 0.074, 0.499, -1.313, 0.003] 66.265
[-0.639, 0.022, 0.074, 0.551, -1.364, 0.003] 65.954
[-0.587, 0.074, 0.074, 0.602, -1.406, 0.003] 50.345
[-0.536, 0.125, 0.074, 0.653, -1.425, 0.003] 66.841
[-0.485, 0.176, 0.074, 0.704, -1.433, 0.003] 66.097
[-0.434, 0.227, 0.074, 0.755, -1.438, 0.003] 67.28
[-0.383, 0.278, 0.074, 0.807, -1.439, 0.003] 50.186
[-0.331, 0.33, 0.074, 0.858, -1.44, 0.003] 66.693
[-0.28, 0.381, 0.074, 0.909, -1.441, 0.003] 67.503
[-0.229, 0.432, 0.074, 0.96, -1.441, 0.003] 69.496
[-0.178, 0.483, 0.074, 1.011, -1.441, 0.003] 45.614
[-0.127, 0.534, 0.074, 1.063, -1.441, 0.003] 65.204
[-0.075, 0.575, 0.074, 1.114, -1.441, 0.003] 51.679
[-0.024, 0.594, 0.074, 1.165, -1.441, 0.003] 67.013
[0.027, 0.603, 0.074, 1.216, -1.441, 0.003] 66.083
[0.078, 0.607, 0.074, 1.267, -1.441, 0.003] 65.464
[0.129, 0.608, 0.074, 1.319, -1.441, 0.003] 67.823
[0.181, 0.609, 0.074, 1.37, -1.441, 0.003] 66.233
[0.232, 0.61, 0.074, 1.421, -1.441, 0.003] 67.29
[0.283, 0.61, 0.074, 1.472, -1.441, 0.003] 66.058
[0.334, 0.61, 0.074, 1.523, -1.441, 0.003] 50.659
[0.385, 0.61, 0.074, 1.575, -1.441, 0.003] 67.348
[0.437, 0.61, 0.074, 1.626, -1.441, 0.003] 65.314
[0.488, 0.61, 0.074, 1.677, -1.441, 0.003] 70.208
[0.539, 0.61, 0.074, 1.724, -1.441, 0.003] 46.292
[0.59, 0.61, 0.074, 1.749, -1.441, 0.003] 67.168
[0.641, 0.61, 0.074, 1.76, -1.441, 0.003] 66.685
[0.693, 0.61, 0.074, 1.765, -1.441, 0.003] 66.09
[0.744, 0.61, 0.074, 1.768, -1.441, 0.003] 68.02
[0.795, 0.61, 0.074, 1.769, -1.441, 0.003] 48.568
[0.846, 0.61, 0.074, 1.77, -1.441, 0.003] 66.671
[0.897, 0.61, 0.074, 1.77, -1.441, 0.003] 66.562
[0.949, 0.61, 0.074, 1.77, -1.441, 0.003] 66.976
[1.0, 0.61, 0.074, 1.77, -1.441, 0.003] 64.331
[1.051, 0.61, 0.074, 1.77, -1.441, 0.003] 51.009
[1.102, 0.61, 0.074, 1.77, -1.441, 0.003] 65.868
[1.153, 0.61, 0.074, 1.77, -1.441, 0.003] 49.39
[1.205, 0.61, 0.074, 1.77, -1.441, 0.003] 69.624
[1.256, 0.61, 0.074, 1.77, -1.441, 0.003] 65.645
[1.307, 0.61, 0.074, 1.77, -1.441, 0.003] 67.313
[1.358, 0.61, 0.074, 1.77, -1.441, 0.003] 65.228
[1.409, 0.61, 0.074, 1.77, -1.441, 0.003] 67.65
[1.461, 0.61, 0.074, 1.77, -1.441, 0.003] 49.528
[1.512, 0.61, 0.074, 1.77, -1.441, 0.003] 66.459
[1.563, 0.61, 0.074, 1.77, -1.441, 0.003] 66.205
[1.614, 0.61, 0.074, 1.77, -1.441, 0.003] 66.952
[1.665, 0.61, 0.074, 1.77, -1.441, 0.003] 55.076
[1.717, 0.61, 0.074, 1.77, -1.441, 0.003] 59.993
[1.768, 0.61, 0.074, 1.77, -1.441, 0.003] 69.922
[1.819, 0.61, 0.074, 1.77, -1.441, 0.003] 64.192
[1.87, 0.61, 0.074, 1.77, -1.441, 0.003] 66.845
[1.921, 0.61, 0.074, 1.77, -1.441, 0.003] 67.454
[1.972, 0.61, 0.074, 1.77, -1.441, 0.003] 52.931
[2.024, 0.61, 0.074, 1.77, -1.441, 0.003] 63.622
[2.075, 0.61, 0.074, 1.77, -1.441, 0.003] 66.601
[2.126, 0.61, 0.074, 1.77, -1.441, 0.003] 66.357
[2.177, 0.61, 0.074, 1.77, -1.441, 0.003] 50.378
[2.228, 0.61, 0.074, 1.77, -1.441, 0.003] 64.829
[2.28, 0.61, 0.074, 1.77, -1.441, 0.003] 67.289
[2.331, 0.61, 0.074, 1.77, -1.441, 0.003] 67.716
[2.382, 0.61, 0.074, 1.77, -1.441, 0.003] 65.713
[2.433, 0.61, 0.074, 1.77, -1.441, 0.003] 68.668
[2.466, 0.61, 0.074, 1.77, -1.441, 0.003] 47.45
[2.482, 0.61, 0.074, 1.77, -1.441, 0.003] 69.788
[2.489, 0.61, 0.074, 1.77, -1.441, 0.003] 64.26
[2.438, 0.559, 0.023, 1.719, -1.39, 0.003] 81.947
[2.387, 0.527, -0.028, 1.668, -1.339, 0.003] 67.858
[2.335, 0.513, -0.08, 1.616, -1.287, 0.003] 65.989
[2.284, 0.506, -0.131, 1.565, -1.236, 0.003] 50.712
[2.233, 0.503, -0.182, 1.514, -1.185, 0.003] 69.258
[2.182, 0.501, -0.233, 1.463, -1.134, 0.003] 64.994
[2.131, 0.501, -0.284, 1.412, -1.083, 0.003] 55.076
[2.079, 0.5, -0.336, 1.361, -1.032, 0.003] 60.17
[2.028, 0.5, -0.387, 1.309, -0.98, 0.003] 66.932
[1.977, 0.5, -0.438, 1.258, -0.929, 0.003] 66.495
[1.926, 0.5, -0.489, 1.207, -0.878, 0.003] 66.375
[1.875, 0.5, -0.54, 1.156, -0.827, 0.003] 66.185
[1.823, 0.5, -0.592, 1.105, -0.776, 0.003] 67.007
[1.772, 0.5, -0.643, 1.053, -0.725, 0.003] 54.087
[1.721, 0.5, -0.694, 1.002, -0.673, 0.003] 66.462
[1.67, 0.5, -0.745, 0.951, -0.622, 0.003] 63.147
[1.619, 0.5, -0.796, 0.9, -0.571, 0.003] 66.088
[1.567, 0.5, -0.848, 0.849, -0.52, 0.003] 67.217
[1.516, 0.5, -0.899, 0.797, -0.469, 0.003] 64.198
[1.465, 0.5, -0.95, 0.746, -0.417, 0.003] 49.877
[1.414, 0.5, -1.001, 0.695, -0.366, 0.003] 68.567
[1.363, 0.5, -1.052, 0.644, -0.315, 0.003] 66.981
[1.311, 0.5, -1.104, 0.593, -0.264, 0.003] 66.596
[1.26, 0.5, -1.155, 0.542, -0.213, 0.003] 67.3
[1.209, 0.5, -1.203, 0.49, -0.162, 0.003] 52.006
[1.158, 0.5, -1.228, 0.439, -0.11, 0.003] 54.353
[1.107, 0.5, -1.24, 0.388, -0.059, 0.003] 60.123
[1.055, 0.5, -1.245, 0.337, -0.029, 0.003] 66.238
[1.004, 0.5, -1.248, 0.286, -0.015, 0.003] 66.649
[0.953, 0.5, -1.249, 0.235, -0.009, 0.003] 67.241
[0.902, 0.5, -1.25, 0.183, -0.006, 0.003] 65.74
[0.851, 0.5, -1.25, 0.132, -0.004, 0.003] 67.764
[0.799, 0.5, -1.25, 0.081, -0.003, 0.003] 56.241
[0.748, 0.5, -1.25, 0.038, -0.003, 0.003] 76.283
[0.697, 0.5, -1.25, 0.017, -0.003, 0.003] 53.626
[0.646, 0.5, -1.25, 0.008, -0.003, 0.003] 61.546
[0.595, 0.5, -1.25, 0.004, -0.003, 0.003] 68.537
[0.543, 0.5, -1.25, 0.002, -0.003, 0.003] 65.437
[0.492, 0.5, -1.25, 0.001, -0.003, 0.003] 67.422
[0.441, 0.5, -1.25, 0.0, -0.003, 0.003] 51.172
[0.39, 0.5, -1.25, 0.0, -0.003, 0.003] 56.258
[0.339, 0.5, -1.25, 0.0, -0.003, 0.003] 69.521
[0.287, 0.5, -1.25, 0.0, -0.003, 0.003] 56.583
[0.236, 0.5, -1.25, 0.0, -0.003, 0.003] 65.344
[0.185, 0.5, -1.25, 0.0, -0.003, 0.003] 58.39
[0.134, 0.5, -1.25, 0.0, -0.003, 0.003] 74.403
[0.083, 0.5, -1.25, 0.0, -0.003, 0.003] 55.529
[0.039, 0.5, -1.25, -0.0, -0.003, 0.003] 63.145
[0.018, 0.5, -1.25, -0.0, -0.003, 0.003] 64.891
[0.008, 0.5, -1.25, -0.0, -0.003, 0.003] 67.21
[0.004, 0.449, -1.199, -0.0, -0.001, 0.001] 55.011
[0.002, 0.398, -1.148, -0.0, -0.001, 0.001] 94.485
[0.001, 0.346, -1.096, -0.0, -0.0, 0.0] 66.433
[0.0, 0.295, -1.045, 0.0, -0.0, 0.0] 58.826
[0.0, 0.244, -0.994, 0.0, -0.0, 0.0] 60.113
[0.0, 0.193, -0.943, 0.0, -0.0, 0.0] 63.745
[0.0, 0.142, -0.892, 0.0, -0.0, 0.0] 84.069
[0.0, 0.09, -0.841, 0.0, -0.0, 0.0] 66.173
[0.0, 0.044, -0.789, 0.0, -0.0, 0.0] 49.06
[0.0, 0.02, -0.738, 0.0, -0.0, -0.0] 67.48
[0.0, 0.009, -0.687, 0.0, -0.0, -0.0] 67.283
[0.0, 0.004, -0.636, 0.0, -0.0, 0.0] 65.249
[0.0, 0.002, -0.585, 0.0, -0.0, -0.0] 67.571
[0.0, 0.001, -0.533, 0.0, -0.0, -0.0] 66.42
[0.0, 0.0, -0.482, 0.0, -0.0, 0.0] 66.34
[0.0, 0.0, -0.431, 0.0, -0.0, 0.0] 67.137
[0.0, 0.0, -0.38, 0.0, -0.0, -0.0] 49.542
[0.0, 0.0, -0.329, 0.0, -0.0, -0.0] 66.66
[0.0, 0.0, -0.277, 0.0, -0.0, 0.0] 66.328
[0.0, 0.0, -0.226, 0.0, -0.0, -0.0] 66.631
[0.0, 0.0, -0.175, 0.0, -0.0, 0.0] 68.486
[0.0, 0.0, -0.124, 0.0, -0.0, 0.0] 48.402
[0.0, 0.0, -0.073, 0.0, -0.0, -0.0] 66.108
[0.0, -0.0, -0.034, 0.0, -0.0, -0.0] 67.117
[0.0, -0.0, -0.016, 0.0, -0.0, -0.0] 66.524
[0.0, -0.0, -0.007, 0.0, -0.0, -0.0] 67.939
