[0.0, -0.0, -0.003, 0.0, -0.0, -0.0] 66.617
[0.048, -0.051, 0.048, -0.051, -0.051, 0.002] 66.035
[0.074, -0.102, 0.099, -0.102, -0.102, 0.002] 50.101
[0.086, -0.154, 0.15, -0.154, -0.153, 0.003] 66.603
[0.091, -0.205, 0.201, -0.205, -0.205, 0.003] 67.475
[0.094, -0.256, 0.253, -0.256, -0.256, 0.003] 65.06
[0.095, -0.307, 0.304, -0.307, -0.307, 0.003] 64.854
[0.096, -0.358, 0.355, -0.358, -0.358, 0.003] 51.766
[0.096, -0.41, 0.406, -0.41, -0.409, 0.003] 67.21
[0.096, -0.461, 0.457, -0.461, -0.46, 0.003] 67.02
[0.096, -0.512, 0.508, -0.512, -0.511, 0.003] 64.026
[0.096, -0.555, 0.56, -0.563, -0.563, 0.003] 50.785
[0.096, -0.575, 0.611, -0.614, -0.614, 0.003] 69.007
[0.096, -0.584, 0.644, -0.665, -0.665, 0.003] 65.479
[0.096, -0.588, 0.66, -0.717, -0.716, 0.003] 50.791
[0.096, -0.59, 0.667, -0.768, -0.767, 0.003] 63.743
[0.096, -0.591, 0.67, -0.819, -0.819, 0.003] 68.559
[0.096, -0.592, 0.672, -0.87, -0.87, 0.003] 67.109
[0.096, -0.592, 0.672, -0.921, -0.921, 0.003] 66.032
[0.096, -0.592, 0.673, -0.973, -0.972, 0.003] 50.614
[0.096, -0.592, 0.673, -1.024, -1.023, 0.003] 67.815
[0.096, -0.592, 0.673, -1.075, -1.075, 0.003] 63.732
[0.096, -0.592, 0.673, -1.126, -1.126, 0.003] 68.763
[0.096, -0.592, 0.673, -1.177, -1.177, 0.003] 52.649
[0.096, -0.592, 0.673, -1.229, -1.228, 0.003] 62.602
[0.096, -0.592, 0.673, -1.28, -1.279, 0.003] 67.314
[0.096, -0.592, 0.673, -1.331, -1.331, 0.003] 66.647
[0.096, -0.592, 0.673, -1.382, -1.382, 0.003] 67.882
[0.096, -0.592, 0.673, -1.433, -1.433, 0.003] 46.515
[0.096, -0.592, 0.673, -1.485, -1.468, 0.003] 68.489
[0.096, -0.592, 0.673, -1.536, -1.485, 0.003] 66.907
[0.096, -0.592, 0.673, -1.587, -1.492, 0.003] 65.843
[0.096, -0.592, 0.673, -1.638, -1.496, 0.003] 67.235
[0.096, -0.592, 0.673, -1.688, -1.498, 0.003] 47.844
[0.096, -0.592, 0.673, -1.715, -1.498, 0.003] 68.258
[0.096, -0.592, 0.673, -1.727, -1.499, 0.003] 67.033
[0.096, -0.592, 0.673, -1.733, -1.499, 0.003] 65.468
[0.045, -0.592, 0.622, -1.682, -1.448, 0.003] 51.214
[-0.006, -0.592, 0.571, -1.631, -1.397, 0.003] 65.611
[-0.058, -0.592, 0.519, -1.579, -1.345, 0.003] 50.863
[-0.109, -0.592, 0.468, -1.528, -1.294, 0.003] 66.957
[-0.16, -0.592, 0.417, -1.477, -1.243, 0.003] 65.934
[-0.211, -0.592, 0.366, -1.426, -1.192, 0.003] 66.899
[-0.262, -0.592, 0.315, -1.375, -1.141, 0.003] 66.808
[-0.314, -0.592, 0.263, -1.324, -1.089, 0.003] 66.575
[-0.365, -0.592, 0.212, -1.272, -1.038, 0.003] 49.057
[-0.416, -0.592, 0.161, -1.221, -0.987, 0.003] 76.862
[-0.467, -0.592, 0.11, -1.17, -0.936, 0.003] 57.251
[-0.518, -0.592, 0.059, -1.119, -0.885, 0.003] 66.118
[-0.57, -0.592, 0.008, -1.068, -0.833, 0.003] 56.625
[-0.621, -0.592, -0.038, -1.016, -0.789, 0.003] 61.675
[-0.672, -0.592, -0.06, -0.965, -0.768, 0.003] 81.592
[-0.723, -0.592, -0.07, -0.914, -0.758, 0.003] 67.921
[-0.774, -0.592, -0.075, -0.863, -0.754, 0.003] 51.168
[-0.826, -0.592, -0.077, -0.812, -0.752, 0.003] 48.762
[-0.877, -0.592, -0.078, -0.76, -0.751, 0.003] 66.785
[-0.928, -0.592, -0.079, -0.709, -0.75, 0.003] 64.924
[-0.979, -0.592, -0.079, -0.658, -0.75, 0.003] 66.471
[-1.03, -0.592, -0.079, -0.607, -0.75, 0.003] 60.739
[-1.082, -0.592, -0.079, -0.556, -0.75, 0.003] 73.335
[-1.133, -0.592, -0.079, -0.505, -0.75, 0.003] 66.09
[-1.184, -0.592, -0.079, -0.453, -0.75, 0.003] 67.102
[-1.221, -0.592, -0.079, -0.402, -0.75, 0.003] 48.666
[-1.238, -0.592, -0.079, -0.351, -0.75, 0.003] 65.831
[-1.246, -0.592, -0.079, -0.3, -0.75, 0.003] 68.658
[-1.25, -0.592, -0.079, -0.249, -0.75, 0.003] 65.025
[-1.252, -0.592, -0.079, -0.197, -0.75, 0.003] 67.579
[-1.252, -0.592, -0.079, -0.146, -0.75, 0.003] 47.552
[-1.253, -0.592, -0.079, -0.099, -0.75, 0.003] 68.358
[-1.253, -0.592, -0.079, -0.075, -0.75, 0.003] 67.167
[-1.253, -0.592, -0.079, -0.064, -0.75, 0.003] 67.089
[-1.202, -0.541, -0.028, -0.012, -0.801, 0.003] 49.247
[-1.151, -0.49, 0.022, 0.039, -0.852, 0.003] 65.921
[-1.099, -0.438, 0.05, 0.09, -0.904, 0.003] 67.486
[-1.048, -0.387, 0.063, 0.141, -0.955, 0.003] 66.997
[-0.997, -0.336, 0.069, 0.192, -1.006, 0.003] 49.427
[-0.946, -0.285, 0.072, 0.243, -1.057, 0.003] 68.607
[-0.895, -0.234, 0.073, 0.295, -1.108, 0.003] 64.107
[-0.843, -0.182, 0.073, 0.346, -1.16, 0.003] 66.966
[-0.792, -0.131, 0.074, 0.397, -1.211, 0.003] 55.034
[-0.741, -0.08, 0.074, 0.448, -1.262, 0.003] 60.172
[-0.69, -0.029, 0.074, 0.499, -1.313, 0.003] 69.186
[-0.639, 0.022, 0.074, 0.551, -1.364, 0.003] 65.815
[-0.587, 0.074, 0.074, 0.602, -1.406, 0.003] 66.595
[-0.536, 0.125, 0.074, 0.653, -1.425, 0.003] 54.28
[-0.485, 0.176, 0.074, 0.704, -1.433, 0.003] 62.063
[-0.434, 0.227, 0.074, 0.755, -1.438, 0.003] 66.708
[-0.383, 0.278, 0.074, 0.807, -1.439, 0.003] 65.931
[-0.331, 0.33, 0.074, 0.858, -1.44, 0.003] 67.274
[-0.28, 0.381, 0.074, 0.909, -1.441, 0.003] 55.693
[-0.229, 0.432, 0.074, 0.96, -1.441, 0.003] 63.526
[-0.178, 0.483, 0.074, 1.011, -1.441, 0.003] 67.843
[-0.127, 0.534, 0.074, 1.063, -1.441, 0.003] 40.873
[-0.075, 0.575, 0.074, 1.114, -1.441, 0.003] 72.283
[-0.024, 0.594, 0.074, 1.165, -1.441, 0.003] 66.659
[0.027, 0.603, 0.074, 1.216, -1.441, 0.003] 67.114
[0.078, 0.607, 0.074, 1.267, -1.441, 0.003] 53.223
[0.129, 0.608, 0.074, 1.319, -1.441, 0.003] 59.306
[0.181, 0.609, 0.074, 1.37, -1.441, 0.003] 70.216
[0.232, 0.61, 0.074, 1.421, -1.441, 0.003] 66.335
[0.283, 0.61, 0.074, 1.472, -1.441, 0.003] 68.028
[0.334, 0.61, 0.074, 1.523, -1.441, 0.003] 48.392
[0.385, 0.61, 0.074, 1.575, -1.441, 0.003] 65.338
[0.437, 0.61, 0.074, 1.626, -1.441, 0.003] 67.468
[0.488, 0.61, 0.074, 1.677, -1.441, 0.003] 66.542
[0.539, 0.61, 0.074, 1.724, -1.441, 0.003] 67.07
[0.59, 0.61, 0.074, 1.749, -1.441, 0.003] 66.457
[0.641, 0.61, 0.074, 1.76, -1.441, 0.003] 53.383
[0.693, 0.61, 0.074, 1.765, -1.441, 0.003] 63.292
[0.744, 0.61, 0.074, 1.768, -1.441, 0.003] 66.971
[0.795, 0.61, 0.074, 1.769, -1.441, 0.003] 66.237
[0.846, 0.61, 0.074, 1.77, -1.441, 0.003] 53.325
[0.897, 0.61, 0.074, 1.77, -1.441, 0.003] 62.143
[0.949, 0.61, 0.074, 1.77, -1.441, 0.003] 68.08
[1.0, 0.61, 0.074, 1.77, -1.441, 0.003] 65.199
[1.051, 0.61, 0.074, 1.77, -1.441, 0.003] 52.248
[1.102, 0.61, 0.074, 1.77, -1.441, 0.003] 65.314
[1.153, 0.61, 0.074, 1.77, -1.441, 0.003] 67.26
[1.205, 0.61, 0.074, 1.77, -1.441, 0.003] 66.108
[1.256, 0.61, 0.074, 1.77, -1.441, 0.003] 66.107
[1.307, 0.61, 0.074, 1.77, -1.441, 0.003] 66.356
[1.358, 0.61, 0.074, 1.77, -1.441, 0.003] 66.838
[1.409, 0.61, 0.074, 1.77, -1.441, 0.003] 67.366
[1.461, 0.61, 0.074, 1.77, -1.441, 0.003] 50.05
[1.512, 0.61, 0.074, 1.77, -1.441, 0.003] 65.208
[1.563, 0.61, 0.074, 1.77, -1.441, 0.003] 67.356
[1.614, 0.61, 0.074, 1.77, -1.441, 0.003] 66.663
[1.665, 0.61, 0.074, 1.77, -1.441, 0.003] 53.418
[1.717, 0.61, 0.074, 1.77, -1.441, 0.003] 64.713
[1.768, 0.61, 0.074, 1.77, -1.441, 0.003] 64.131
[1.819, 0.61, 0.074, 1.77, -1.441, 0.003] 55.565
[1.87, 0.61, 0.074, 1.77, -1.441, 0.003] 78.62
[1.921, 0.61, 0.074, 1.77, -1.441, 0.003] 66.56
[1.972, 0.61, 0.074, 1.77, -1.441, 0.003] 54.687
[2.024, 0.61, 0.074, 1.77, -1.441, 0.003] 61.989
[2.075, 0.61, 0.074, 1.77, -1.441, 0.003] 66.265
[2.126, 0.61, 0.074, 1.77, -1.441, 0.003] 66.759
[2.177, 0.61, 0.074, 1.77, -1.441, 0.003] 64.998
[2.228, 0.61, 0.074, 1.77, -1.441, 0.003] 55.216
[2.28, 0.61, 0.074, 1.77, -1.441, 0.003] 66.424
[2.331, 0.61, 0.074, 1.77, -1.441, 0.003] 61.134
[2.382, 0.61, 0.074, 1.77, -1.441, 0.003] 69.323
[2.433, 0.61, 0.074, 1.77, -1.441, 0.003] 65.22
[2.466, 0.61, 0.074, 1.77, -1.441, 0.003] 54.219
[2.482, 0.61, 0.074, 1.77, -1.441, 0.003] 62.85
[2.489, 0.61, 0.074, 1.77, -1.441, 0.003] 66.938
[2.438, 0.559, 0.023, 1.719, -1.39, 0.003] 66.192
[2.387, 0.527, -0.028, 1.668, -1.339, 0.003] 51.093
[2.335, 0.513, -0.08, 1.616, -1.287, 0.003] 65.728
[2.284, 0.506, -0.131, 1.565, -1.236, 0.003] 65.846
[2.233, 0.503, -0.182, 1.514, -1.185, 0.003] 67.232
[2.182, 0.501, -0.233, 1.463, -1.134, 0.003] 66.648
[2.131, 0.501, -0.284, 1.412, -1.083, 0.003] 65.989
[2.079, 0.5, -0.336, 1.361, -1.032, 0.003] 67.361
[2.028, 0.5, -0.387, 1.309, -0.98, 0.003] 49.975
[1.977, 0.5, -0.438, 1.258, -0.929, 0.003] 66.725
[1.926, 0.5, -0.489, 1.207, -0.878, 0.003] 65.996
[1.875, 0.5, -0.54, 1.156, -0.827, 0.003] 67.25
[1.823, 0.5, -0.592, 1.105, -0.776, 0.003] 65.525
[1.772, 0.5, -0.643, 1.053, -0.725, 0.003] 68.074
[1.721, 0.5, -0.694, 1.002, -0.673, 0.003] 49.061
[1.67, 0.5, -0.745, 0.951, -0.622, 0.003] 60.647
[1.619, 0.5, -0.796, 0.9, -0.571, 0.003] 71.682
[1.567, 0.5, -0.848, 0.849, -0.52, 0.003] 67.831
[1.516, 0.5, -0.899, 0.797, -0.469, 0.003] 67.353
[1.465, 0.5, -0.95, 0.746, -0.417, 0.003] 48.973
[1.414, 0.5, -1.001, 0.695, -0.366, 0.003] 66.768
[1.363, 0.5, -1.052, 0.644, -0.315, 0.003] 50.491
[1.311, 0.5, -1.104, 0.593, -0.264, 0.003] 66.444
[1.26, 0.5, -1.155, 0.542, -0.213, 0.003] 66.362
[1.209, 0.5, -1.203, 0.49, -0.162, 0.003] 66.066
[1.158, 0.5, -1.228, 0.439, -0.11, 0.003] 51.118
[1.107, 0.5, -1.24, 0.388, -0.059, 0.003] 66.207
[1.055, 0.5, -1.245, 0.337, -0.029, 0.003] 65.924
[1.004, 0.5, -1.248, 0.286, -0.015, 0.003] 65.945
[0.953, 0.5, -1.249, 0.235, -0.009, 0.003] 68.191
[0.902, 0.5, -1.25, 0.183, -0.006, 0.003] 66.026
[0.851, 0.5, -1.25, 0.132, -0.004, 0.003] 67.988
[0.799, 0.5, -1.25, 0.081, -0.003, 0.003] 48.298
[0.748, 0.5, -1.25, 0.038, -0.003, 0.003] 64.109
[0.697, 0.5, -1.25, 0.017, -0.003, 0.003] 53.818
[0.646, 0.5, -1.25, 0.008, -0.003, 0.003] 65.354
[0.595, 0.5, -1.25, 0.004, -0.003, 0.003] 67.396
[0.543, 0.5, -1.25, 0.002, -0.003, 0.003] 67.064
[0.492, 0.5, -1.25, 0.001, -0.003, 0.003] 65.402
[0.441, 0.5, -1.25, 0.0, -0.003, 0.003] 68.293
[0.39, 0.5, -1.25, 0.0, -0.003, 0.003] 36.537
[0.339, 0.5, -1.25, 0.0, -0.003, 0.003] 78.063
[0.287, 0.5, -1.25, 0.0, -0.003, 0.003] 66.955
[0.236, 0.5, -1.25, 0.0, -0.003, 0.003] 66.917
[0.185, 0.5, -1.25, 0.0, -0.003, 0.003] 68.004
[0.134, 0.5, -1.25, 0.0, -0.003, 0.003] 48.204
[0.083, 0.5, -1.25, 0.0, -0.003, 0.003] 66.353
[0.039, 0.5, -1.25, -0.0, -0.003, 0.003] 67.16
[0.018, 0.5, -1.25, -0.0, -0.003, 0.003] 66.39
[0.008, 0.5, -1.25, -0.0, -0.003, 0.003] 83.348
[0.004, 0.449, -1.199, -0.0, -0.001, 0.001] 39.463
[0.002, 0.398, -1.148, -0.0, -0.001, 0.001] 58.691
[0.001, 0.346, -1.096, -0.0, -0.0, 0.0] 67.811
[0.0, 0.295, -1.045, 0.0, -0.0, 0.0] 52.248
[0.0, 0.244, -0.994, 0.0, -0.0, 0.0] 64.444
[0.0, 0.193, -0.943, 0.0, -0.0, 0.0] 66.996
[0.0, 0.142, -0.892, 0.0, -0.0, 0.0] 65.831
[0.0, 0.09, -0.841, 0.0, -0.0, 0.0] 67.733
[0.0, 0.044, -0.789, 0.0, -0.0, 0.0] 66.233
[0.0, 0.02, -0.738, 0.0, -0.0, -0.0] 66.375
[0.0, 0.009, -0.687, 0.0, -0.0, -0.0] 49.05
[0.0, 0.004, -0.636, 0.0, -0.0, 0.0] 68.416
[0.0, 0.002, -0.585, 0.0, -0.0, -0.0] 66.508
[0.0, 0.001, -0.533, 0.0, -0.0, -0.0] 66.444
[0.0, 0.0, -0.482, 0.0, -0.0, 0.0] 66.292
[0.0, 0.0, -0.431, 0.0, -0.0, 0.0] 56.05
[0.0, 0.0, -0.38, 0.0, -0.0, -0.0] 60.081
[0.0, 0.0, -0.329, 0.0, -0.0, -0.0] 269.443
[0.0, 0.0, -0.277, 0.0, -0.0, 0.0] 168.301
[0.0, 0.0, -0.226, 0.0, -0.0, -0.0] 129.181
[0.0, 0.0, -0.175, 0.0, -0.0, 0.0] 61.174
[0.0, 0.0, -0.124, 0.0, -0.0, 0.0] 34.441
[0.0, 0.0, -0.073, 0.0, -0.0, -0.0] 38.551
[0.0, -0.0, -0.034, 0.0, -0.0, -0.0] 48.819
[0.0, -0.0, -0.016, 0.0, -0.0, -0.0] 66.359
[0.0, -0.0, -0.007, 0.0, -0.0, -0.0] 66.319
