[-0.0, -0.0, 0.0, 0.0, -0.0, 0.0] 63.745
[0.048, -0.051, 0.051, -0.051, -0.051, 0.002] 69.602
[0.074, -0.102, 0.102, -0.102, -0.102, 0.002] 50.274
[0.086, -0.154, 0.154, -0.154, -0.153, 0.003] 65.108
[0.091, -0.205, 0.205, -0.205, -0.205, 0.003] 66.995
[0.094, -0.256, 0.256, -0.256, -0.256, 0.003] 57.655
[0.095, -0.307, 0.307, -0.307, -0.307, 0.003] 60.148
[0.096, -0.358, 0.358, -0.358, -0.358, 0.003] 66.531
[0.096, -0.41, 0.409, -0.41, -0.409, 0.003] 63.538
[0.096, -0.461, 0.461, -0.461, -0.46, 0.003] 86.156
[0.096, -0.512, 0.512, -0.512, -0.511, 0.003] 53.841
[0.096, -0.555, 0.563, -0.563, -0.563, 0.003] 61.966
[0.096, -0.575, 0.614, -0.614, -0.614, 0.003] 82.873
[0.096, -0.584, 0.646, -0.665, -0.665, 0.003] 55.133
[0.096, -0.588, 0.66, -0.717, -0.716, 0.003] 61.661
[0.096, -0.59, 0.667, -0.768, -0.767, 0.003] 66.815
[0.096, -0.591, 0.67, -0.819, -0.819, 0.003] 82.37
[0.096, -0.592, 0.672, -0.87, -0.87, 0.003] 66.719
[0.096, -0.592, 0.672, -0.921, -0.921, 0.003] 51.373
[0.096, -0.592, 0.673, -0.973, -0.972, 0.003] 66.282
[0.096, -0.592, 0.673, -1.024, -1.023, 0.003] 82.689
[0.096, -0.592, 0.673, -1.075, -1.075, 0.003] 55.132
[0.096, -0.592, 0.673, -1.126, -1.126, 0.003] 59.916
[0.096, -0.592, 0.673, -1.177, -1.177, 0.003] 68.493
[0.096, -0.592, 0.673, -1.229, -1.228, 0.003] 82.629
[0.096, -0.592, 0.673, -1.28, -1.279, 0.003] 55.488
[0.096, -0.592, 0.673, -1.331, -1.331, 0.003] 60.999
[0.096, -0.592, 0.673, -1.382, -1.382, 0.003] 67.131
[0.096, -0.592, 0.673, -1.433, -1.433, 0.003] 63.798
[0.096, -0.592, 0.673, -1.485, -1.468, 0.003] 68.007
[0.096, -0.592, 0.673, -1.536, -1.485, 0.003] 51.131
[0.096, -0.592, 0.673, -1.587, -1.492, 0.003] 82.645
[0.096, -0.592, 0.673, -1.638, -1.496, 0.003] 67.509
[0.096, -0.592, 0.673, -1.688, -1.498, 0.003] 66.12
[0.096, -0.592, 0.673, -1.715, -1.498, 0.003] 66.575
[0.096, -0.592, 0.673, -1.727, -1.499, 0.003] 66.482
[0.096, -0.592, 0.673, -1.733, -1.499, 0.003] 65.911
[0.045, -0.592, 0.622, -1.682, -1.448, 0.003] 66.862
[-0.006, -0.592, 0.571, -1.631, -1.397, 0.003] 49.769
[-0.058, -0.592, 0.519, -1.579, -1.345, 0.003] 67.268
[-0.109, -0.592, 0.468, -1.528, -1.294, 0.003] 66.834
[-0.16, -0.592, 0.417, -1.477, -1.243, 0.003] 67.357
[-0.211, -0.592, 0.366, -1.426, -1.192, 0.003] 48.979
[-0.262, -0.592, 0.315, -1.375, -1.141, 0.003] 67.204
[-0.314, -0.592, 0.263, -1.324, -1.089, 0.003] 67.821
[-0.365, -0.592, 0.212, -1.272, -1.038, 0.003] 64.977
[-0.416, -0.592, 0.161, -1.221, -0.987, 0.003] 68.298
[-0.467, -0.592, 0.11, -1.17, -0.936, 0.003] 48.319
[-0.518, -0.592, 0.059, -1.119, -0.885, 0.003] 66.547
[-0.57, -0.592, 0.008, -1.068, -0.833, 0.003] 66.83
[-0.621, -0.592, -0.038, -1.016, -0.789, 0.003] 66.79
[-0.672, -0.592, -0.06, -0.965, -0.768, 0.003] 53.658
[-0.723, -0.592, -0.07, -0.914, -0.758, 0.003] 61.929
[-0.774, -0.592, -0.075, -0.863, -0.754, 0.003] 67.222
[-0.826, -0.592, -0.077, -0.812, -0.752, 0.003] 68.64
[-0.877, -0.592, -0.078, -0.76, -0.751, 0.003] 64.518
[-0.928, -0.592, -0.079, -0.709, -0.75, 0.003] 49.752
[-0.979, -0.592, -0.079, -0.658, -0.75, 0.003] 66.902
[-1.03, -0.592, -0.079, -0.607, -0.75, 0.003] 67.528
[-1.082, -0.592, -0.079, -0.556, -0.75, 0.003] 65.414
[-1.133, -0.592, -0.079, -0.505, -0.75, 0.003] 66.96
[-1.184, -0.592, -0.079, -0.453, -0.75, 0.003] 49.836
[-1.221, -0.592, -0.079, -0.402, -0.75, 0.003] 67.545
[-1.238, -0.592, -0.079, -0.351, -0.75, 0.003] 66.25
[-1.246, -0.592, -0.079, -0.3, -0.75, 0.003] 66.185
[-1.25, -0.592, -0.079, -0.249, -0.75, 0.003] 68.015
[-1.252, -0.592, -0.079, -0.197, -0.75, 0.003] 48.792
[-1.252, -0.592, -0.079, -0.146, -0.75, 0.003] 65.951
[-1.253, -0.592, -0.079, -0.099, -0.75, 0.003] 66.952
[-1.253, -0.592, -0.079, -0.075, -0.75, 0.003] 66.583
[-1.253, -0.592, -0.079, -0.064, -0.75, 0.003] 66.928
[-1.202, -0.541, -0.028, -0.012, -0.801, 0.003] 48.512
[-1.151, -0.49, 0.022, 0.039, -0.852, 0.003] 68.514
[-1.099, -0.438, 0.05, 0.09, -0.904, 0.003] 66.331
[-1.048, -0.387, 0.063, 0.141, -0.955, 0.003] 65.706
[-0.997, -0.336, 0.069, 0.192, -1.006, 0.003] 47.978
[-0.946, -0.285, 0.072, 0.243, -1.057, 0.003] 68.422
[-0.895, -0.234, 0.073, 0.295, -1.108, 0.003] 67.099
[-0.843, -0.182, 0.073, 0.346, -1.16, 0.003] 67.267
[-0.792, -0.131, 0.074, 0.397, -1.211, 0.003] 49.008
[-0.741, -0.08, 0.074, 0.448, -1.262, 0.003] 66.625
[-0.69, -0.029, 0.074, 0.499, -1.313, 0.003] 66.108
[-0.639, 0.022, 0.074, 0.551, -1.364, 0.003] 67.583
[-0.587, 0.074, 0.074, 0.602, -1.406, 0.003] 66.398
[-0.536, 0.125, 0.074, 0.653, -1.425, 0.003] 50.128
[-0.485, 0.176, 0.074, 0.704, -1.433, 0.003] 65.802
[-0.434, 0.227, 0.074, 0.755, -1.438, 0.003] 67.55
[-0.383, 0.278, 0.074, 0.807, -1.439, 0.003] 66.513
[-0.331, 0.33, 0.074, 0.858, -1.44, 0.003] 65.356
[-0.28, 0.381, 0.074, 0.909, -1.441, 0.003] 66.687
[-0.229, 0.432, 0.074, 0.96, -1.441, 0.003] 50.436
[-0.178, 0.483, 0.074, 1.011, -1.441, 0.003] 66.588
[-0.127, 0.534, 0.074, 1.063, -1.441, 0.003] 66.764
[-0.075, 0.575, 0.074, 1.114, -1.441, 0.003] 53.504
[-0.024, 0.594, 0.074, 1.165, -1.441, 0.003] 67.185
[0.027, 0.603, 0.074, 1.216, -1.441, 0.003] 62.549
[0.078, 0.607, 0.074, 1.267, -1.441, 0.003] 67.508
[0.129, 0.608, 0.074, 1.319, -1.441, 0.003] 65.147
[0.181, 0.609, 0.074, 1.37, -1.441, 0.003] 50.482
[0.232, 0.61, 0.074, 1.421, -1.441, 0.003] 66.587
[0.283, 0.61, 0.074, 1.472, -1.441, 0.003] 66.38
[0.334, 0.61, 0.074, 1.523, -1.441, 0.003] 66.691
[0.385, 0.61, 0.074, 1.575, -1.441, 0.003] 66.186
[0.437, 0.61, 0.074, 1.626, -1.441, 0.003] 66.251
[0.488, 0.61, 0.074, 1.677, -1.441, 0.003] 54.965
[0.539, 0.61, 0.074, 1.724, -1.441, 0.003] 59.84
[0.59, 0.61, 0.074, 1.749, -1.441, 0.003] 53.868
[0.641, 0.61, 0.074, 1.76, -1.441, 0.003] 65.637
[0.693, 0.61, 0.074, 1.765, -1.441, 0.003] 66.904
[0.744, 0.61, 0.074, 1.768, -1.441, 0.003] 66.275
[0.795, 0.61, 0.074, 1.769, -1.441, 0.003] 66.432
[0.846, 0.61, 0.074, 1.77, -1.441, 0.003] 53.89
[0.897, 0.61, 0.074, 1.77, -1.441, 0.003] 63.598
[0.949, 0.61, 0.074, 1.77, -1.441, 0.003] 65.193
[1.0, 0.61, 0.074, 1.77, -1.441, 0.003] 48.246
[1.051, 0.61, 0.074, 1.77, -1.441, 0.003] 69.305
[1.102, 0.61, 0.074, 1.77, -1.441, 0.003] 66.211
[1.153, 0.61, 0.074, 1.77, -1.441, 0.003] 66.575
[1.205, 0.61, 0.074, 1.77, -1.441, 0.003] 66.9
[1.256, 0.61, 0.074, 1.77, -1.441, 0.003] 66.462
[1.307, 0.61, 0.074, 1.77, -1.441, 0.003] 54.795
[1.358, 0.61, 0.074, 1.77, -1.441, 0.003] 50.072
[1.409, 0.61, 0.074, 1.77, -1.441, 0.003] 62.48
[1.461, 0.61, 0.074, 1.77, -1.441, 0.003] 65.518
[1.512, 0.61, 0.074, 1.77, -1.441, 0.003] 67.183
[1.563, 0.61, 0.074, 1.77, -1.441, 0.003] 66.574
[1.614, 0.61, 0.074, 1.77, -1.441, 0.003] 66.115
[1.665, 0.61, 0.074, 1.77, -1.441, 0.003] 66.563
[1.717, 0.61, 0.074, 1.77, -1.441, 0.003] 54.875
[1.768, 0.61, 0.074, 1.77, -1.441, 0.003] 62.742
[1.819, 0.61, 0.074, 1.77, -1.441, 0.003] 63.238
[1.87, 0.61, 0.074, 1.77, -1.441, 0.003] 69.797
[1.921, 0.61, 0.074, 1.77, -1.441, 0.003] 65.794
[1.972, 0.61, 0.074, 1.77, -1.441, 0.003] 55.615
[2.024, 0.61, 0.074, 1.77, -1.441, 0.003] 64.343
[2.075, 0.61, 0.074, 1.77, -1.441, 0.003] 62.15
[2.126, 0.61, 0.074, 1.77, -1.441, 0.003] 67.446
[2.177, 0.61, 0.074, 1.77, -1.441, 0.003] 67.136
[2.228, 0.61, 0.074, 1.77, -1.441, 0.003] 66.529
[2.28, 0.61, 0.074, 1.77, -1.441, 0.003] 49.665
[2.331, 0.61, 0.074, 1.77, -1.441, 0.003] 66.615
[2.382, 0.61, 0.074, 1.77, -1.441, 0.003] 67.733
[2.433, 0.61, 0.074, 1.77, -1.441, 0.003] 65.672
[2.466, 0.61, 0.074, 1.77, -1.441, 0.003] 67.404
[2.482, 0.61, 0.074, 1.77, -1.441, 0.003] 49.19
[2.489, 0.61, 0.074, 1.77, -1.441, 0.003] 66.546
[2.438, 0.559, 0.023, 1.719, -1.39, 0.003] 67.056
[2.387, 0.527, -0.028, 1.668, -1.339, 0.003] 83.522
[2.335, 0.513, -0.08, 1.616, -1.287, 0.003] 67.337
[2.284, 0.506, -0.131, 1.565, -1.236, 0.003] 54.989
[2.233, 0.503, -0.182, 1.514, -1.185, 0.003] 60.183
[2.182, 0.501, -0.233, 1.463, -1.134, 0.003] 61.181
[2.131, 0.501, -0.284, 1.412, -1.083, 0.003] 72.193
[2.079, 0.5, -0.336, 1.361, -1.032, 0.003] 66.136
[2.028, 0.5, -0.387, 1.309, -0.98, 0.003] 67.147
[1.977, 0.5, -0.438, 1.258, -0.929, 0.003] 48.426
[1.926, 0.5, -0.489, 1.207, -0.878, 0.003] 68.006
[1.875, 0.5, -0.54, 1.156, -0.827, 0.003] 66.298
[1.823, 0.5, -0.592, 1.105, -0.776, 0.003] 66.992
[1.772, 0.5, -0.643, 1.053, -0.725, 0.003] 49.395
[1.721, 0.5, -0.694, 1.002, -0.673, 0.003] 66.658
[1.67, 0.5, -0.745, 0.951, -0.622, 0.003] 66.996
[1.619, 0.5, -0.796, 0.9, -0.571, 0.003] 50.317
[1.567, 0.5, -0.848, 0.849, -0.52, 0.003] 66.95
[1.516, 0.5, -0.899, 0.797, -0.469, 0.003] 65.603
[1.465, 0.5, -0.95, 0.746, -0.417, 0.003] 67.358
[1.414, 0.5, -1.001, 0.695, -0.366, 0.003] 65.483
[1.363, 0.5, -1.052, 0.644, -0.315, 0.003] 67.511
[1.311, 0.5, -1.104, 0.593, -0.264, 0.003] 51.471
[1.26, 0.5, -1.155, 0.542, -0.213, 0.003] 65.406
[1.209, 0.5, -1.203, 0.49, -0.162, 0.003] 63.925
[1.158, 0.5, -1.228, 0.439, -0.11, 0.003] 66.21
[1.107, 0.5, -1.24, 0.388, -0.059, 0.003] 68.929
[1.055, 0.5, -1.245, 0.337, -0.029, 0.003] 52.57
[1.004, 0.5, -1.248, 0.286, -0.015, 0.003] 63.833
[0.953, 0.5, -1.249, 0.235, -0.009, 0.003] 66.627
[0.902, 0.5, -1.25, 0.183, -0.006, 0.003] 68.268
[0.851, 0.5, -1.25, 0.132, -0.004, 0.003] 52.632
[0.799, 0.5, -1.25, 0.081, -0.003, 0.003] 62.408
[0.748, 0.5, -1.25, 0.038, -0.003, 0.003] 65.183
[0.697, 0.5, -1.25, 0.017, -0.003, 0.003] 64.772
[0.646, 0.5, -1.25, 0.008, -0.003, 0.003] 70.87
[0.595, 0.5, -1.25, 0.004, -0.003, 0.003] 51.914
[0.543, 0.5, -1.25, 0.002, -0.003, 0.003] 63.589
[0.492, 0.5, -1.25, 0.001, -0.003, 0.003] 66.606
[0.441, 0.5, -1.25, 0.0, -0.003, 0.003] 66.673
[0.39, 0.5, -1.25, 0.0, -0.003, 0.003] 54.011
[0.339, 0.5, -1.25, 0.0, -0.003, 0.003] 60.998
[0.287, 0.5, -1.25, 0.0, -0.003, 0.003] 68.376
[0.236, 0.5, -1.25, 0.0, -0.003, 0.003] 66.34
[0.185, 0.5, -1.25, 0.0, -0.003, 0.003] 66.454
[0.134, 0.5, -1.25, 0.0, -0.003, 0.003] 67.37
[0.083, 0.5, -1.25, 0.0, -0.003, 0.003] 49.518
[0.039, 0.5, -1.25, -0.0, -0.003, 0.003] 66.124
[0.018, 0.5, -1.25, -0.0, -0.003, 0.003] 67.506
[0.008, 0.5, -1.25, -0.0, -0.003, 0.003] 66.922
[0.004, 0.449, -1.199, -0.0, -0.001, 0.001] 67.374
[0.002, 0.398, -1.148, -0.0, -0.001, 0.001] 64.862
[0.001, 0.346, -1.096, -0.0, -0.0, 0.0] 49.141
[0.0, 0.295, -1.045, 0.0, -0.0, 0.0] 68.183
[0.0, 0.244, -0.994, 0.0, -0.0, 0.0] 65.683
[0.0, 0.193, -0.943, 0.0, -0.0, 0.0] 66.949
[0.0, 0.142, -0.892, 0.0, -0.0, 0.0] 52.727
[0.0, 0.09, -0.841, 0.0, -0.0, 0.0] 62.801
[0.0, 0.044, -0.789, 0.0, -0.0, 0.0] 67.384
[0.0, 0.02, -0.738, 0.0, -0.0, -0.0] 66.425
[0.0, 0.009, -0.687, 0.0, -0.0, -0.0] 52.612
[0.0, 0.004, -0.636, 0.0, -0.0, 0.0] 64.574
[0.0, 0.002, -0.585, 0.0, -0.0, -0.0] 66.674
[0.0, 0.001, -0.533, 0.0, -0.0, -0.0] 66.02
[0.0, 0.0, -0.482, 0.0, -0.0, 0.0] 53.129
[0.0, 0.0, -0.431, 0.0, -0.0, 0.0] 63.456
[0.0, 0.0, -0.38, 0.0, -0.0, -0.0] 66.816
[0.0, 0.0, -0.329, 0.0, -0.0, -0.0] 66.398
[0.0, 0.0, -0.277, 0.0, -0.0, 0.0] 50.571
[0.0, 0.0, -0.226, 0.0, -0.0, -0.0] 65.727
[0.0, 0.0, -0.175, 0.0, -0.0, 0.0] 66.773
[0.0, 0.0, -0.124, 0.0, -0.0, 0.0] 66.552
[0.0, 0.0, -0.073, 0.0, -0.0, -0.0] 66.839
[0.0, -0.0, -0.034, 0.0, -0.0, -0.0] 66.697
[0.0, -0.0, -0.016, 0.0, -0.0, -0.0] 49.561
[0.0, -0.0, -0.007, 0.0, -0.0, -0.0] 67.476
